35
5
90 117 93 96 114 133 70 53 88 83 96 127 62 55 83 89 50 70 148 72 128 88 89 86 148 108 70 129 85 136 115 123 95 87 61 
138 100 117 138 147 50 123 77 130 137 68 90 70 106 139 106 51 128 93 123 86 99 75 52 131 76 130 109 67 104 68 148 126 131 62 
117 144 50 134 55 106 77 110 78 133 67 51 88 82 64 99 73 149 102 69 51 108 88 106 113 126 56 72 126 116 138 55 148 141 62 
124 111 88 80 108 144 144 100 118 71 101 147 131 118 120 78 130 51 72 69 111 54 50 130 124 131 142 79 63 120 93 129 99 150 94 
63 71 135 86 103 93 133 73 124 106 102 52 114 143 111 88 53 128 127 85 148 62 83 96 68 111 115 106 64 92 124 63 104 112 149 
98 97 87 99 114 61 97 75 110 102 78 79 122 82 114 107 51 112 87 114 83 120 81 123 68 76 86 87 97 114 100 79 106 123 75 
91 68 79 57 66 96 74 117 84 91 90 76 90 98 102 102 113 74 75 114 102 118 124 92 61 80 108 59 91 50 95 92 108 114 104 
81 60 92 110 85 113 53 84 107 118 64 94 122 110 93 73 56 72 93 70 81 74 101 91 117 112 100 73 64 98 123 50 86 104 64 
110 76 85 107 123 74 74 53 65 120 68 79 55 58 92 101 88 75 106 52 109 102 69 102 79 120 105 77 59 56 118 86 124 92 52 
102 108 70 94 81 91 75 59 94 53 124 107 51 75 106 106 97 104 61 118 79 115 55 66 91 63 90 111 77 70 81 86 99 79 86 
169 165 177 106 137 149 105 196 116 186 121 170 181 151 144 183 100 178 155 199 105 130 139 113 137 135 200 190 138 149 156 134 117 156 157 
18 24 16 14 16 15 22 17 12 16 25 13 16 21 23 13 24 14 19 13 23 23 25 13 14 13 25 25 20 22 24 16 16 15 13 
16 20 24 22 25 19 17 25 16 23 25 17 14 18 13 17 19 23 23 15 22 12 21 13 17 15 17 20 12 22 25 14 23 25 12 
18 19 24 12 18 12 21 24 20 21 17 23 25 25 25 22 14 16 16 15 14 18 17 23 22 20 18 25 23 16 18 16 24 12 14 
23 23 17 14 15 20 24 16 12 12 21 18 25 16 20 25 16 21 14 15 23 18 25 16 14 19 17 16 20 20 22 13 16 15 13 
15 24 23 13 23 13 16 13 17 19 15 20 22 22 19 16 22 19 20 14 22 20 12 25 13 15 23 19 23 17 19 20 20 21 17 
8 12 12 9 11 10 7 12 9 5 11 8 7 12 5 7 8 6 7 10 9 5 9 5 11 6 7 7 9 9 10 5 11 12 12 
8 10 12 6 11 6 7 12 9 12 12 12 7 11 12 10 6 9 5 8 12 9 12 12 11 9 11 10 10 9 11 12 10 6 12 
7 12 7 10 8 9 7 10 7 10 5 6 11 9 9 5 5 8 8 7 9 9 10 7 11 5 9 10 6 8 5 7 11 5 6 
7 8 7 9 7 7 8 6 12 8 5 9 6 9 9 8 8 5 8 5 7 11 7 5 8 9 11 7 7 9 7 9 6 11 11 
8 11 10 9 6 5 11 8 9 8 11 7 9 6 9 10 10 8 12 9 11 6 6 10 6 12 9 11 9 6 9 12 12 5 11 
5 5 10 11 12 8 10 12 10 11 10 12 6 9 5 6 9 12 12 12 12 8 5 12 7 6 8 10 12 7 5 7 12 10 10 
9 8 8 12 11 10 5 12 6 12 9 12 7 9 8 9 11 11 7 11 9 5 8 11 7 10 7 5 8 6 6 6 12 12 7 
7 8 7 8 11 7 12 11 5 9 7 6 6 12 6 9 6 8 12 6 8 7 7 6 11 5 11 9 5 12 7 6 11 11 9 
12 7 8 6 7 9 12 5 8 10 6 5 6 12 10 11 10 6 11 9 10 7 6 11 11 8 10 11 12 7 5 8 9 9 8 
11 5 8 6 10 12 6 9 8 8 8 6 12 10 6 10 9 12 10 12 6 12 7 12 7 11 12 5 12 6 9 8 9 5 9 
9 6 11 9 5 7 6 8 12 6 7 7 12 7 11 11 6 5 11 9 5 11 9 9 12 6 5 6 6 9 7 5 12 9 5 
12 11 10 7 5 5 9 9 10 9 11 9 11 5 6 10 7 10 7 7 7 8 12 12 9 12 11 10 11 8 11 10 6 10 9 
12 6 7 5 8 7 10 6 12 10 7 11 7 8 5 12 5 6 11 8 12 9 10 8 7 12 12 12 9 8 11 12 5 12 5 
10 11 5 6 6 5 7 6 10 11 5 5 8 11 5 5 8 5 7 7 6 6 8 8 12 12 10 5 11 10 6 12 8 11 5 
5 5 12 11 9 5 5 5 10 12 9 12 12 6 7 11 11 7 7 6 12 11 9 11 8 7 10 5 6 7 8 6 8 9 9 
5 9 10 7 9 5 9 6 5 10 9 9 12 6 10 10 6 9 9 9 12 12 6 6 8 10 7 10 9 6 12 11 6 5 11 
7 8 5 5 12 5 6 8 12 11 8 6 6 9 6 6 11 12 10 10 7 9 8 9 9 5 7 5 12 5 5 7 6 11 10 
9 9 7 9 5 9 7 10 5 5 7 12 10 9 12 9 9 11 5 9 11 12 11 12 12 10 11 10 6 12 10 5 6 6 9 
10 7 5 8 12 6 5 7 9 6 9 11 9 5 10 6 12 6 5 11 11 8 6 8 11 8 9 12 5 11 10 11 9 6 11 
8 12 9 7 10 7 8 12 10 11 12 6 12 9 11 10 12 7 11 8 11 8 5 5 10 10 7 7 6 7 10 10 5 12 6 
10 8 6 10 10 9 5 8 5 6 9 8 12 7 5 12 7 5 9 5 7 11 5 12 11 10 10 11 9 7 11 5 8 8 12 
10 11 7 10 8 9 5 11 7 11 11 7 11 5 5 7 8 8 8 5 9 7 6 12 9 9 7 10 6 7 10 11 10 7 12 
7 12 8 8 7 6 6 9 12 8 8 12 9 6 8 9 10 6 11 10 5 12 10 5 7 9 8 7 10 9 5 10 6 12 10 
8 6 7 6 8 5 12 9 9 8 7 7 5 5 11 7 8 12 12 12 8 5 6 11 7 10 6 6 6 6 7 9 5 7 9 
12 9 8 5 8 5 10 11 5 12 12 7 10 5 9 10 7 9 9 5 8 9 10 11 11 11 8 7 12 6 10 12 6 11 7 
12 5 8 9 11 9 7 10 5 6 12 12 12 10 7 5 6 7 6 10 7 9 7 11 12 10 12 8 8 5 7 10 9 7 9 
5 5 12 6 12 10 9 11 6 11 6 11 8 10 7 5 11 10 11 10 7 12 12 6 8 5 8 5 7 5 7 8 5 11 6 
8 12 7 12 10 6 8 11 12 10 7 9 7 11 12 8 5 12 8 10 5 10 11 9 12 8 6 5 6 9 11 7 6 9 12 
7 10 12 10 9 11 12 7 5 11 5 5 7 8 11 8 12 8 6 10 6 5 5 6 9 11 9 7 7 7 11 9 9 11 9 
8 8 7 5 8 11 10 6 5 9 10 11 12 9 8 5 10 8 7 12 11 11 6 5 5 6 12 11 7 12 12 12 12 7 9 
5 12 11 12 8 12 6 12 12 5 11 12 6 11 7 11 7 7 11 8 6 7 11 5 8 12 6 6 5 5 8 9 5 10 12 
8 10 11 6 5 7 9 8 5 9 5 11 9 6 9 8 9 12 12 7 9 10 10 8 8 5 10 9 6 12 9 7 7 12 8 
8 6 11 10 9 11 7 9 11 7 7 9 11 8 5 12 10 8 10 7 10 11 10 5 11 9 10 11 12 8 7 12 6 6 8 
6 5 5 7 5 8 8 12 6 12 5 11 7 12 12 7 5 12 7 7 5 5 9 7 7 11 12 10 8 6 6 7 7 6 12 
10 10 10 10 12 10 11 9 5 5 12 10 9 10 5 11 9 10 9 7 12 5 12 10 5 10 9 6 7 12 10 7 6 9 9 
6 8 12 8 12 12 6 12 5 9 8 7 7 10 12 5 11 8 5 7 11 9 12 7 5 8 12 11 7 5 9 5 11 7 12 
10 5 6 10 10 11 6 6 8 12 9 11 10 12 12 7 11 7 5 5 7 11 11 9 7 11 6 9 6 10 9 10 10 5 6 
9 7 12 8 12 9 10 6 7 8 10 7 11 9 5 9 12 11 9 7 10 7 12 10 11 11 10 6 6 8 11 9 11 11 9 
8 10 9 8 10 9 7 6 9 9 9 5 6 11 9 7 12 7 10 10 8 6 5 12 7 9 12 8 9 8 6 9 12 8 10 
7 12 7 7 8 10 10 11 9 11 9 10 5 10 8 10 12 8 10 12 8 11 9 6 12 5 9 7 6 7 6 10 6 5 10 
7 7 11 12 6 6 8 6 6 9 10 5 5 11 11 6 8 5 10 7 5 6 5 12 7 5 6 12 10 6 11 11 8 12 11 
8 12 7 5 10 12 6 11 6 12 6 8 12 9 11 5 12 11 6 10 11 6 9 11 10 10 7 8 8 10 7 10 7 11 10 
11 5 6 10 6 12 7 6 7 11 6 11 11 6 6 6 11 12 12 7 5 8 10 8 12 11 5 7 9 7 12 7 9 7 10 
6 9 5 6 10 8 11 8 5 12 7 7 11 8 9 9 10 12 6 10 9 5 10 9 12 7 10 7 7 8 8 9 9 6 10 
8 11 12 5 8 8 9 5 5 8 10 9 5 8 9 5 9 12 5 7 5 7 12 6 11 10 7 8 11 11 5 12 7 8 10 
7 11 5 9 10 10 10 8 11 7 9 11 11 9 6 12 9 11 8 9 5 10 7 6 7 8 6 5 9 9 10 11 10 12 12 
12 5 12 12 10 9 8 6 10 10 8 10 8 8 9 6 5 6 10 7 5 6 8 8 6 10 7 9 5 6 10 12 11 5 12 
12 8 10 8 7 7 8 7 6 11 11 8 10 8 9 12 9 5 11 10 9 8 8 8 12 10 12 12 5 5 12 10 10 11 6 
7 11 9 7 5 10 12 12 7 11 10 5 8 6 5 7 7 10 11 10 6 12 10 10 11 8 10 9 6 8 11 5 12 11 8 
6 12 7 12 10 8 10 12 12 6 5 5 11 7 10 8 7 7 8 11 10 7 5 11 12 8 11 6 7 9 6 5 12 10 5 
9 5 9 6 6 5 5 7 6 5 10 10 7 9 5 9 7 10 8 11 6 5 7 5 6 12 12 5 7 11 8 11 6 6 11 
8 6 8 7 11 7 7 8 10 6 7 6 6 6 12 5 11 5 12 12 6 10 12 6 7 6 10 6 9 8 11 6 8 6 6 
10 11 8 8 8 9 7 9 11 8 6 7 8 12 8 9 8 6 10 7 7 5 10 9 12 9 9 5 10 5 5 5 7 12 10 
8 11 8 9 7 11 7 9 10 7 7 6 5 8 11 7 6 6 7 12 8 9 8 8 12 7 8 11 6 5 8 12 6 9 6 
5 9 8 10 6 7 11 12 7 6 7 8 8 7 5 12 11 7 7 9 5 9 12 8 9 9 6 7 6 12 10 12 10 7 8 
10 6 5 12 10 11 5 12 11 5 11 10 5 8 6 12 10 9 10 10 6 6 7 8 8 8 9 6 10 8 9 12 6 8 12 
9 9 11 11 6 5 7 11 6 9 10 5 9 11 11 9 10 9 10 6 5 12 11 5 12 7 7 7 12 7 12 12 12 10 6 
6 6 5 5 5 9 9 9 12 6 5 11 12 9 10 6 8 11 11 6 8 6 11 8 9 8 12 10 5 11 5 12 8 12 12 
7 11 11 12 5 12 10 8 10 5 10 9 9 11 10 12 10 10 10 8 10 8 7 6 11 7 7 9 6 7 8 9 6 12 11 
11 7 11 7 11 7 10 12 5 11 9 12 7 5 12 9 11 5 10 11 12 6 11 8 7 11 5 9 5 9 7 11 5 6 10 
11 7 10 5 6 6 5 8 8 6 10 12 10 7 10 9 10 7 12 7 6 7 11 9 8 7 8 6 9 12 10 10 7 11 12 
5 9 6 6 10 5 6 6 11 7 9 8 11 5 7 11 12 8 8 7 10 6 8 12 8 6 5 12 9 11 8 12 10 5 10 
6 6 12 10 11 9 6 12 7 10 11 11 5 11 8 10 5 10 9 8 12 5 10 10 11 9 7 5 10 12 10 5 6 12 5 
7 8 7 9 6 8 12 6 12 10 10 12 6 8 8 9 6 8 5 12 11 7 9 10 11 6 11 7 12 5 12 8 8 5 11 
6 7 10 11 12 9 8 11 5 12 5 12 8 10 8 8 6 7 9 8 6 10 9 7 5 10 11 6 12 11 11 7 5 8 5 
6 7 11 9 12 10 11 6 6 12 6 5 6 6 7 8 8 9 9 10 8 5 5 8 10 10 8 9 10 8 9 10 5 5 9 
5 7 5 12 10 6 7 7 6 7 5 11 12 8 12 9 10 6 5 5 5 8 11 8 7 11 5 9 8 8 7 12 10 11 12 
6 10 12 7 8 12 11 11 10 5 8 6 9 7 9 5 12 9 8 12 11 5 12 6 9 7 6 12 12 10 7 9 10 12 9 
5 7 5 11 7 12 12 8 9 10 11 10 7 7 5 10 8 8 12 12 9 8 7 9 6 8 12 5 10 8 10 11 8 12 11 
5 11 10 8 8 11 11 6 7 9 9 7 7 6 8 12 11 7 7 9 9 11 9 9 12 7 7 12 11 10 8 6 10 5 12 
10 8 6 5 7 9 5 7 9 5 5 10 11 9 7 6 12 12 12 6 8 12 10 7 9 10 9 11 12 11 6 9 9 8 8 
8 6 9 9 12 11 6 6 7 11 6 11 12 9 11 9 8 9 5 9 10 9 6 6 12 7 6 6 10 5 9 9 11 11 5 
6 6 11 8 9 7 11 10 9 9 6 6 10 6 12 7 6 5 12 9 9 12 7 5 5 6 6 9 11 6 6 7 11 5 11 
5 6 9 12 5 10 6 5 5 6 9 10 10 7 11 11 9 10 10 10 7 10 6 5 9 12 11 8 6 10 10 11 11 5 5 
12 7 6 11 6 9 7 8 10 6 5 9 12 8 8 7 10 11 7 10 9 10 6 7 9 9 9 5 9 12 5 12 5 8 5 
7 7 8 11 12 5 12 7 10 10 12 5 10 7 11 10 9 10 10 7 5 7 10 9 5 7 7 8 6 7 9 6 11 10 12 
11 5 9 10 7 12 10 7 7 12 7 6 12 11 9 11 8 11 12 8 10 11 12 11 12 10 8 8 11 7 7 11 6 10 8 
9 11 7 6 8 7 5 12 12 5 10 5 11 8 9 7 11 12 6 9 10 10 9 11 6 10 10 12 7 6 12 10 10 12 12 
5 7 5 12 5 5 12 11 6 12 9 8 9 11 6 7 5 11 9 10 5 12 12 12 11 7 9 10 5 11 10 11 8 12 8 
10 11 9 10 9 5 5 9 8 9 8 10 6 8 6 11 6 7 9 9 6 12 10 9 5 11 6 5 11 6 7 10 6 12 8 
8 10 9 5 9 8 7 10 6 10 10 11 6 5 10 12 8 8 5 10 12 12 12 10 5 5 7 8 9 9 11 10 12 6 10 
6 9 8 11 9 11 11 12 10 11 6 6 7 11 9 8 6 11 8 6 6 9 8 11 7 6 10 5 7 7 6 8 7 9 10 
6 6 9 10 5 12 10 10 9 9 8 10 12 6 5 9 11 12 10 5 11 12 9 10 12 8 8 10 12 8 8 11 7 7 7 
7 6 7 11 8 5 9 8 10 10 10 12 6 10 11 8 12 6 8 10 8 7 11 9 9 5 9 8 6 6 5 7 9 5 12 
6 9 9 9 11 10 8 10 6 8 12 11 11 12 5 9 8 5 6 9 8 11 12 10 7 9 12 9 7 9 12 12 10 12 6 
8 9 10 9 6 12 6 8 12 11 5 6 8 12 9 10 11 6 10 8 11 6 12 8 9 8 6 11 5 8 10 11 6 9 9 
10 7 6 9 6 6 7 9 11 6 6 11 10 7 11 11 9 5 5 8 10 7 10 9 9 8 8 10 8 11 12 7 5 11 12 
8 6 9 8 5 12 9 6 12 6 7 7 9 7 6 11 5 11 9 12 10 5 6 10 5 5 7 11 5 9 11 5 12 9 5 
6 12 7 11 12 11 7 10 9 10 11 7 10 10 10 9 8 8 10 6 6 11 11 11 11 11 6 8 11 12 6 10 9 12 6 
11 8 9 12 7 10 6 12 9 8 8 7 6 12 12 5 7 11 11 9 5 7 8 5 8 12 9 6 8 9 5 8 8 9 6 
5 8 11 6 10 10 6 6 11 7 9 5 8 11 10 6 8 6 6 5 5 12 9 11 7 8 6 8 6 12 8 9 10 12 10 
10 6 12 12 5 5 6 7 11 11 9 11 11 6 7 7 9 6 5 9 9 11 8 7 12 7 6 5 10 12 11 7 9 7 5 
10 12 5 10 6 8 12 9 6 11 5 6 11 5 9 10 6 12 10 10 5 11 11 6 8 10 10 5 12 12 5 7 7 12 11 
11 5 10 5 11 11 5 5 12 10 9 5 10 6 11 10 12 8 10 11 12 9 9 5 10 7 10 9 9 5 5 8 9 6 9 
5 7 10 10 12 10 12 12 10 7 11 7 5 8 8 11 5 8 7 6 12 10 10 12 10 11 10 6 11 12 7 6 5 5 10 
10 12 7 9 7 9 8 11 7 11 12 12 6 12 10 11 10 7 5 11 9 8 12 7 8 5 5 9 9 11 5 12 12 5 10 
8 9 8 5 7 12 10 10 6 11 5 10 5 12 6 11 10 10 11 6 11 10 5 10 12 9 9 7 8 8 5 5 10 11 10 
6 6 6 12 9 12 8 10 8 5 5 10 5 9 7 12 8 8 5 11 12 7 7 7 11 6 8 6 7 7 12 12 11 10 12 
8 9 7 8 10 5 11 5 10 9 7 7 10 10 12 8 7 11 12 10 12 10 5 9 7 8 7 5 8 12 9 7 7 10 7 
9 5 7 6 11 6 8 11 11 6 12 9 12 10 8 9 11 8 10 7 6 9 8 10 5 5 9 12 6 8 12 11 12 12 7 
8 7 7 11 6 10 7 7 5 9 11 9 7 9 11 12 10 5 11 7 8 5 11 10 11 10 11 7 5 8 6 6 7 10 12 
8 8 5 5 9 8 6 10 8 6 5 6 9 7 6 5 5 8 5 11 7 6 10 8 11 11 5 11 10 12 12 5 9 9 11 
8 11 12 11 8 12 5 6 8 7 6 10 7 10 11 12 12 9 12 7 8 8 6 5 12 5 6 12 11 5 8 5 9 5 7 
10 12 12 6 5 9 8 6 9 10 6 9 11 7 6 7 8 10 6 6 6 8 6 7 11 5 11 6 11 7 8 11 8 6 10 
7 10 10 11 9 10 5 9 10 9 10 8 5 6 7 5 11 8 7 12 5 9 11 5 12 12 10 10 6 8 6 5 9 12 9 
7 5 5 8 12 5 7 7 5 7 9 6 6 12 12 10 9 9 5 6 10 7 8 11 5 9 7 5 5 12 12 9 6 11 12 
12 5 12 12 6 7 12 8 7 7 10 10 8 12 11 7 5 10 10 8 9 8 11 8 10 10 8 9 7 7 11 5 8 6 5 
9 5 12 6 12 10 9 6 9 9 5 11 8 8 5 12 12 12 10 6 9 6 12 5 12 5 10 5 8 12 5 9 6 6 6 
11 12 8 5 6 9 5 12 9 8 7 11 12 11 5 5 8 10 8 11 10 5 10 7 8 6 9 12 8 10 8 12 5 9 8 
10 10 12 5 9 12 6 11 12 11 6 11 8 10 5 8 7 8 11 7 6 6 6 6 9 9 6 12 6 10 10 10 7 12 7 
8 12 5 11 11 8 9 5 6 11 12 7 6 8 7 6 11 7 5 9 11 6 6 9 9 12 11 8 6 6 10 5 7 5 5 
6 8 7 6 7 6 5 6 11 11 6 7 7 6 10 6 7 9 10 5 12 7 5 7 11 5 6 5 12 8 12 9 8 8 10 
10 12 12 8 7 6 6 9 7 6 8 8 9 7 7 12 7 6 7 11 8 10 7 6 5 12 6 10 12 9 5 7 12 5 7 
12 9 11 8 10 9 10 10 7 5 10 5 6 12 8 7 6 12 6 10 8 10 6 6 5 5 8 7 7 6 10 8 7 10 8 
7 7 11 12 11 8 11 7 12 7 11 9 9 12 12 6 8 11 12 10 10 6 11 6 12 11 6 10 6 10 11 5 5 10 6 
12 11 12 12 7 10 7 6 10 5 6 8 11 8 7 10 7 9 6 7 10 6 9 5 6 9 5 12 11 10 9 10 9 11 9 
6 10 10 6 11 11 10 12 8 12 11 12 6 6 11 11 9 12 5 11 10 5 9 8 12 10 12 6 7 11 10 9 10 7 9 
12 11 11 8 6 11 10 7 11 6 6 9 7 9 6 7 8 7 8 7 12 5 9 5 8 12 11 8 10 7 6 9 10 6 11 
7 5 11 12 6 10 11 8 10 9 6 6 6 7 10 7 10 7 5 9 12 6 10 9 6 6 7 8 9 6 12 10 8 7 6 
11 8 10 12 11 6 8 10 12 10 10 12 9 10 11 5 9 10 10 9 12 11 12 8 5 9 9 5 9 10 6 5 7 12 11 
11 8 5 6 11 9 9 8 5 7 8 6 5 10 6 11 9 5 7 12 11 12 10 12 8 7 5 8 7 7 10 6 6 7 8 
10 10 5 5 9 5 8 11 10 5 11 8 9 10 11 10 6 8 6 11 5 6 5 10 7 6 12 10 9 6 7 6 12 6 7 
5 5 12 12 11 5 12 5 9 12 12 7 5 9 7 11 12 6 7 11 8 10 8 5 5 6 11 8 8 12 9 7 10 12 9 
5 9 9 12 8 7 12 6 8 7 7 7 10 6 5 11 8 7 8 7 11 10 11 5 12 5 10 10 7 10 6 5 9 11 5 
11 11 12 9 9 7 9 8 9 11 8 12 10 12 7 11 9 5 9 10 12 8 5 6 8 12 8 11 8 8 12 9 10 7 8 
11 5 12 10 10 6 7 10 9 11 9 9 10 7 12 10 10 7 7 8 8 12 9 9 11 10 11 9 5 8 11 10 10 10 6 
10 6 12 6 5 6 7 12 12 5 8 8 6 10 7 7 7 8 6 12 7 7 11 10 12 9 7 8 10 7 8 6 9 12 11 
7 8 10 6 8 9 12 6 8 5 12 12 8 9 6 5 5 9 5 10 12 12 5 5 5 8 8 6 11 8 12 5 11 11 5 
8 11 7 7 7 5 5 7 6 11 7 11 11 5 7 6 9 9 10 9 12 11 5 7 5 6 6 7 8 9 6 7 5 5 6 
6 12 6 8 11 5 8 7 5 6 12 10 11 6 11 12 5 10 10 8 10 5 6 11 11 5 10 10 8 12 7 6 10 5 12 
5 8 8 6 11 6 7 9 9 10 10 7 5 9 7 9 9 11 6 12 8 10 12 5 6 8 7 9 8 9 10 6 5 6 8 
6 11 12 6 5 12 5 12 8 10 5 5 8 9 8 8 8 12 10 5 11 11 7 12 10 11 12 10 5 6 5 5 7 5 9 
11 7 12 11 6 12 5 10 10 8 7 11 10 9 7 5 8 12 8 5 12 11 8 12 7 8 11 6 7 10 11 11 5 8 8 
11 6 11 5 6 8 9 11 11 5 7 10 10 12 7 5 10 6 11 5 7 7 8 9 7 6 6 5 12 6 7 8 7 5 6 
10 11 5 11 6 7 10 12 12 8 11 5 10 7 12 11 12 6 11 5 10 9 9 12 9 11 12 5 12 6 11 5 5 7 10 
12 6 9 6 5 5 9 11 5 8 10 12 10 5 10 10 6 5 5 10 12 9 8 8 10 5 8 8 7 5 12 6 7 6 8 
12 5 6 12 5 8 6 5 7 9 6 10 6 12 10 9 7 5 12 11 10 5 10 5 12 5 10 9 11 10 11 12 11 9 6 
9 8 5 12 6 5 8 9 5 5 6 10 7 9 8 11 12 9 7 12 5 6 6 5 5 7 5 7 5 10 12 5 8 6 5 
11 7 6 6 5 5 9 5 12 5 8 12 5 11 7 7 10 8 7 11 12 10 11 10 9 11 10 12 11 9 5 8 10 6 10 
11 11 9 8 8 8 5 11 10 10 8 10 6 12 6 7 11 10 7 7 6 9 6 11 9 9 12 6 5 9 5 8 8 10 9 
11 8 7 5 12 9 10 11 11 11 10 7 6 7 12 12 11 11 8 7 5 5 6 9 9 5 9 11 10 5 10 5 9 5 7 
7 9 10 6 12 10 7 5 12 12 7 12 9 6 9 5 12 8 5 10 8 6 7 8 8 6 10 11 5 12 6 11 10 11 12 
5 11 7 9 12 11 8 10 9 6 10 8 9 6 11 12 6 10 5 12 9 11 12 5 6 9 10 12 8 6 10 8 7 9 9 
10 7 6 11 9 12 11 5 7 10 6 7 7 9 5 5 11 9 6 6 9 10 9 12 6 8 11 5 6 5 12 9 10 7 11 
6 11 11 8 8 6 10 10 12 9 12 11 7 5 10 8 11 12 8 5 10 5 10 9 6 5 6 6 7 8 11 12 6 9 8 
5 11 6 9 12 10 8 5 10 11 9 11 9 10 7 7 5 12 8 7 8 11 6 10 5 11 5 11 7 6 10 11 11 5 7 
5 10 9 12 6 12 9 8 5 10 12 9 7 10 9 8 5 8 5 8 10 11 5 8 8 6 5 7 11 8 8 8 8 6 8 
6 7 7 9 10 6 9 9 10 8 10 11 12 7 9 12 12 5 6 5 10 9 8 10 8 8 5 10 10 10 7 9 6 6 5 
10 6 8 7 9 12 11 7 8 5 10 12 8 9 11 8 10 10 6 12 6 12 10 11 12 12 9 5 10 11 5 5 5 5 11 
12 11 12 7 7 9 11 8 7 8 8 5 8 5 9 8 12 9 11 10 8 6 7 7 8 12 6 11 6 10 6 6 9 9 5 
12 12 5 5 8 11 5 9 10 6 6 7 6 7 11 6 7 6 8 10 11 7 6 6 9 10 9 10 9 12 9 5 11 12 6 
12 10 9 8 11 10 10 5 11 8 5 12 5 9 12 9 6 6 12 10 12 6 8 10 8 12 7 12 12 11 9 10 7 7 7 
6 7 5 12 10 6 6 6 11 7 8 9 11 11 6 6 6 8 10 8 5 9 8 8 10 11 12 10 11 7 6 7 10 12 12 
12 12 7 9 10 9 5 5 7 12 8 6 6 11 9 5 10 9 5 12 9 10 10 6 7 7 11 7 8 11 11 6 10 12 7 
8 9 6 7 8 5 5 6 11 10 9 7 8 6 7 11 8 9 6 8 10 8 7 12 11 9 8 11 12 6 10 5 12 12 10 
12 7 11 5 12 7 11 8 11 10 5 7 11 12 7 12 6 7 12 10 10 9 12 10 5 5 8 6 10 11 9 5 12 12 9 
6 11 9 9 8 5 12 5 9 6 9 5 5 11 6 5 10 12 9 8 9 8 9 8 8 6 7 9 6 8 6 7 6 10 9 
5 8 12 12 7 12 12 7 10 9 8 6 11 5 11 11 5 5 5 8 7 7 8 8 5 6 8 6 5 7 10 8 5 9 9 
12 12 10 5 12 6 8 5 7 12 12 6 8 11 6 12 11 11 5 8 12 11 5 11 10 11 7 11 5 11 11 11 12 10 9 
7 10 9 9 9 9 9 7 6 7 10 11 12 9 5 8 7 5 5 11 10 12 9 6 12 8 5 6 11 10 11 10 5 8 11 
5 12 5 10 6 10 9 10 6 6 10 6 9 5 11 9 8 12 12 8 6 5 10 5 10 9 8 5 5 5 6 12 12 8 10 
7 8 11 5 11 5 9 7 5 7 9 12 9 12 10 9 6 5 7 10 9 6 12 6 10 9 8 5 12 6 10 8 9 7 8 
11 5 9 6 7 9 12 12 10 12 6 12 11 5 5 10 8 11 12 5 10 8 8 5 12 12 11 12 8 6 9 10 11 8 9 
12 10 12 6 6 12 9 7 9 10 11 12 5 5 10 10 11 6 9 8 12 12 10 11 6 9 8 7 9 6 5 7 12 8 5 
6 6 11 10 7 10 7 10 11 9 8 6 9 6 10 12 10 7 11 7 5 8 11 5 8 12 11 10 9 6 10 12 12 12 6 
6 6 6 9 8 9 6 9 7 8 8 12 9 6 11 11 12 10 9 7 7 6 12 10 9 8 9 8 8 8 9 5 5 11 6 
8 7 8 11 8 5 9 7 6 8 12 11 12 7 10 9 12 5 7 8 12 8 12 6 8 11 10 5 9 7 8 9 12 6 6 
8 6 8 10 11 7 9 11 5 12 10 5 9 10 6 5 9 8 9 5 12 12 12 9 7 8 12 11 8 6 12 12 6 10 8 
5 5 8 12 5 9 5 11 11 9 10 12 6 6 6 10 10 12 11 12 7 8 12 12 5 10 6 11 10 5 5 5 8 5 7 
9 8 8 7 12 11 8 11 6 11 8 7 5 5 5 5 9 10 7 5 8 6 8 10 10 8 12 5 7 11 10 6 8 5 10 
8 12 6 7 5 12 11 7 10 9 12 8 11 12 10 5 10 6 6 10 12 9 5 12 12 7 8 5 5 9 12 6 10 11 12 
5 8 6 8 10 7 6 8 12 12 5 9 10 11 7 12 7 11 8 11 5 10 11 5 5 11 5 12 5 12 9 5 11 5 12 
8 10 6 12 9 10 9 5 6 5 8 12 9 7 8 7 8 6 6 12 12 11 8 10 7 6 7 5 9 9 11 6 12 6 8 
10 6 10 8 10 8 6 10 11 5 12 9 6 5 7 8 11 11 6 12 9 11 10 10 9 7 6 11 5 12 7 12 10 9 11 
11 5 8 7 8 6 8 11 8 6 10 9 8 6 10 7 8 11 9 9 5 5 9 10 11 7 8 12 11 12 8 6 10 7 6 
0 1 0 0 1 0 1 0 0 1 0 1 0 0 0 0 0 0 0 0 0 0 0 0 0 0 0 0 0 0 0 0 0 0 0 
0 0 1 0 0 0 0 0 0 0 0 0 0 0 0 0 0 0 0 0 0 0 0 0 0 0 0 0 0 0 0 0 0 0 0 
0 0 0 1 0 0 0 0 0 0 0 0 0 0 0 0 0 0 0 0 0 0 0 0 0 0 0 0 0 0 0 0 0 0 0 
0 0 0 0 0 0 0 0 0 0 1 0 0 0 0 0 0 0 0 0 0 0 0 0 0 0 0 0 0 0 0 0 0 0 0 
0 0 0 0 0 1 0 0 0 0 0 0 0 0 0 0 0 0 0 0 0 0 0 0 0 0 0 0 0 0 0 0 0 0 0 
0 0 0 0 0 0 1 1 0 0 0 0 0 0 0 0 0 0 0 0 0 0 0 0 0 0 0 0 0 0 0 0 0 0 0 
0 0 0 0 0 0 0 0 0 0 0 0 0 1 0 0 0 1 0 0 0 0 0 0 0 0 0 0 0 0 0 0 0 0 0 
0 0 0 0 0 0 0 0 1 0 0 0 0 0 0 0 0 0 0 0 0 0 0 0 0 0 0 0 0 0 0 0 0 0 0 
0 0 0 0 0 0 0 0 0 0 0 0 1 0 0 0 0 0 0 0 0 0 0 0 0 0 0 0 0 0 0 0 0 0 0 
0 0 0 0 0 0 0 0 0 0 0 0 0 1 0 0 0 0 0 0 0 0 0 0 0 0 0 0 0 0 0 0 0 0 0 
0 0 0 0 0 0 0 0 0 0 0 0 0 0 0 0 0 0 0 0 0 0 0 0 0 0 0 1 0 0 0 0 1 0 0 
0 0 0 0 0 0 0 0 0 0 0 0 0 0 0 0 0 1 0 0 0 0 0 0 0 0 0 0 0 0 0 0 0 0 0 
0 0 0 0 0 0 0 0 0 0 0 0 0 0 0 0 0 0 0 0 0 0 0 0 0 0 0 1 0 0 0 0 1 0 0 
0 0 0 0 0 0 0 0 0 0 0 0 0 0 1 0 0 0 0 0 0 0 0 0 0 0 0 0 0 0 0 0 0 0 0 
0 0 0 0 0 0 0 0 0 0 0 0 0 0 0 1 0 0 0 0 0 0 0 0 0 0 0 0 0 0 0 0 0 0 0 
0 0 0 0 0 0 0 0 0 0 0 0 0 0 0 0 0 0 0 0 1 0 0 0 0 0 0 0 0 0 0 0 0 0 0 
0 0 0 0 0 0 0 0 0 0 0 0 0 0 0 0 0 0 0 1 0 0 0 0 0 0 0 0 0 0 0 0 0 0 0 
0 0 0 0 0 0 0 0 0 0 0 0 0 0 0 0 0 0 1 0 0 0 0 0 0 0 0 0 0 0 0 0 0 0 0 
0 0 0 0 0 0 0 0 0 0 0 0 0 0 0 0 0 0 0 1 0 0 0 0 0 0 0 0 0 0 0 0 0 0 0 
0 0 0 0 0 0 0 0 0 0 0 0 0 0 0 0 0 0 0 0 1 0 0 0 0 0 0 0 0 0 0 0 0 0 0 
0 0 0 0 0 0 0 0 0 0 0 0 0 0 0 0 0 0 0 0 0 1 0 0 1 0 0 0 0 1 0 1 0 0 0 
0 0 0 0 0 0 0 0 0 0 0 0 0 0 0 0 0 0 0 0 0 0 1 0 0 0 0 0 0 0 0 0 0 0 0 
0 0 0 0 0 0 0 0 0 0 0 0 0 0 0 0 0 0 0 0 0 0 0 1 0 0 0 0 0 0 0 0 0 0 0 
0 0 0 0 0 0 0 0 0 0 0 0 0 0 0 0 0 0 0 0 0 0 0 0 0 0 1 0 0 0 0 0 0 0 0 
0 0 0 0 0 0 0 0 0 0 0 0 0 0 0 0 0 0 0 0 0 0 0 0 0 1 0 0 0 0 0 0 0 0 0 
0 0 0 0 0 0 0 0 0 0 0 0 0 0 0 0 0 0 0 0 0 0 0 0 0 0 1 0 0 0 0 0 0 0 0 
0 0 0 0 0 0 0 0 0 0 0 0 0 0 0 0 0 0 0 0 0 0 0 0 0 0 0 1 0 0 0 0 1 1 0 
0 0 0 0 0 0 0 0 0 0 0 0 0 0 0 0 0 0 0 0 0 0 0 0 0 0 0 0 1 0 0 0 0 0 0 
0 0 0 0 0 0 0 0 0 0 0 0 0 0 0 0 0 0 0 0 0 0 0 0 0 0 0 0 0 0 0 0 0 0 0 
0 0 0 0 0 0 0 0 0 0 0 0 0 0 0 0 0 0 0 0 0 0 0 0 0 0 0 0 0 0 1 0 0 0 0 
0 0 0 0 0 0 0 0 0 0 0 0 0 0 0 0 0 0 0 0 0 0 0 0 0 0 0 0 0 0 0 1 0 0 0 
0 0 0 0 0 0 0 0 0 0 0 0 0 0 0 0 0 0 0 0 0 0 0 0 0 0 0 0 0 0 0 0 1 0 0 
0 0 0 0 0 0 0 0 0 0 0 0 0 0 0 0 0 0 0 0 0 0 0 0 0 0 0 0 0 0 0 0 0 0 1 
0 0 0 0 0 0 0 0 0 0 0 0 0 0 0 0 0 0 0 0 0 0 0 0 0 0 0 0 0 0 0 0 0 0 0 
0 0 0 0 0 0 0 0 0 0 0 0 0 0 0 0 0 0 0 0 0 0 0 0 0 0 0 0 0 0 0 0 0 0 0
0.21 0.28 0.22 0.26 0.29 0.12 