53
7
76 100 122 106 79 110 106 66 57 114 115 132 95 106 129 72 125 87 145 74 125 104 130 86 132 105 107 58 131 136 144 139 52 83 56 121 57 143 66 97 69 57 84 135 86 136 147 79 108 112 62 59 150 
74 125 116 129 92 68 73 127 150 79 88 94 70 109 116 77 71 147 71 70 94 84 114 126 82 112 99 111 58 148 100 60 150 136 60 139 147 70 100 66 104 80 119 103 146 113 81 87 79 83 60 148 142 
67 59 135 97 105 78 79 82 55 117 116 148 99 141 140 92 124 91 61 67 140 120 50 57 102 104 115 93 148 60 91 144 115 130 125 66 132 135 55 86 79 144 56 106 76 116 131 148 78 77 114 67 84 
137 124 140 148 102 79 100 58 70 91 112 75 144 133 146 111 142 103 85 58 143 113 92 145 92 95 131 83 139 51 78 117 128 143 104 137 118 57 134 125 115 53 109 126 142 76 141 142 101 68 135 111 106 
100 106 103 144 75 123 126 93 79 77 58 111 112 87 65 114 86 118 118 119 99 140 109 114 51 101 142 58 98 99 140 80 97 77 66 60 101 91 108 146 100 145 80 130 124 97 71 114 127 150 130 91 95 
72 140 87 105 79 90 85 88 138 90 99 91 86 144 57 75 110 56 143 91 63 56 128 87 76 148 95 65 113 69 130 65 74 88 66 51 134 144 112 116 65 58 64 91 82 74 140 113 65 111 74 102 108 
51 133 124 137 55 68 123 142 136 71 50 94 120 117 141 79 133 94 137 104 144 53 74 93 149 93 123 126 80 99 85 122 80 118 146 71 85 137 115 84 109 52 147 74 100 129 59 65 95 134 132 61 110 
57 116 124 117 122 81 88 55 59 101 64 91 122 63 91 52 115 62 114 87 104 99 123 104 82 95 88 78 121 111 60 55 72 61 117 66 61 56 124 57 56 106 63 94 113 76 86 108 91 67 71 73 118 
59 73 59 93 93 115 84 65 81 97 78 96 76 56 107 61 74 67 52 95 71 116 96 92 94 120 72 104 107 62 124 78 53 122 104 106 55 77 120 96 125 54 65 72 73 77 93 67 71 91 105 109 124 
117 53 115 74 98 115 82 52 122 116 60 55 112 95 94 78 74 71 68 98 80 123 101 89 50 88 110 104 90 56 69 90 97 92 108 114 96 95 120 120 122 124 87 117 61 56 57 117 70 57 94 52 89 
50 111 123 52 116 79 108 103 100 68 120 75 87 62 56 123 86 79 54 104 69 92 93 68 114 50 104 117 94 89 124 119 72 97 123 83 57 65 99 61 70 125 62 101 68 51 88 53 65 114 83 79 84 
82 113 112 110 110 107 68 53 50 85 124 118 95 62 96 78 93 89 58 67 101 68 82 92 124 60 88 100 94 114 51 78 114 56 83 88 96 83 77 60 76 107 82 104 99 103 105 117 123 119 53 53 88 
63 94 94 124 98 78 122 94 107 100 90 87 75 76 84 117 87 101 53 85 103 75 65 114 91 115 80 74 60 90 84 93 82 85 124 96 66 89 105 107 99 77 51 106 101 95 98 68 99 121 61 69 52 
109 51 67 60 95 112 67 117 69 106 65 74 95 72 107 98 64 123 65 84 81 76 118 94 112 94 78 112 120 56 121 106 67 88 99 84 63 101 105 97 98 77 83 62 76 56 110 84 55 105 119 125 77 
154 144 128 154 167 123 197 129 189 113 110 190 120 112 177 183 194 106 176 140 169 138 126 152 177 138 158 112 131 132 188 199 144 154 170 163 179 164 138 192 159 180 194 130 154 131 173 130 181 116 192 157 102 
21 12 19 13 16 24 22 23 17 12 14 23 23 15 21 25 14 22 24 17 19 25 22 20 25 16 14 22 15 12 23 21 21 21 24 18 12 22 15 23 21 17 25 12 16 20 19 12 14 18 12 17 13 
12 14 21 16 17 14 18 25 13 16 19 17 20 23 15 21 19 24 20 23 14 16 17 14 12 20 22 15 16 22 18 21 25 16 21 16 25 20 14 24 12 18 18 16 17 21 14 21 17 22 17 22 24 
25 17 22 19 25 15 18 16 25 20 25 23 13 21 14 21 25 18 25 25 17 24 20 19 21 20 18 19 25 22 22 18 22 24 19 15 21 15 16 25 15 16 18 23 19 19 23 13 23 13 22 18 13 
20 16 23 19 23 12 12 18 23 24 18 13 14 16 15 20 23 18 24 20 15 16 19 13 21 14 25 16 16 13 25 24 24 13 23 21 13 25 15 13 24 20 19 22 19 14 24 16 15 21 20 12 24 
16 19 17 16 22 12 21 18 21 16 22 24 14 12 24 25 24 24 19 18 19 24 15 14 23 24 23 22 13 17 22 24 18 21 16 12 25 15 16 15 21 17 17 23 18 21 17 22 18 21 22 18 25 
21 16 25 12 21 21 16 13 20 14 24 19 15 18 15 20 19 12 14 21 16 25 21 12 16 20 19 12 18 17 16 20 25 12 22 21 16 25 23 22 20 19 13 18 19 25 16 21 24 17 13 24 21 
23 14 13 18 18 14 22 17 25 14 24 18 21 22 20 17 13 22 19 15 18 14 19 21 15 17 12 24 16 24 22 12 17 13 19 22 15 21 19 20 17 18 12 19 17 12 16 24 16 19 23 14 25 
5 8 10 5 12 9 10 10 11 7 5 8 11 10 11 12 7 11 8 7 6 7 12 9 5 11 8 9 7 10 6 9 6 5 8 8 7 11 12 7 8 9 7 8 5 11 7 11 12 11 5 11 6 
9 11 9 7 5 10 7 7 9 8 8 10 10 8 6 5 8 9 12 10 12 12 6 6 10 8 5 9 7 8 7 5 12 8 6 10 12 12 7 10 11 10 7 9 7 8 9 7 11 9 11 9 9 
12 10 12 8 5 10 12 6 8 11 12 8 12 8 6 8 12 10 6 7 12 12 10 11 10 8 5 10 10 11 12 7 7 12 8 12 7 10 5 9 6 7 11 12 5 7 11 10 5 6 12 5 6 
9 6 7 5 11 6 5 6 11 12 7 6 12 10 7 12 6 6 8 9 11 9 9 5 12 9 10 12 12 11 6 9 5 5 10 10 10 12 5 12 5 9 9 8 10 10 9 6 12 6 10 9 7 
8 7 12 5 7 7 11 12 5 10 5 8 7 5 7 5 5 10 5 8 11 12 5 7 7 9 5 5 12 8 6 11 6 5 8 11 6 10 9 7 8 9 8 10 12 7 7 12 10 11 8 12 10 
8 6 9 10 7 7 10 9 9 9 7 12 11 11 7 6 11 6 11 6 9 12 11 11 10 7 7 11 9 5 9 5 6 10 10 11 12 6 9 5 6 9 11 10 10 5 7 7 9 11 10 5 5 
8 11 6 11 9 7 8 11 12 7 5 6 9 8 10 8 10 12 7 6 7 7 7 10 12 5 9 12 7 10 5 11 5 10 11 12 12 10 8 10 6 6 11 7 12 5 7 10 9 10 9 10 9 
12 5 10 10 8 11 5 10 5 8 11 9 8 11 5 8 9 5 6 10 6 12 10 10 7 10 11 5 10 9 10 9 8 10 11 7 7 7 12 5 9 5 7 6 5 6 5 6 5 5 6 9 8 
11 7 11 8 10 11 6 6 8 5 7 5 7 12 9 12 11 8 7 8 11 12 12 10 11 5 5 12 9 10 9 10 7 5 8 7 8 9 10 5 6 11 9 9 12 6 10 6 8 10 8 9 11 
5 9 5 11 12 5 8 9 12 12 5 7 12 8 12 12 5 11 7 11 5 9 6 8 8 9 5 5 9 8 12 5 7 7 8 7 11 7 8 12 9 10 10 12 5 11 7 6 8 8 12 7 11 
7 10 5 11 7 9 12 6 8 9 9 5 6 9 5 10 10 11 12 12 9 7 6 8 9 8 6 10 10 12 9 5 9 7 9 7 11 10 11 8 7 8 6 5 12 10 5 8 6 11 7 10 11 
6 5 12 11 7 11 10 7 7 10 9 9 12 5 11 5 8 11 8 6 9 5 7 11 9 9 6 12 7 6 6 8 6 8 10 8 12 6 9 10 5 10 10 6 9 9 8 5 11 12 6 12 12 
6 12 11 8 8 11 10 7 9 6 6 6 9 9 9 7 7 6 8 6 9 6 9 6 5 5 12 12 6 9 9 9 9 12 10 6 9 8 11 11 7 10 7 8 6 10 5 8 6 10 11 11 7 
5 9 11 9 11 9 9 9 10 5 8 6 6 10 10 5 12 12 11 10 11 10 11 8 5 12 7 11 5 10 10 11 8 6 8 12 9 12 11 12 8 9 10 5 11 10 6 12 8 7 7 8 9 
8 7 7 9 6 5 5 6 5 12 7 7 8 5 7 8 6 11 8 12 12 5 5 10 11 9 5 11 11 7 10 11 8 12 10 6 12 8 6 5 5 10 9 9 8 10 10 8 6 7 6 5 6 
11 7 12 12 11 10 6 8 11 8 10 10 10 11 5 5 10 12 12 9 10 10 7 5 7 5 8 12 9 11 12 8 10 11 9 5 12 9 9 7 11 10 5 6 9 8 6 9 9 8 8 9 6 
9 9 8 5 8 8 9 7 10 9 9 12 9 8 6 5 11 11 7 8 7 5 5 9 10 9 9 7 9 12 6 5 8 6 7 10 10 9 12 11 10 11 9 7 9 9 8 12 8 5 9 8 9 
10 6 10 9 12 12 10 9 5 7 6 5 6 12 7 12 11 5 12 10 10 9 5 10 5 10 10 8 6 11 5 6 11 10 5 5 10 10 12 6 6 12 11 9 10 7 5 6 5 5 10 11 8 
8 5 6 12 5 7 10 7 7 5 7 8 7 8 5 9 11 12 9 5 5 11 12 10 6 10 8 8 11 12 5 10 6 6 11 5 7 12 8 7 5 10 12 10 7 12 11 9 8 10 10 10 11 
6 6 5 11 8 10 12 7 12 8 11 12 10 10 9 10 7 8 7 11 10 12 9 10 10 5 11 9 6 9 7 5 12 7 12 6 6 11 8 9 9 11 9 8 8 10 8 6 10 11 7 11 7 
9 12 6 8 12 7 12 7 6 9 12 5 6 6 5 11 5 12 10 11 7 12 5 8 5 8 9 11 9 6 12 8 9 12 5 8 7 12 11 8 8 10 7 9 12 12 10 9 6 9 9 11 5 
5 8 10 9 12 5 12 9 5 7 5 5 9 7 8 8 11 5 6 8 10 6 8 9 5 12 7 7 7 7 7 11 12 11 6 7 10 10 11 5 11 11 5 5 10 10 10 5 11 10 10 7 9 
9 10 5 10 12 5 8 5 10 8 9 8 5 5 7 11 6 10 11 9 8 10 8 7 8 5 8 5 11 12 10 6 9 8 8 11 9 11 8 12 5 6 9 9 6 5 9 6 11 8 12 6 7 
11 8 9 8 9 7 9 7 12 12 9 5 8 9 7 11 9 9 12 5 10 9 9 7 7 5 12 8 5 8 11 6 8 11 8 11 6 10 6 7 11 12 11 5 11 10 7 10 7 9 12 12 10 
11 5 7 12 10 12 6 9 7 7 7 10 10 11 8 12 11 12 9 7 9 12 10 10 9 10 7 5 9 12 9 8 5 8 6 10 9 7 12 12 8 11 10 7 5 11 7 11 8 5 7 9 12 
11 11 12 7 9 9 11 9 5 12 10 8 8 5 10 10 12 10 6 5 7 6 8 12 7 8 11 11 6 9 10 5 9 8 8 11 11 9 10 8 7 6 10 11 5 11 5 5 12 8 7 12 10 
11 5 6 8 12 12 10 10 5 9 12 5 10 8 7 9 5 8 8 9 6 6 8 8 8 10 10 7 7 7 6 5 9 7 5 6 10 6 6 6 5 5 8 8 8 10 9 10 7 6 7 12 12 
8 5 9 5 8 8 12 6 6 10 7 9 12 7 8 11 9 6 5 9 8 10 9 10 8 10 7 7 5 6 7 8 7 11 7 9 9 8 12 5 5 10 9 10 6 5 6 5 6 12 5 7 9 
11 9 9 9 10 8 11 12 5 11 11 11 10 11 12 12 10 6 5 10 12 10 12 11 7 9 11 11 6 6 9 8 9 8 12 5 9 12 5 10 11 7 12 12 10 12 7 9 6 11 5 7 9 
11 8 5 12 9 10 10 5 9 6 12 12 5 11 12 7 12 5 9 10 12 12 10 10 11 9 8 12 10 5 10 9 12 5 11 6 5 12 9 9 6 7 7 6 8 6 6 11 7 9 8 8 10 
10 5 12 8 10 9 12 12 6 5 12 12 11 12 11 6 7 10 10 12 11 8 5 11 6 11 6 6 11 6 6 8 6 5 6 10 10 12 5 9 7 6 10 11 10 10 12 12 6 11 8 12 10 
8 11 11 10 11 8 9 10 5 12 7 8 10 9 9 10 9 8 8 8 7 10 11 11 12 9 6 6 6 10 6 12 5 6 11 11 7 9 7 7 12 10 6 9 12 5 6 9 8 5 9 10 7 
6 9 5 10 9 12 9 10 9 8 10 8 7 9 7 5 9 8 9 11 8 6 8 12 9 9 8 9 12 6 12 6 12 8 9 12 6 7 7 7 5 5 11 9 5 5 8 6 7 5 8 10 5 
6 5 8 7 9 5 5 12 12 6 11 12 6 6 10 6 7 6 12 6 11 7 8 10 8 6 11 12 6 12 9 10 7 9 9 5 7 10 10 7 6 9 8 8 11 12 12 10 11 8 11 12 11 
7 6 12 10 7 10 9 10 6 8 7 8 11 8 12 10 7 9 11 10 11 12 7 8 11 10 10 12 12 11 6 12 10 9 12 10 5 5 11 10 5 8 12 11 12 11 12 11 10 11 9 8 7 
7 8 5 12 5 6 9 11 5 5 6 8 11 10 9 8 10 5 5 9 7 9 5 10 12 12 10 5 6 9 9 10 10 12 9 6 11 5 11 11 7 9 11 10 10 6 6 6 11 6 12 11 6 
5 8 7 10 6 6 8 12 10 5 6 11 11 5 10 5 9 10 6 10 10 9 7 8 7 10 9 7 5 7 10 6 9 12 10 12 8 8 9 12 6 11 10 11 5 8 6 12 8 5 12 6 8 
8 7 12 7 12 8 5 11 5 7 5 5 8 12 12 11 7 10 5 11 12 6 10 9 11 12 6 11 12 12 11 11 9 11 6 12 5 12 7 8 6 8 5 9 5 12 9 7 12 10 9 10 7 
11 9 9 5 12 5 10 8 6 10 10 11 10 5 7 5 12 12 12 12 7 12 5 11 10 11 12 6 10 7 11 5 8 6 11 7 12 8 12 9 10 9 6 8 12 11 8 11 8 12 6 12 11 
12 8 9 6 10 9 6 9 7 6 5 5 11 8 8 6 6 11 6 9 10 7 5 9 7 6 8 9 7 8 9 5 12 12 7 9 6 8 11 7 9 10 8 11 6 8 10 9 9 5 8 10 11 
5 12 10 9 11 11 5 5 8 8 12 11 7 6 10 7 7 6 12 5 9 5 9 9 10 10 6 8 11 7 5 6 7 5 6 9 5 5 6 6 7 12 8 11 10 6 10 5 7 7 9 11 9 
6 7 11 8 10 12 11 5 10 10 10 7 8 6 8 5 5 12 11 5 11 10 11 5 6 8 9 8 5 5 11 11 8 6 11 8 10 11 10 10 9 10 7 11 12 9 12 11 12 6 10 10 5 
9 11 7 7 12 9 9 9 9 6 6 5 5 11 11 10 11 5 12 5 5 12 12 9 7 6 7 9 12 12 5 12 5 11 10 9 6 6 12 10 11 10 12 5 12 10 9 8 5 12 9 6 9 
11 10 8 8 6 8 5 6 10 7 5 6 11 12 10 7 9 7 9 6 8 11 7 11 8 10 7 8 7 10 11 8 11 12 9 5 5 7 8 5 10 8 10 5 12 6 5 6 8 11 5 7 9 
5 12 11 5 5 5 5 6 7 5 9 12 12 11 5 9 12 9 8 6 8 11 9 12 8 8 11 5 8 7 8 11 8 12 11 9 11 11 11 9 8 11 5 6 8 7 8 12 7 9 7 12 7 
8 10 12 9 12 7 6 5 6 8 8 5 6 12 12 12 8 10 9 12 6 10 9 9 12 7 12 8 7 11 6 5 8 9 12 11 8 9 5 12 12 7 6 11 10 5 6 8 12 10 12 5 6 
10 6 7 11 9 11 7 12 11 11 9 11 5 5 12 5 9 9 11 6 5 7 12 10 6 8 7 9 12 12 9 10 5 11 10 11 6 8 11 8 7 10 12 10 7 5 5 10 7 9 11 6 11 
10 6 11 7 8 9 12 7 7 9 10 10 9 9 5 7 11 5 10 7 5 6 5 5 6 6 8 12 7 12 12 9 7 10 8 9 7 5 8 11 7 5 7 9 9 5 9 10 11 5 10 12 11 
7 11 9 6 7 6 8 10 6 7 5 6 8 6 11 6 12 11 9 10 12 9 10 9 7 6 10 10 11 9 5 12 6 5 10 7 7 5 9 10 8 8 9 6 8 8 5 11 6 5 8 10 8 
7 6 11 5 12 12 7 7 7 11 8 5 10 9 8 7 5 9 7 12 7 12 9 9 12 8 8 11 7 8 6 7 10 12 5 7 5 10 10 8 11 5 7 10 11 5 9 7 5 7 9 8 11 
7 7 12 10 11 11 11 9 9 6 10 10 12 9 7 6 11 11 7 6 11 9 6 7 6 9 7 6 11 9 5 12 8 6 10 11 6 6 5 10 12 9 9 6 7 6 11 10 8 10 12 7 5 
7 9 7 5 10 7 7 6 5 11 11 10 7 8 7 10 8 10 11 8 9 11 6 11 11 12 7 7 8 7 7 12 7 10 11 8 11 7 9 7 6 9 8 10 10 9 5 5 9 10 11 6 5 
10 11 11 10 10 5 10 11 8 6 7 10 11 10 10 12 6 11 7 12 9 10 10 7 12 6 10 9 5 11 5 5 12 5 12 10 5 5 9 12 6 11 6 9 10 5 8 6 5 6 12 8 9 
10 9 7 8 9 6 7 11 11 5 10 10 11 8 11 5 7 10 12 11 6 10 10 8 11 12 7 12 9 8 8 10 8 7 8 6 7 11 5 11 10 6 10 12 6 6 5 9 10 8 9 5 8 
10 7 5 5 5 8 11 5 11 6 12 11 5 12 6 8 8 11 7 8 9 6 10 5 7 8 11 7 8 5 5 9 6 6 9 10 11 9 10 10 11 9 7 11 10 9 8 11 6 7 5 7 5 
6 11 9 9 12 9 5 11 6 10 9 7 9 11 11 7 11 8 7 10 8 10 9 6 9 12 8 11 10 6 12 10 11 9 10 7 9 12 5 10 6 6 6 12 7 5 7 8 12 6 5 7 5 
6 5 10 11 9 8 9 12 9 9 9 11 10 7 6 8 11 6 5 12 7 11 5 7 5 7 6 5 12 11 11 7 11 6 5 6 9 11 8 5 8 6 9 8 7 8 8 7 8 9 10 7 6 
6 11 11 12 11 10 7 10 10 5 6 9 5 7 12 10 8 7 6 9 11 10 8 8 6 12 7 9 6 11 9 11 7 5 10 10 10 11 9 8 10 5 10 8 9 8 12 5 8 6 5 6 7 
5 5 12 9 10 9 7 12 7 9 6 7 11 12 6 5 9 10 6 10 12 11 8 11 9 6 9 10 5 12 5 10 9 6 5 8 11 11 10 11 7 7 7 6 5 9 10 11 5 12 11 10 8 
9 8 10 9 10 8 7 5 9 6 5 6 10 9 12 6 7 10 5 10 11 5 11 12 9 12 5 6 6 8 11 12 12 9 7 9 8 8 7 5 6 11 8 5 11 9 5 11 12 7 7 8 5 
9 7 7 12 5 11 12 8 5 5 5 12 11 10 8 8 10 9 5 10 10 10 5 8 5 10 11 9 8 12 9 5 12 9 7 11 5 12 8 10 10 7 5 9 6 10 6 10 6 6 5 12 5 
12 6 9 12 11 5 8 6 10 6 12 11 10 10 12 11 8 8 12 6 10 11 11 10 8 11 6 12 5 6 6 10 5 8 6 8 9 9 8 9 9 6 8 9 10 10 8 9 8 7 6 11 5 
7 11 6 11 8 5 12 7 7 7 10 6 12 7 7 12 7 9 9 10 9 10 5 8 7 8 5 12 10 8 7 9 10 7 11 12 12 5 5 11 9 7 12 7 9 12 10 11 8 11 6 5 8 
11 6 5 7 10 8 11 11 10 11 6 11 9 9 10 7 8 8 10 11 6 10 7 8 5 9 7 11 6 7 9 10 9 5 8 12 8 10 6 9 12 7 11 10 7 8 6 10 12 5 11 5 12 
10 6 7 11 12 7 9 10 5 7 8 6 10 9 6 8 11 12 12 6 10 9 8 11 8 8 12 11 12 7 7 9 5 5 9 12 10 12 9 7 8 6 8 8 5 10 11 12 10 6 5 9 6 
7 12 11 8 7 5 11 5 6 10 5 11 12 11 9 5 6 11 5 8 7 12 9 5 9 5 11 9 12 11 11 9 6 6 9 9 11 6 6 7 7 5 9 12 10 7 11 11 12 7 5 5 9 
11 8 12 6 11 12 6 5 6 6 12 5 7 12 12 6 6 11 11 11 9 11 7 8 12 8 5 6 6 5 6 5 6 12 8 10 6 9 10 9 7 8 7 5 5 12 6 5 5 10 9 9 12 
12 6 6 10 10 11 5 7 6 5 11 12 7 10 5 5 9 5 10 5 11 10 5 11 9 10 11 12 10 9 10 8 5 7 11 9 8 12 9 10 9 8 10 5 8 9 6 8 12 6 5 8 5 
12 6 6 11 7 6 9 5 11 5 5 12 11 7 10 9 10 9 8 12 8 11 10 7 7 5 8 10 7 5 9 8 6 8 8 10 12 6 7 10 7 11 9 11 10 11 5 7 11 6 8 9 5 
5 9 12 11 12 11 11 6 8 7 11 8 10 8 6 10 12 11 9 12 12 6 8 11 7 8 9 8 8 10 6 6 9 5 7 12 8 11 7 12 6 10 6 10 5 7 7 9 8 7 10 11 7 
12 5 8 10 5 7 9 6 7 5 5 6 11 8 11 12 8 7 9 8 11 9 12 8 11 5 9 9 10 6 12 12 9 9 7 5 11 9 5 8 6 5 8 5 5 8 8 6 9 9 12 5 8 
12 6 12 6 9 10 7 12 11 7 5 7 12 9 7 11 7 6 7 7 6 8 5 10 5 10 6 6 6 7 7 12 7 7 8 8 9 11 12 6 10 11 7 5 6 6 9 12 9 10 11 10 8 
5 7 10 8 11 5 7 7 8 11 12 10 8 5 7 6 5 5 7 12 10 5 12 7 6 10 6 7 10 11 8 11 6 11 6 10 9 11 5 10 8 12 10 5 9 10 5 9 8 5 7 7 10 
5 11 7 8 11 9 9 6 8 8 7 5 8 5 9 5 7 7 9 7 7 5 8 10 8 10 8 12 10 7 5 12 7 10 6 5 12 6 7 6 9 11 12 8 7 7 7 7 10 5 10 5 7 
5 12 11 7 12 5 9 12 6 12 8 12 9 12 6 12 12 10 9 7 8 10 8 7 5 10 7 11 8 7 9 10 11 7 11 6 5 7 6 12 12 6 5 12 9 9 8 12 11 8 9 10 7 
9 5 9 6 12 12 11 7 7 5 8 6 10 11 6 5 6 5 10 10 9 5 6 9 5 6 11 12 11 12 9 8 9 7 12 10 11 8 9 10 9 7 10 6 6 11 6 10 9 12 5 7 7 
6 10 9 8 7 10 6 9 11 12 12 11 5 9 10 9 9 6 9 7 8 8 12 9 11 7 6 10 12 6 11 7 9 10 10 11 10 8 9 12 6 12 10 5 8 8 5 5 8 10 5 8 7 
9 7 5 11 9 8 8 12 12 7 9 6 12 11 12 8 6 6 10 12 9 10 8 9 8 11 7 5 12 5 12 6 6 7 9 11 11 9 11 6 8 10 5 5 8 5 5 9 12 12 5 7 10 
5 5 5 10 12 7 7 5 10 11 11 6 5 12 10 5 8 11 8 10 12 11 5 7 6 12 5 9 11 12 5 8 10 11 7 5 9 5 8 12 11 5 8 10 8 8 9 8 5 8 11 9 5 
11 8 8 8 11 12 6 12 7 7 11 9 9 6 10 9 9 6 10 8 10 11 9 8 12 8 12 8 10 7 5 6 5 12 12 10 9 5 10 6 5 5 10 11 9 9 8 5 11 10 6 9 11 
12 12 5 8 7 8 10 10 12 7 6 9 10 11 5 5 9 6 9 8 6 5 7 10 9 8 11 11 12 9 7 6 5 11 8 12 5 5 10 6 10 7 6 7 10 12 8 9 8 9 5 7 12 
5 5 12 6 9 5 10 12 10 9 12 5 5 8 8 12 10 8 7 8 12 12 8 11 8 11 12 10 12 11 10 5 10 5 6 8 12 11 6 9 10 7 6 11 11 6 12 10 8 5 6 7 7 
10 10 6 6 7 6 7 6 10 10 10 11 8 10 7 9 12 8 12 9 10 10 8 12 9 8 8 7 8 9 7 7 8 6 12 7 10 7 7 8 11 5 11 9 5 7 10 7 8 9 5 6 9 
10 12 9 9 12 6 6 9 10 8 5 12 5 11 11 7 7 9 10 12 12 8 11 5 5 11 7 7 7 12 10 12 12 7 9 6 9 11 6 9 7 10 9 8 5 12 9 11 6 6 11 7 7 
8 10 7 5 8 8 10 12 9 12 12 10 8 5 9 5 9 6 7 10 12 10 12 8 6 9 8 12 6 12 12 7 5 6 11 5 9 11 7 7 12 5 8 11 8 12 9 9 6 6 11 10 8 
9 6 5 11 12 5 10 9 12 9 10 5 6 9 6 8 7 9 7 12 12 8 6 8 8 6 6 11 8 6 7 12 5 8 12 9 10 10 6 6 12 8 10 9 10 10 8 12 5 5 6 10 10 
5 5 6 6 9 11 8 10 7 8 9 7 9 12 9 10 8 9 7 11 9 5 9 11 5 12 12 5 5 11 6 7 5 7 10 8 9 7 5 12 6 7 6 6 10 7 11 5 6 12 10 10 10 
5 12 9 10 8 9 6 8 6 8 10 11 12 6 6 6 12 9 7 11 11 5 11 10 12 7 11 12 5 8 9 5 9 12 11 10 6 11 9 7 7 8 12 12 12 8 7 9 9 5 11 7 12 
12 5 9 11 12 11 11 6 9 7 10 8 7 10 12 12 10 5 9 6 5 12 10 7 9 12 9 5 9 7 9 11 5 5 7 12 11 5 10 6 12 12 7 12 6 6 8 12 5 11 6 11 8 
11 12 6 10 5 6 10 5 11 10 6 6 11 5 7 5 10 9 12 11 10 6 12 9 6 7 5 6 10 6 6 9 8 11 7 8 9 8 7 9 9 8 6 7 6 10 12 8 10 9 10 12 6 
6 8 7 10 8 6 11 11 10 7 8 12 5 11 6 8 8 12 5 7 6 11 10 7 7 12 12 12 9 7 8 11 8 8 10 11 11 9 5 6 9 7 5 7 12 10 10 11 5 9 8 5 9 
6 5 5 10 5 11 9 9 11 7 7 10 12 8 9 8 5 12 10 12 12 7 8 8 5 6 10 8 6 11 12 11 5 10 9 6 8 11 8 9 6 8 10 7 12 10 11 8 10 7 7 9 7 
8 7 7 10 8 12 8 11 6 11 11 10 7 10 8 6 5 10 10 8 5 5 12 8 8 10 10 8 8 6 10 9 6 5 11 11 9 10 5 9 9 11 9 11 12 9 10 5 9 6 11 9 12 
8 11 9 10 5 7 7 5 7 7 8 10 10 12 6 8 11 7 6 12 12 6 10 11 5 11 7 7 5 5 9 6 10 11 5 7 5 6 7 7 9 6 6 11 5 8 5 7 8 7 11 6 5 
9 5 11 8 11 11 7 7 7 8 11 12 12 5 9 10 7 9 6 5 9 10 11 7 9 7 12 9 12 9 8 7 10 6 11 7 10 8 8 11 9 6 11 5 7 10 6 11 10 11 10 11 7 
11 8 8 6 12 8 5 6 6 10 9 9 12 12 12 9 8 12 10 11 12 6 6 11 10 7 8 8 6 10 10 9 11 11 7 8 11 11 12 6 12 12 12 7 7 6 7 8 10 9 11 6 8 
11 6 8 7 12 10 8 11 8 10 6 9 12 12 6 6 5 8 11 9 6 8 11 7 9 7 5 6 8 7 9 11 11 6 7 8 12 9 10 8 10 12 6 5 11 8 8 12 6 6 5 7 8 
12 6 12 12 5 10 12 8 5 12 6 6 6 7 12 9 12 7 7 9 8 10 7 8 11 6 5 5 9 5 5 9 8 7 6 9 9 6 12 11 6 8 7 12 5 8 5 9 12 6 6 12 5 
8 7 10 12 9 9 11 7 10 10 10 5 6 5 6 10 10 6 7 10 12 8 5 11 11 10 5 9 7 7 5 12 11 5 11 12 8 9 8 8 12 8 11 11 11 9 12 8 12 10 5 8 8 
8 8 10 6 11 5 10 11 8 10 12 8 9 9 10 12 11 12 5 11 6 12 9 7 10 10 12 7 8 5 9 5 7 6 7 12 8 8 7 9 11 5 6 9 11 12 7 12 8 7 6 8 12 
12 8 9 9 10 6 8 8 7 12 10 12 7 5 10 9 8 9 9 7 12 10 5 12 6 11 8 8 8 10 10 10 5 7 9 12 10 5 9 10 11 10 7 9 11 10 10 6 11 8 12 12 7 
7 12 10 6 5 8 12 9 9 10 8 5 7 8 12 12 10 9 7 8 10 12 5 10 6 11 7 10 11 8 10 8 5 7 6 11 5 5 10 8 5 7 7 5 8 5 10 6 5 8 5 7 5 
10 8 11 10 5 12 5 11 8 9 6 5 5 9 6 5 6 12 6 11 9 5 5 9 9 12 9 5 7 6 8 10 8 10 8 6 9 5 12 7 9 9 8 7 6 9 7 10 11 8 10 6 8 
11 12 11 10 12 12 10 5 8 11 10 7 11 7 9 6 11 6 8 5 10 7 10 11 8 6 7 5 8 6 12 5 9 12 5 10 9 9 5 10 5 8 5 5 12 9 11 5 12 5 5 11 12 
11 7 11 5 10 10 10 11 8 5 7 8 11 7 8 10 6 6 7 12 6 10 5 11 5 6 12 10 7 8 11 8 11 6 6 7 5 11 5 9 9 10 6 6 10 11 5 9 12 12 11 12 6 
10 12 9 5 8 5 11 5 6 6 12 9 6 5 8 5 11 11 9 9 11 11 5 9 7 8 5 11 8 6 7 8 12 12 6 7 9 8 9 7 9 11 9 11 7 7 7 11 9 6 5 8 7 
5 11 8 11 9 6 11 9 8 12 12 9 12 11 12 10 11 10 12 9 10 8 10 10 12 12 7 7 5 12 6 7 12 10 6 8 8 12 11 8 10 11 10 8 12 6 12 10 8 8 6 5 12 
7 6 7 12 7 8 10 9 6 10 10 9 9 12 6 6 7 5 12 11 12 10 10 5 9 7 11 6 10 11 6 8 8 7 5 8 8 8 12 9 11 5 9 11 8 10 12 10 7 7 6 12 7 
11 7 6 11 5 10 6 8 12 12 6 10 5 5 7 7 5 5 5 12 7 11 10 6 8 10 5 12 10 6 12 12 6 6 7 11 5 9 7 9 9 5 7 12 7 6 10 12 8 5 5 7 8 
9 6 5 6 10 6 7 6 11 11 11 11 7 8 11 9 8 9 7 9 12 10 8 6 9 8 7 9 11 10 5 8 11 8 12 12 9 5 6 10 6 9 5 10 11 10 10 7 7 5 9 6 7 
7 5 10 6 9 8 7 7 11 6 6 8 7 11 9 10 10 10 8 6 7 8 10 10 5 8 7 12 9 7 6 7 7 11 11 12 5 8 12 10 8 11 11 9 12 11 6 11 6 12 6 12 12 
5 5 12 7 5 11 10 7 10 10 11 8 10 9 11 5 5 6 12 10 10 8 5 6 10 11 12 8 10 5 7 8 5 9 7 10 9 10 7 7 8 10 12 5 10 11 5 8 9 6 12 8 5 
10 5 5 9 8 6 8 6 5 8 12 6 7 6 5 12 11 11 8 10 6 9 11 11 10 7 6 10 12 11 10 10 12 8 9 8 5 9 7 6 5 7 7 10 7 7 9 6 7 8 10 8 5 
11 12 5 7 12 8 10 8 8 9 11 5 7 11 8 9 12 12 12 7 11 9 7 8 10 12 7 6 11 5 11 9 9 7 8 7 9 5 7 9 12 12 7 12 10 10 7 5 8 7 7 9 12 
11 7 12 9 8 7 8 7 10 9 8 12 12 12 5 9 5 11 9 6 11 6 10 8 6 6 9 12 8 6 12 12 12 9 9 9 5 7 12 9 8 12 11 12 12 10 8 10 8 5 6 7 7 
7 7 9 8 6 5 9 8 11 8 8 12 5 8 5 9 5 12 12 7 10 10 8 6 8 7 12 7 5 9 7 6 12 11 6 7 6 9 7 7 5 5 11 11 10 9 10 7 10 6 6 8 5 
12 9 10 8 11 8 10 11 10 5 11 12 6 7 11 5 5 5 11 12 10 11 10 10 12 11 12 7 11 7 10 12 11 6 9 8 12 6 7 7 8 9 11 7 7 11 5 5 8 11 6 8 9 
8 9 12 8 6 9 11 11 8 5 6 5 8 10 10 10 5 8 9 5 5 8 5 7 11 12 5 11 10 7 9 8 11 6 8 7 11 7 5 5 9 9 5 11 6 5 12 12 6 12 9 7 6 
9 7 6 7 8 5 6 10 6 8 8 12 11 7 7 11 6 7 11 9 7 8 5 9 11 8 12 8 11 7 7 7 6 11 12 6 9 5 9 10 12 11 9 10 7 7 9 6 12 8 11 9 7 
7 10 9 11 5 8 12 6 11 5 6 8 10 9 8 8 5 11 11 8 11 10 5 10 9 5 11 11 7 6 8 7 10 12 5 5 11 9 10 12 5 9 11 6 12 12 6 12 5 6 12 11 8 
5 7 5 5 10 11 10 6 12 7 9 9 9 6 10 10 7 9 6 6 10 7 9 10 6 8 6 5 8 6 11 11 8 5 7 12 10 5 10 12 5 6 12 12 10 11 9 10 9 9 10 12 9 
10 7 10 7 5 12 5 10 9 10 10 12 10 8 12 11 10 10 9 8 12 8 11 7 5 10 11 9 12 10 9 7 11 10 6 7 6 9 5 12 12 8 7 9 12 9 7 6 10 10 5 6 9 
6 7 8 11 5 5 5 7 6 11 9 11 10 12 6 10 10 5 5 7 11 9 6 11 9 11 11 12 10 8 7 6 5 6 12 6 11 8 6 5 12 12 10 9 5 6 12 10 9 6 7 12 5 
7 5 8 8 10 9 8 11 11 11 11 6 9 5 5 11 12 12 11 6 10 9 6 5 11 8 6 5 6 8 8 5 11 12 11 7 10 10 7 12 12 10 7 7 9 9 9 5 9 7 12 12 7 
5 9 9 11 11 5 6 7 9 6 12 12 12 11 5 5 12 9 6 12 12 11 10 12 9 10 10 8 6 6 12 10 7 11 10 6 5 8 5 7 10 12 9 10 5 9 10 10 8 5 7 12 8 
7 7 12 5 7 9 7 11 9 8 11 7 12 7 11 6 6 9 8 11 10 12 5 7 12 7 9 6 12 9 10 7 10 12 8 12 9 11 7 12 6 7 10 5 11 8 12 5 7 10 8 11 9 
6 5 10 5 11 10 6 6 12 8 9 12 11 7 8 7 6 9 10 5 10 7 9 9 5 8 12 5 9 9 11 9 5 10 5 12 6 5 7 9 6 12 6 6 11 11 7 10 12 12 12 5 8 
10 10 5 7 8 9 6 12 10 12 9 12 12 9 8 8 10 10 8 9 8 6 8 5 11 10 9 12 7 12 7 9 11 9 8 5 10 5 10 6 11 11 9 8 11 6 9 10 9 8 9 5 10 
8 9 8 7 9 5 7 12 8 11 5 10 6 9 8 7 8 10 12 12 11 11 11 7 12 8 11 10 7 5 8 12 5 10 12 7 12 6 12 10 10 7 5 7 9 9 7 7 10 6 8 5 11 
12 12 8 10 5 12 5 7 11 12 5 5 10 9 11 10 11 11 8 8 6 8 10 10 7 10 11 10 5 9 6 10 7 11 7 10 7 11 11 10 12 8 5 8 10 8 11 12 5 5 8 10 6 
6 12 8 5 9 9 9 7 8 7 9 10 9 10 10 7 10 10 6 7 5 12 6 10 8 7 10 11 9 9 10 8 8 11 5 8 5 10 7 6 11 8 8 5 5 11 11 12 9 11 12 5 10 
10 6 9 10 7 12 6 7 11 6 11 5 8 7 10 5 7 12 7 5 9 7 9 7 8 5 7 6 7 12 5 7 7 10 7 5 11 10 5 7 6 8 7 5 12 7 11 9 7 8 5 11 11 
6 6 8 11 8 8 11 5 6 8 12 11 8 5 9 12 12 9 10 11 6 6 9 6 12 10 10 9 10 6 7 12 12 11 7 11 11 6 8 12 10 6 10 6 9 11 6 8 9 9 7 8 9 
6 8 5 8 8 6 7 12 10 8 5 10 9 12 7 7 10 11 6 7 6 8 8 5 8 5 9 10 6 7 6 8 7 10 11 9 5 8 8 12 10 6 7 9 7 8 9 12 11 6 10 7 9 
6 10 11 5 5 5 7 8 8 5 5 10 8 7 8 8 5 12 11 6 10 8 6 6 9 8 10 10 8 7 8 6 5 10 12 10 6 6 8 6 12 6 6 6 9 9 5 9 7 10 9 5 11 
10 12 5 10 12 9 6 10 7 11 6 12 10 9 5 9 10 12 9 11 7 12 5 5 8 8 9 5 12 5 8 9 12 10 5 8 5 9 8 11 9 7 8 11 8 8 9 5 11 5 8 11 10 
7 12 12 6 9 8 8 9 9 6 12 5 7 6 5 11 9 7 11 5 6 5 11 6 9 12 10 8 9 12 6 5 7 5 7 10 7 5 7 10 11 8 5 7 12 7 8 6 10 12 10 11 6 
5 11 10 6 7 8 9 9 12 12 10 12 8 5 5 12 9 10 5 12 5 12 9 9 9 10 6 12 7 9 11 8 7 11 6 5 9 8 5 5 9 11 8 5 5 7 5 6 11 9 11 12 6 
7 11 6 11 9 11 7 7 7 6 12 11 12 9 8 11 9 6 5 11 5 6 11 11 12 11 5 12 5 12 10 11 8 5 10 6 7 6 11 5 5 10 10 11 5 11 5 12 12 11 8 9 9 
6 6 10 12 7 11 12 5 9 8 11 6 7 7 9 12 5 7 8 9 8 10 12 6 11 5 5 8 12 7 12 8 7 6 11 7 10 7 10 9 8 12 7 10 9 11 5 6 9 12 9 5 8 
11 9 8 11 7 5 5 10 10 11 9 9 11 6 6 10 8 6 10 10 7 6 10 11 7 10 7 11 10 7 9 11 6 8 9 10 5 5 11 11 9 7 12 12 12 10 8 8 7 10 7 8 9 
9 8 5 11 7 7 10 9 11 12 7 11 9 12 8 5 5 11 8 12 7 9 8 10 8 5 5 12 11 8 9 10 7 12 8 6 12 12 5 9 12 5 6 10 5 6 6 8 12 12 9 11 12 
9 5 5 7 6 8 7 12 6 12 9 9 5 10 10 11 8 6 9 12 7 7 11 12 9 10 6 11 6 7 5 5 11 12 5 8 10 8 7 10 8 11 8 7 11 12 5 9 11 12 11 8 7 
9 5 5 12 5 7 9 10 8 11 11 8 11 10 10 9 7 6 8 6 5 5 8 6 7 8 9 11 6 5 10 7 6 9 9 7 7 10 7 7 6 5 6 6 11 11 6 12 12 10 12 9 10 
9 12 7 9 11 9 10 6 8 10 7 5 8 7 11 9 9 12 5 7 11 5 7 5 10 12 9 6 12 6 7 9 12 12 5 12 6 9 7 11 11 7 5 6 7 8 7 9 10 9 5 5 12 
9 11 7 5 11 11 7 12 7 11 12 5 8 8 7 8 10 11 5 8 10 11 9 9 11 11 9 6 6 6 7 10 9 8 11 5 11 7 6 9 7 10 10 6 7 8 9 10 12 5 12 5 11 
8 6 5 9 8 7 5 10 8 12 11 6 8 7 10 6 7 11 5 5 6 12 5 10 6 12 5 6 5 8 11 9 5 5 10 9 5 5 6 6 12 6 8 7 11 5 11 9 10 6 6 10 6 
8 11 9 10 7 6 8 11 9 10 12 8 6 9 5 10 9 11 9 9 12 9 5 7 11 10 7 9 8 5 6 10 7 8 11 10 10 8 12 8 8 10 5 11 9 10 10 8 5 10 12 7 6 
6 8 6 11 5 6 10 7 10 7 11 9 11 8 8 5 10 7 11 11 11 12 6 6 5 10 6 8 12 6 6 12 6 7 7 12 5 6 7 12 12 8 8 7 6 9 11 8 11 12 12 11 12 
8 8 6 9 5 12 10 9 8 7 6 10 11 11 6 10 8 8 7 5 7 10 7 7 6 12 11 12 9 12 9 6 10 9 7 8 10 10 11 9 9 9 12 10 11 9 9 11 12 11 9 11 5 
7 10 7 6 9 6 5 6 10 11 9 10 9 10 8 10 9 11 11 10 5 6 6 8 9 5 10 9 10 8 7 9 9 9 6 10 12 10 6 12 6 11 5 7 9 8 10 5 8 10 9 11 9 
5 6 9 11 10 5 8 5 6 9 11 8 11 12 10 5 5 7 11 9 7 10 9 8 7 6 10 8 8 9 11 8 7 10 7 8 8 5 8 10 9 9 5 10 7 8 12 11 8 7 10 10 9 
7 9 6 9 11 9 8 5 12 11 7 5 9 9 7 7 10 10 11 11 6 5 9 7 12 11 6 12 7 10 9 8 6 7 12 5 11 12 8 9 9 10 8 8 12 8 9 8 12 5 8 11 10 
11 12 10 6 5 6 7 8 10 7 12 5 10 9 10 12 8 8 5 10 9 10 6 11 12 12 9 10 10 7 9 11 8 12 8 7 11 12 11 7 11 11 12 5 11 5 10 7 7 9 7 5 7 
5 9 6 12 10 11 5 9 10 12 10 12 8 9 6 12 7 6 7 12 5 10 5 9 8 12 12 9 10 9 11 5 9 8 12 9 11 7 6 9 8 6 7 6 8 12 5 9 7 10 7 6 5 
5 7 5 11 8 11 6 11 9 12 11 7 10 7 10 5 11 11 10 10 6 9 6 12 12 10 9 12 6 6 9 12 5 9 6 5 6 11 5 5 9 8 8 7 9 5 8 10 9 12 6 7 12 
10 6 5 6 7 5 7 9 5 12 9 11 12 5 7 6 6 6 7 7 7 12 7 12 7 10 10 8 11 10 7 8 8 11 10 11 10 12 8 5 12 8 5 5 8 10 8 8 10 10 9 5 8 
9 9 11 5 9 11 7 6 9 10 11 12 8 12 11 12 7 5 9 11 12 6 12 5 12 8 12 8 9 12 10 12 12 12 6 7 5 7 8 6 9 9 11 6 11 9 6 12 6 8 5 9 9 
7 8 11 12 7 11 8 10 6 6 12 8 9 5 12 5 5 10 11 10 11 9 6 12 12 5 12 8 8 9 8 6 5 10 9 9 6 11 9 6 10 8 5 11 7 8 5 10 6 5 5 5 8 
5 11 12 10 6 10 5 5 5 6 12 10 8 8 12 12 5 5 12 5 10 10 5 6 7 10 11 9 9 12 10 9 8 6 11 5 11 7 7 8 10 12 11 5 12 9 12 9 10 10 5 9 11 
10 7 6 10 11 9 6 6 7 8 5 8 8 8 12 10 11 11 8 6 10 10 6 12 9 10 6 8 9 9 5 11 12 9 8 9 8 11 5 12 8 8 12 7 6 12 7 5 6 12 6 10 7 
9 6 10 11 6 10 9 10 7 10 11 9 10 11 5 9 10 7 11 5 9 7 11 11 6 6 10 7 8 8 6 5 10 11 12 6 7 5 11 12 7 6 9 9 11 7 12 5 5 11 11 7 12 
5 6 6 7 10 11 7 7 9 11 10 10 8 12 9 5 8 8 9 10 11 6 12 11 5 8 5 5 10 12 5 8 6 7 6 6 11 7 7 10 6 7 7 12 10 9 5 10 10 7 7 8 9 
10 9 11 12 7 9 10 10 7 9 6 11 5 12 12 7 6 5 9 8 12 12 5 11 11 10 11 11 8 7 8 7 6 10 10 12 11 9 11 6 10 9 6 11 10 8 9 8 8 9 11 8 8 
9 8 10 10 8 11 11 11 9 11 5 8 5 9 6 10 12 9 11 7 6 7 6 5 10 12 5 5 5 9 6 5 5 11 8 6 6 8 11 7 5 8 11 10 11 8 9 6 12 11 11 12 8 
10 12 6 10 6 7 5 7 10 8 10 9 6 12 7 5 10 10 6 10 8 10 10 12 6 5 6 7 10 12 11 7 6 6 5 7 6 5 8 9 7 8 7 6 11 6 5 6 10 9 8 9 11 
9 10 7 11 11 10 6 5 9 10 10 12 11 10 10 5 7 6 9 7 5 11 9 7 6 8 7 8 7 11 11 8 8 9 6 9 10 9 9 5 7 11 11 11 12 5 11 10 5 7 7 11 8 
8 5 5 5 8 8 11 12 8 6 8 7 6 7 5 10 5 8 10 8 5 8 12 8 7 10 6 8 11 5 11 8 5 9 10 10 6 11 11 8 7 10 10 7 11 11 10 11 5 10 11 12 8 
10 6 7 6 7 8 7 11 10 6 5 10 12 9 5 8 6 10 12 8 9 7 7 7 10 6 6 9 8 9 9 12 9 10 9 11 9 9 10 5 5 5 7 8 7 8 7 7 11 5 7 12 9 
6 8 10 11 9 10 10 10 11 9 8 5 8 7 7 10 9 10 11 7 7 7 5 10 7 7 12 8 7 9 9 12 8 9 12 8 12 8 6 8 10 11 6 5 7 8 8 8 7 6 11 8 5 
12 10 5 7 5 5 5 6 11 9 8 12 10 5 7 7 6 6 10 5 8 6 10 8 12 8 12 12 6 7 7 6 7 7 8 8 10 12 12 10 12 10 5 11 11 5 9 9 6 10 8 5 6 
6 12 10 12 5 5 7 11 5 6 11 6 5 10 9 5 8 12 12 12 6 5 5 5 12 6 10 8 11 9 9 7 7 11 6 7 9 5 9 12 7 11 12 11 10 12 11 6 8 12 12 12 12 
6 9 7 11 6 12 10 7 6 10 11 9 7 11 5 11 10 10 9 12 7 8 6 7 7 5 6 6 5 9 11 11 10 8 10 8 9 5 6 8 7 8 9 5 7 10 7 10 6 8 11 12 10 
7 5 5 8 8 12 9 7 12 9 5 7 9 12 12 6 5 12 12 12 10 9 9 5 11 11 8 7 6 8 7 12 10 10 11 10 11 8 9 10 12 7 9 6 5 7 8 6 5 10 5 12 9 
11 6 7 5 12 12 5 10 11 5 5 9 5 8 12 7 10 6 5 10 12 7 6 11 11 10 9 12 10 10 9 12 8 5 6 9 7 6 10 5 9 6 12 12 12 6 5 12 11 8 10 6 8 
7 9 12 6 12 7 12 12 10 9 12 7 12 10 6 6 6 12 6 12 10 10 9 9 12 6 9 10 7 7 7 11 9 5 8 10 12 8 10 6 7 5 8 8 5 10 5 8 12 5 6 11 9 
7 11 11 10 7 7 8 11 5 5 6 5 11 6 7 12 11 8 10 8 5 9 11 7 7 5 6 8 11 12 6 11 11 8 11 8 8 5 12 5 11 9 8 11 11 6 11 11 9 6 7 5 9 
7 9 10 10 7 6 11 6 9 6 8 6 8 8 6 8 12 6 11 11 11 9 11 5 10 8 9 10 11 6 6 8 9 10 5 9 10 10 11 8 5 10 9 7 12 10 12 9 11 6 6 12 10 
10 6 9 7 5 6 6 8 5 11 11 8 12 10 5 7 10 9 8 7 11 12 8 12 9 10 9 11 5 7 5 7 10 10 6 8 11 9 5 5 7 12 10 11 9 8 5 6 5 6 5 7 7 
11 7 7 6 8 9 12 10 12 7 9 10 9 5 11 9 12 6 9 9 9 5 11 8 7 11 6 11 8 8 6 8 12 5 6 8 6 9 5 5 7 10 9 8 9 6 8 7 7 11 12 5 11 
12 7 10 7 5 8 12 9 9 12 6 9 9 9 8 12 8 6 7 6 5 7 6 12 9 8 5 8 10 8 10 8 7 8 5 8 12 11 9 7 8 8 7 8 5 6 12 11 8 9 7 11 10 
10 12 8 6 11 12 8 12 10 8 9 5 5 11 11 8 8 8 12 12 11 5 11 7 8 6 9 7 11 5 5 7 11 8 7 12 8 11 7 8 5 8 7 7 7 12 6 9 6 12 7 7 5 
7 9 8 5 6 8 6 7 9 12 5 9 12 8 12 7 11 5 8 6 9 8 5 6 7 10 6 6 10 7 7 5 6 10 8 6 10 6 5 10 12 7 12 5 7 10 7 10 10 11 10 8 11 
6 7 9 12 8 8 8 12 6 5 11 9 6 7 10 12 5 12 7 6 8 12 6 10 7 10 7 10 7 8 9 7 8 12 9 11 6 7 11 9 11 9 8 8 5 5 10 12 11 10 12 5 6 
12 5 12 6 8 6 11 11 8 9 12 5 6 5 5 6 11 8 10 6 10 12 11 7 9 5 8 10 8 9 11 9 6 9 5 7 8 8 11 5 10 9 10 7 11 6 9 6 12 6 6 7 10 
6 11 12 12 12 10 9 7 8 7 9 8 11 5 10 9 12 12 7 8 9 10 5 12 11 7 8 10 6 5 6 7 7 7 12 6 6 9 8 12 6 9 7 11 11 5 7 12 11 5 8 8 8 
10 7 9 5 8 11 12 7 7 11 10 6 8 7 7 12 6 7 10 5 10 9 7 8 12 7 9 5 7 7 12 7 5 5 10 12 10 6 11 10 5 6 11 12 12 5 7 6 8 6 8 5 9 
8 11 11 11 8 8 9 9 6 10 5 8 7 6 7 8 11 7 7 6 8 9 9 5 7 5 11 7 5 5 6 7 5 9 11 8 11 8 8 11 12 11 11 5 5 6 7 7 9 8 5 11 7 
6 12 11 11 11 11 11 12 10 7 10 6 7 9 5 9 11 9 6 9 6 9 11 7 10 11 9 8 6 12 10 5 8 5 5 11 7 8 5 11 7 8 12 12 6 12 10 8 7 5 8 5 5 
6 10 5 10 12 5 8 8 5 5 8 8 6 11 5 10 8 12 10 12 10 5 8 6 5 5 9 5 12 12 8 6 10 11 7 6 9 12 9 7 8 12 9 6 12 5 11 11 11 9 10 9 5 
11 9 6 11 8 5 5 5 7 10 10 6 5 6 6 11 12 11 12 12 5 9 10 10 11 11 12 10 10 9 5 8 8 6 8 8 11 11 7 8 11 11 9 10 9 8 9 9 8 6 12 10 10 
7 12 6 6 7 11 12 9 8 9 12 11 9 10 9 12 10 10 6 7 12 11 5 5 7 8 12 5 11 10 10 10 10 11 8 6 6 9 10 6 8 6 8 5 9 5 8 5 12 7 7 11 11 
7 8 11 9 11 12 5 8 5 11 6 12 8 9 9 8 6 12 7 7 9 5 5 6 9 5 6 8 6 10 8 9 7 11 11 8 10 8 7 6 12 5 5 12 11 8 9 5 10 9 6 7 5 
10 11 8 6 7 5 6 7 8 5 7 9 5 11 10 12 9 11 6 8 9 7 10 12 7 5 5 5 10 11 7 9 8 8 7 11 7 12 6 10 9 10 11 6 6 5 9 11 6 10 6 9 7 
5 6 10 11 6 8 6 6 12 6 12 7 10 11 10 5 10 8 6 12 8 7 6 7 8 12 5 8 11 8 7 6 5 8 7 7 10 6 6 6 11 6 7 6 12 12 9 8 8 12 5 9 6 
9 8 8 5 11 11 6 6 11 9 7 10 8 9 8 12 7 5 10 7 6 10 6 11 10 9 8 12 10 5 9 12 11 6 8 11 5 5 9 12 6 9 9 9 6 9 9 9 11 11 9 9 6 
5 6 9 5 10 6 8 10 7 12 11 12 6 8 10 12 11 9 11 11 5 5 12 10 7 8 11 10 8 11 8 6 7 7 5 5 11 10 12 12 11 9 10 12 9 7 11 7 12 5 6 9 6 
11 10 5 11 5 9 5 11 9 12 6 10 8 7 11 6 11 7 9 8 9 9 11 7 6 12 6 9 6 10 8 12 10 11 5 12 9 11 10 5 11 5 6 12 10 8 5 9 10 9 7 8 11 
8 9 8 5 7 10 10 11 9 8 6 10 8 11 11 12 10 11 7 8 12 6 6 5 7 5 5 7 10 7 9 8 8 6 11 11 12 9 7 5 10 9 6 12 8 8 9 5 5 6 6 9 8 
6 8 8 12 9 10 9 11 10 12 7 8 10 9 8 10 12 8 11 6 11 10 8 11 10 11 5 12 5 5 5 10 7 9 11 8 11 8 8 11 6 9 9 9 5 11 5 9 11 5 6 12 6 
11 5 10 11 12 11 8 6 11 5 8 7 11 7 10 10 6 5 10 5 7 6 10 7 6 10 9 7 5 5 12 10 9 12 12 10 11 8 8 11 7 9 12 7 12 12 10 5 5 8 9 6 8 
5 11 8 5 6 11 6 9 9 6 8 12 5 9 6 7 11 12 11 10 8 6 8 5 10 9 6 5 8 6 8 10 7 12 9 7 10 6 10 9 10 11 6 11 7 10 9 9 5 12 6 12 10 
12 8 6 7 5 12 6 6 12 5 6 11 6 8 11 5 10 9 5 7 10 5 8 10 6 10 9 6 9 12 5 9 8 9 7 6 9 7 8 9 8 12 12 10 8 6 10 8 8 5 12 9 11 
6 9 7 5 9 7 5 11 5 12 10 10 10 7 5 10 7 11 10 12 5 12 11 10 12 12 11 7 5 8 7 7 7 7 6 7 6 11 11 8 9 11 8 8 10 7 12 10 12 6 8 7 8 
5 7 5 8 9 5 7 8 7 10 5 10 9 6 5 9 12 7 10 8 8 8 12 11 8 5 8 6 10 12 10 5 9 6 8 12 9 7 8 8 10 9 5 5 9 8 6 10 11 10 8 10 12 
5 5 12 8 5 5 5 7 6 12 12 6 7 11 7 11 8 11 12 9 5 8 10 5 11 11 9 8 11 10 7 7 5 12 5 7 6 7 9 5 5 5 5 5 11 7 8 8 9 8 12 12 6 
5 8 7 8 10 6 11 11 9 7 9 8 8 6 7 8 8 11 11 10 5 9 5 9 11 9 8 9 5 8 10 11 12 7 5 7 6 10 12 9 12 11 9 8 9 7 6 11 8 9 11 12 5 
6 8 9 7 9 11 9 12 8 12 5 5 7 7 7 12 11 10 6 12 9 8 10 7 8 5 6 5 5 11 12 12 5 12 5 11 8 9 8 12 12 10 11 9 8 7 8 6 10 7 10 7 11 
6 8 11 9 12 9 9 5 12 9 10 7 11 11 8 6 10 7 5 12 12 6 7 10 12 12 11 8 9 12 7 7 11 10 12 11 11 5 12 11 6 12 8 10 11 11 5 11 5 6 8 9 10 
5 8 5 5 8 11 11 9 5 11 7 7 8 10 12 10 10 12 5 9 5 5 8 12 6 11 7 11 12 12 9 12 9 11 9 11 7 7 5 6 12 12 10 10 9 6 5 8 7 11 5 12 11 
9 7 8 12 9 10 12 10 10 5 9 9 8 6 6 6 6 5 10 10 9 7 11 5 7 7 7 5 9 10 8 6 5 9 5 12 7 5 8 7 8 6 10 6 7 12 5 8 8 10 11 6 10 
8 11 5 6 8 5 11 12 11 6 8 8 5 5 7 5 6 6 12 8 10 7 8 9 12 10 11 5 6 11 9 8 12 10 9 9 10 10 10 6 10 11 6 10 11 6 12 12 6 8 8 10 11 
8 6 5 12 11 7 6 8 8 11 10 11 8 8 10 11 8 9 6 6 10 11 11 11 9 12 11 6 12 12 12 8 12 9 11 6 9 5 10 8 10 11 8 5 12 11 8 5 6 9 5 7 10 
5 12 5 5 6 10 12 11 8 8 8 5 8 12 8 12 5 10 6 11 10 10 10 8 9 12 7 11 10 10 5 10 12 12 9 12 11 10 10 12 11 5 5 9 12 7 12 12 6 5 10 9 7 
9 10 10 11 5 8 8 11 5 8 11 9 12 7 12 11 10 7 9 6 12 6 9 12 12 8 9 9 11 12 6 11 12 5 11 8 11 10 5 5 6 8 5 12 11 7 6 5 10 10 9 8 12 
11 5 9 12 6 10 5 12 12 8 5 12 11 11 9 7 12 10 7 6 6 8 12 9 9 10 9 10 5 11 10 5 12 5 11 6 5 8 11 9 10 8 6 7 5 9 6 8 6 6 10 12 8 
12 9 6 5 8 8 11 7 8 11 7 9 8 9 10 5 11 11 9 7 5 6 7 9 7 6 6 8 11 5 8 7 8 5 11 11 8 10 5 8 8 12 11 10 7 11 8 5 11 12 5 9 9 
12 12 8 11 10 9 10 7 9 11 12 5 5 7 12 9 7 6 8 10 12 8 7 10 11 9 7 8 6 11 9 10 8 12 11 6 9 10 12 11 6 12 5 11 12 10 6 12 5 8 7 8 12 
7 8 9 6 12 10 9 11 5 8 9 11 9 8 8 12 8 7 7 11 11 12 10 8 5 11 9 7 10 5 8 12 7 5 12 7 10 7 7 8 11 12 6 5 11 9 9 10 11 9 10 8 9 
7 10 9 7 9 8 11 5 10 11 11 8 7 11 12 10 12 10 8 11 7 9 5 8 5 8 12 12 11 6 6 5 8 10 8 8 10 9 9 7 6 9 10 10 12 5 5 12 10 10 8 7 7 
9 12 10 11 7 9 10 6 9 5 7 6 12 5 9 5 11 11 10 9 10 8 6 6 11 11 8 9 7 11 6 6 8 10 9 5 12 10 6 8 12 12 8 9 6 7 9 9 8 6 6 12 6 
6 11 11 5 6 7 9 9 7 9 11 12 6 11 10 8 7 6 11 7 12 7 9 9 7 8 8 6 5 10 5 12 11 9 5 11 5 8 11 7 12 7 6 6 8 10 10 11 7 12 5 10 5 
12 5 12 12 7 9 5 5 6 5 5 8 9 10 12 9 11 5 10 12 8 7 6 9 5 5 12 11 7 8 12 6 7 7 9 7 12 12 7 9 10 5 9 5 10 12 10 9 9 9 10 12 5 
6 11 9 5 11 5 10 8 11 6 7 9 6 6 8 10 9 11 7 7 11 8 9 12 10 11 6 9 5 7 6 12 11 7 7 8 12 12 5 6 6 9 9 9 11 12 6 6 8 8 7 11 9 
9 12 7 12 8 7 11 11 8 10 8 6 8 12 9 8 10 12 9 8 11 12 8 12 11 9 10 9 7 10 9 6 6 8 12 9 9 5 8 10 7 8 6 7 7 7 5 7 7 6 10 11 12 
7 12 10 11 10 5 12 8 8 6 10 5 10 10 11 6 8 7 10 10 6 8 6 12 9 6 10 10 11 7 6 6 11 8 5 12 9 7 10 11 8 12 12 7 5 10 9 6 7 8 10 10 7 
5 11 6 10 11 7 5 12 11 9 7 8 9 6 5 5 9 9 7 11 10 6 12 7 11 11 10 10 11 12 7 9 5 7 7 9 12 7 6 9 11 12 8 5 9 11 7 7 10 10 6 8 9 
7 12 8 5 10 10 11 9 7 8 5 9 8 5 6 10 11 6 9 9 8 9 10 7 6 10 6 11 6 6 8 8 7 6 9 8 12 6 7 9 11 7 10 8 8 9 11 12 9 5 5 12 11 
10 8 11 5 6 11 10 11 8 11 7 6 12 10 5 10 6 9 12 8 10 8 10 5 11 5 10 11 11 12 12 6 11 7 6 10 11 6 9 11 12 8 6 12 12 10 11 12 10 7 9 6 10 
9 8 9 11 7 5 8 7 7 10 10 11 6 6 11 8 6 8 12 10 7 6 10 7 10 10 11 9 9 8 6 7 11 9 10 9 6 12 7 11 6 5 5 12 6 6 10 7 12 5 8 9 9 
6 6 12 9 11 5 12 8 9 6 9 6 5 10 12 5 7 10 5 8 5 8 12 6 11 6 6 7 10 6 10 6 7 9 5 8 5 12 11 12 5 7 7 11 5 8 5 10 6 8 6 5 11 
12 11 7 7 7 6 8 6 6 5 5 7 12 8 6 8 6 6 12 11 10 11 10 8 12 12 5 10 9 6 7 6 8 11 8 9 5 6 6 10 7 10 7 8 5 6 12 5 5 12 9 11 5 
11 10 6 6 9 8 10 5 12 11 6 11 11 10 10 8 8 10 5 11 9 12 10 5 7 10 11 8 7 10 6 10 8 11 7 6 11 8 7 12 10 12 12 7 10 5 9 8 10 11 7 9 9 
10 11 5 11 7 10 6 5 8 11 7 9 7 12 12 12 7 8 6 6 7 7 11 9 8 6 5 6 10 8 9 12 12 5 12 10 11 11 9 7 10 10 6 8 11 12 8 10 5 5 11 9 7 
7 7 8 12 9 7 10 7 9 12 8 8 8 9 11 7 5 8 5 9 12 6 11 10 8 10 6 10 6 11 11 10 5 11 7 8 11 6 6 9 9 8 6 7 10 6 8 11 8 11 7 5 8 
6 11 10 7 10 8 12 12 7 11 8 7 7 5 5 11 11 12 9 9 6 6 8 5 10 7 7 12 10 12 5 6 8 8 11 9 8 8 6 6 5 11 11 8 11 12 10 9 12 10 6 7 6 
7 12 8 5 8 9 10 5 5 9 7 11 10 6 6 5 5 6 12 6 9 8 5 7 10 8 6 10 10 9 5 9 11 10 12 7 5 12 9 12 10 11 9 7 9 11 7 7 8 5 7 11 6 
9 8 11 8 6 9 6 10 9 11 5 8 11 8 8 5 6 10 7 11 8 7 12 12 9 11 8 10 10 6 10 10 6 8 7 6 6 10 6 10 7 7 12 7 6 12 8 7 8 11 7 8 11 
6 10 5 9 10 6 9 6 9 5 5 7 5 11 11 5 10 12 12 11 11 12 8 12 8 7 12 9 7 10 9 10 8 9 10 10 5 11 5 8 9 11 6 11 8 8 9 5 8 7 7 12 7 
7 10 5 5 5 12 9 11 9 5 5 12 9 12 5 11 5 8 9 5 11 7 10 8 12 6 6 12 6 10 10 9 11 7 8 10 10 7 10 9 5 5 5 10 11 10 9 12 6 8 8 5 7 
6 5 5 9 11 7 7 11 6 6 11 10 5 6 7 7 12 10 8 12 9 10 11 5 6 7 8 5 6 6 10 6 12 12 8 5 8 9 8 5 11 8 12 11 5 6 5 10 5 9 8 8 9 
11 6 8 6 7 8 10 10 11 11 8 8 6 8 10 5 12 7 12 9 7 5 6 7 9 11 12 8 8 10 8 12 9 11 5 11 8 12 5 12 6 8 5 12 12 5 6 9 7 12 8 7 12 
5 11 11 6 10 6 6 6 12 11 12 11 11 10 5 10 10 6 12 7 9 5 6 5 8 11 5 10 8 9 6 7 12 10 8 6 8 7 7 12 9 11 7 10 5 9 12 7 12 5 9 8 7 
8 8 10 8 8 10 6 10 7 7 7 11 11 8 9 7 6 10 10 6 7 6 5 9 9 8 12 9 10 12 6 9 6 8 10 5 5 6 11 11 10 8 12 8 6 9 6 6 5 9 7 5 7 
9 5 8 9 8 12 9 5 5 12 8 7 6 6 8 10 9 8 10 11 9 8 5 11 12 5 6 11 10 12 5 11 8 10 9 11 5 5 5 6 12 8 10 12 12 6 7 7 5 6 7 8 12 
8 10 10 8 8 6 7 6 8 7 11 10 11 12 6 7 7 12 5 9 10 9 11 9 9 5 12 8 5 10 10 7 6 6 12 7 12 6 11 5 12 10 7 8 8 10 10 6 11 7 11 11 11 
5 5 12 8 7 9 11 11 12 10 12 10 9 7 7 12 7 6 7 8 6 7 10 11 9 7 10 9 12 6 12 11 12 11 6 10 7 6 6 11 12 6 9 12 11 12 10 6 7 8 11 11 11 
11 8 9 12 5 10 8 5 7 10 9 8 11 7 8 12 11 9 11 10 8 7 11 5 12 6 10 9 9 10 5 10 11 10 5 8 12 7 9 10 7 6 6 9 7 7 9 6 8 12 12 7 6 
5 7 6 6 11 9 10 9 12 8 10 8 8 5 7 12 9 11 9 5 8 9 5 6 5 6 6 6 6 5 10 10 5 9 6 9 11 11 12 9 9 9 11 8 9 9 8 5 8 7 12 8 7 
11 6 7 10 6 11 11 9 7 11 11 5 9 6 7 5 7 6 7 9 11 6 5 6 10 11 7 12 12 11 10 12 11 12 12 7 10 5 9 11 9 10 9 6 6 12 7 8 5 8 12 12 11 
10 5 7 8 9 11 12 11 12 10 8 10 5 12 10 10 5 6 12 12 8 11 8 9 11 8 5 7 11 9 9 12 7 10 12 10 9 7 10 12 9 8 9 8 11 7 11 5 10 12 6 7 5 
11 11 9 8 12 12 11 6 12 9 12 6 10 12 9 11 5 12 6 9 11 7 12 5 5 12 12 12 10 8 11 7 8 6 7 5 10 12 9 9 7 12 11 6 7 9 12 8 11 11 9 5 5 
12 7 12 6 11 6 12 7 9 8 8 10 11 10 9 10 7 10 5 8 10 10 7 8 9 12 7 11 7 7 12 5 6 8 6 10 9 12 9 5 10 5 7 9 8 11 5 12 11 5 9 9 11 
9 10 5 5 8 8 11 7 5 6 12 7 8 6 9 7 6 11 11 11 11 12 6 6 10 8 8 9 12 5 8 6 7 6 5 5 9 12 5 5 6 11 8 5 6 9 11 10 11 10 9 12 9 
8 7 5 6 10 7 9 12 10 7 12 5 11 10 9 7 10 8 7 8 12 10 9 11 9 9 5 11 7 7 12 8 10 5 12 8 11 7 11 7 7 5 5 10 9 11 8 9 10 12 6 11 8 
10 10 6 5 9 6 7 9 5 5 7 11 9 5 7 12 9 7 5 12 10 9 7 9 8 11 7 5 9 10 8 7 9 10 8 5 12 7 7 9 11 5 7 9 9 6 12 12 5 12 5 9 6 
8 12 10 10 10 11 10 7 10 7 10 5 7 9 10 11 6 10 6 9 5 7 6 6 8 6 11 12 11 8 7 9 9 8 5 7 5 10 9 6 8 7 8 7 10 8 11 12 12 9 8 7 5 
9 10 9 11 6 10 12 12 6 5 11 6 11 8 8 12 7 10 6 10 9 9 8 11 6 8 9 8 11 7 6 12 10 11 9 6 12 8 7 7 6 12 12 5 6 5 5 7 8 6 7 9 12 
6 6 10 10 10 9 12 9 12 12 12 12 11 5 11 7 5 12 12 8 11 12 7 9 12 7 5 5 12 9 5 9 6 11 6 5 8 11 6 11 6 10 11 7 9 7 8 7 10 10 10 6 10 
11 12 11 11 12 7 7 12 12 6 7 9 6 9 7 10 9 7 8 5 9 10 10 6 6 6 6 6 11 11 5 9 10 11 5 12 6 5 6 7 9 11 7 8 7 9 7 8 10 7 8 10 7 
9 6 9 10 5 9 9 6 5 7 9 7 5 7 7 11 7 9 12 6 5 9 10 5 7 5 11 6 6 5 12 6 8 11 10 11 5 11 11 11 9 12 9 12 11 8 10 5 12 9 12 12 5 
12 7 10 11 10 10 5 12 12 11 5 6 8 10 9 5 10 5 10 6 12 9 7 11 8 7 11 6 5 5 12 8 9 7 5 12 6 6 7 8 8 8 11 12 5 7 12 7 6 6 11 6 6 
10 10 5 8 6 12 11 6 9 5 9 7 11 6 12 8 6 12 11 7 10 10 11 11 12 12 9 8 7 6 7 10 11 11 11 8 5 10 12 11 7 6 7 7 10 5 9 9 10 12 5 9 9 
9 9 10 6 9 12 8 7 11 10 9 12 12 11 7 6 12 9 5 8 9 9 8 5 11 12 8 10 7 6 7 5 8 6 9 7 11 8 5 6 10 7 11 6 12 7 6 8 10 10 12 11 5 
8 11 11 6 5 6 7 6 6 9 7 7 12 9 6 10 12 7 12 11 6 7 7 11 5 12 12 12 6 7 8 10 12 7 12 7 11 11 8 7 12 6 6 6 9 9 11 7 10 8 10 6 6 
6 10 8 6 10 8 10 6 6 8 7 5 5 8 6 8 6 5 11 10 6 11 5 6 10 7 8 8 5 7 12 9 7 12 5 9 7 7 12 10 11 10 6 11 5 8 12 10 7 7 11 6 11 
5 12 11 12 9 7 7 9 11 11 5 11 7 9 8 5 6 10 10 11 6 6 5 6 11 7 10 7 5 5 9 10 12 12 8 6 9 10 7 10 7 5 11 10 10 12 9 9 7 5 6 9 12 
7 5 9 9 9 8 6 7 11 10 6 8 11 5 9 8 11 7 8 10 8 11 11 6 7 5 5 9 11 6 11 5 10 9 5 11 8 12 12 6 12 11 5 10 10 9 12 5 9 9 12 12 6 
5 6 9 8 12 9 12 5 9 9 8 5 10 11 8 6 6 7 9 7 10 7 9 10 6 8 8 11 11 6 6 6 8 12 6 8 6 12 9 12 8 12 6 9 7 10 8 10 5 10 8 6 8 
5 5 9 10 12 10 11 6 5 7 7 5 5 10 7 10 7 7 6 11 12 5 6 10 11 12 12 10 11 12 8 5 7 7 9 5 9 9 8 10 10 7 11 12 8 7 6 10 9 6 5 10 8 
7 5 9 6 10 11 5 10 12 5 9 12 6 8 9 6 8 10 7 12 7 9 5 6 12 11 12 11 7 8 12 9 12 12 5 10 5 9 6 8 8 5 12 5 10 8 5 12 12 9 5 12 5 
9 8 6 9 8 9 5 9 6 11 6 10 5 6 8 10 5 5 5 8 8 5 9 12 8 8 11 7 5 11 10 12 11 12 9 7 11 9 6 12 9 5 8 11 6 12 7 11 7 9 8 5 6 
5 9 11 7 11 10 8 6 10 5 9 7 11 7 5 6 11 7 9 8 11 6 7 9 6 8 7 7 11 10 6 7 12 12 7 7 6 10 8 12 10 5 6 5 11 7 11 7 9 7 6 11 5 
9 12 5 6 10 7 6 11 10 12 11 10 11 8 7 9 10 5 7 11 11 10 5 5 10 9 8 9 7 6 10 11 9 12 9 10 6 9 10 9 9 5 11 7 6 7 7 11 11 9 8 12 7 
5 8 9 7 8 8 12 6 6 5 12 5 6 7 11 11 7 12 5 7 11 5 10 12 11 7 6 12 12 5 7 8 8 12 6 7 8 7 10 5 8 12 9 5 11 6 9 10 9 12 6 11 6 
11 12 6 5 7 8 6 12 8 10 7 10 10 6 9 7 5 11 11 11 7 10 11 10 6 11 11 5 11 6 6 12 11 6 11 12 7 10 8 11 7 6 11 12 11 7 6 7 10 6 9 7 6 
7 12 11 7 11 5 5 7 11 7 7 7 5 12 8 8 12 11 9 12 11 5 12 5 10 5 7 6 12 7 5 9 8 11 6 9 7 9 9 10 6 6 7 5 12 8 9 8 5 7 12 5 9 
5 12 10 7 7 7 9 6 12 12 9 5 6 12 12 8 6 7 10 6 5 10 7 10 8 8 8 7 11 6 12 7 10 12 8 5 12 8 11 10 9 5 12 5 5 12 9 6 5 9 9 5 10 
10 11 6 11 12 9 8 8 7 8 6 5 10 9 6 11 9 5 8 5 6 11 9 9 7 6 9 6 7 6 9 5 6 11 9 11 5 9 9 5 5 8 6 5 8 12 8 5 11 5 10 9 9 
7 9 10 11 12 8 7 7 8 11 7 7 6 11 5 12 10 10 11 10 6 7 11 5 9 12 9 12 12 6 12 6 7 5 7 10 12 5 11 11 9 11 8 12 12 12 11 8 10 11 10 5 9 
9 6 10 7 10 8 6 11 5 7 11 10 12 9 12 12 6 8 10 8 9 7 5 5 12 5 9 11 11 9 7 9 12 7 6 8 10 9 9 8 7 10 10 10 8 7 7 6 12 7 5 5 5 
12 11 9 10 10 8 12 12 8 7 6 7 5 9 11 11 5 11 5 12 12 10 6 7 10 5 8 7 7 11 8 6 9 12 8 7 11 12 5 12 8 5 8 11 9 11 8 7 12 6 8 12 6 
12 5 10 9 6 12 6 9 12 9 5 11 10 10 11 8 5 5 12 9 9 8 8 11 5 8 12 5 10 11 6 7 7 9 9 5 8 8 10 12 8 8 10 5 5 8 6 8 11 6 11 10 12 
12 6 10 6 9 11 8 5 5 11 7 11 9 12 6 5 6 12 9 8 6 5 5 12 8 8 11 7 7 11 12 5 5 5 7 7 12 11 7 9 6 12 8 9 5 10 11 12 5 10 8 11 9 
6 11 7 11 8 10 8 8 10 6 12 11 12 9 6 9 6 7 5 5 6 8 7 5 12 12 6 5 12 8 9 10 12 8 6 10 7 5 7 9 9 9 10 7 12 9 5 9 10 11 10 12 12 
7 8 10 10 11 10 6 12 9 11 10 9 12 10 11 5 11 11 11 8 5 6 7 5 6 12 10 9 9 7 10 5 6 9 10 12 5 8 8 9 12 8 7 11 6 10 8 10 5 12 12 7 9 
8 5 7 9 9 6 9 9 12 7 8 5 12 6 10 5 8 11 10 9 9 11 11 7 6 7 6 10 10 5 6 6 9 7 10 10 6 11 10 12 9 12 6 11 8 6 12 9 11 7 8 7 12 
12 9 6 7 10 9 11 6 7 12 11 8 7 5 8 11 11 6 10 7 7 7 9 5 11 9 9 8 12 11 7 11 12 12 12 12 8 10 8 7 8 11 8 5 12 10 11 6 12 12 10 5 9 
11 6 12 11 10 6 8 11 10 9 5 10 5 8 5 8 10 8 5 9 9 7 9 6 7 12 9 8 11 12 12 10 9 11 12 8 7 8 9 10 7 12 11 5 5 11 10 12 9 12 9 11 7 
6 11 5 5 11 11 6 12 10 10 11 11 7 5 8 8 6 5 10 8 8 12 7 10 5 12 11 7 11 10 5 12 5 11 8 11 7 5 6 7 9 9 10 7 11 8 5 12 9 12 12 6 6 
8 7 12 5 10 5 11 5 8 6 10 5 9 9 11 9 6 8 11 12 9 9 6 7 12 6 5 8 12 6 9 6 8 5 5 12 5 10 7 12 12 8 7 6 6 8 11 9 6 12 10 9 8 
6 8 10 9 10 9 12 7 10 9 7 10 9 11 9 12 10 9 6 5 10 12 7 9 11 12 6 6 10 10 8 8 11 12 12 7 11 9 12 5 7 6 10 8 11 8 5 7 5 10 11 11 12 
9 8 11 11 6 8 12 10 12 10 8 7 12 7 7 8 5 9 12 12 7 6 10 11 10 7 6 12 10 12 6 6 6 11 10 8 9 9 10 12 8 7 9 9 6 8 9 9 5 11 6 11 5 
12 7 10 10 8 10 5 9 9 7 7 10 6 9 10 5 6 8 8 6 6 10 11 11 10 11 6 8 9 10 11 8 12 7 6 7 7 10 9 6 9 5 10 7 9 5 10 9 9 5 7 6 8 
11 12 11 11 7 7 7 11 9 12 8 5 10 8 11 5 6 9 10 12 9 12 11 5 8 6 6 10 9 7 7 12 5 12 5 11 12 12 10 11 10 6 5 7 9 9 12 10 7 11 5 12 10 
6 7 9 9 8 12 9 12 10 10 11 7 11 11 11 10 5 9 6 5 9 6 11 11 7 11 5 12 9 7 6 8 8 11 6 8 6 11 5 7 6 7 5 9 9 11 11 10 11 12 7 10 5 
12 9 8 12 8 7 5 9 8 5 11 10 6 12 6 10 11 6 9 5 6 9 11 6 6 10 11 12 11 12 10 10 8 8 9 6 11 7 11 5 7 7 12 5 10 10 9 10 11 5 10 5 7 
7 6 10 12 9 6 9 5 5 12 8 7 9 5 7 11 6 5 12 6 12 10 7 5 9 12 8 5 10 11 8 9 8 9 6 5 7 9 11 11 11 9 7 12 12 12 6 10 11 11 5 11 5 
5 10 8 8 12 11 7 12 10 5 6 12 12 8 9 5 6 8 5 6 7 8 6 8 7 10 6 7 6 10 7 10 6 12 11 8 11 11 10 12 10 11 12 10 8 9 7 10 5 10 11 5 8 
9 12 5 5 5 8 10 5 10 10 10 12 7 6 9 8 8 5 9 8 12 12 11 12 10 8 7 12 8 12 9 12 12 7 12 6 6 8 11 8 5 11 6 7 9 8 10 12 10 10 12 6 7 
5 7 8 9 12 11 5 9 10 9 9 7 7 5 10 5 5 11 7 11 12 5 8 12 11 11 6 9 7 12 11 12 9 5 5 8 11 8 7 7 11 6 9 12 12 7 10 10 9 9 11 12 11 
8 5 7 5 5 6 5 5 10 8 11 6 5 10 5 5 11 11 9 8 7 12 9 5 11 5 5 10 6 11 8 9 6 9 10 7 8 12 6 12 6 12 12 5 8 7 10 9 6 8 7 9 5 
8 8 12 8 12 6 9 9 8 8 6 8 9 5 8 11 9 12 12 7 7 8 6 6 5 6 8 9 6 9 6 8 7 8 7 7 5 5 6 11 8 10 9 6 7 8 10 7 12 8 5 6 9 
5 9 6 11 9 10 12 5 7 6 7 8 9 7 8 10 11 9 12 5 7 12 7 10 11 11 11 5 8 6 10 11 12 6 9 9 11 7 5 6 9 10 10 12 11 12 10 11 6 9 11 7 8 
5 12 11 6 12 8 5 5 8 12 12 6 12 6 8 11 7 7 8 7 10 11 10 6 5 5 7 7 7 8 12 11 5 12 8 9 5 6 11 8 12 11 12 9 12 6 6 11 9 8 12 9 6 
7 10 10 12 11 6 7 11 12 6 10 12 8 12 12 6 12 7 7 7 8 12 6 6 8 5 11 7 8 9 7 6 9 5 7 7 9 8 12 5 7 5 11 10 7 12 7 7 11 10 12 12 11 
11 6 10 5 5 9 7 9 7 10 10 7 9 5 7 10 6 8 5 8 7 8 6 10 10 11 7 10 11 6 9 11 9 8 8 5 5 6 10 8 6 8 9 9 8 12 12 11 6 10 11 8 6 
8 10 9 5 6 8 9 10 12 8 8 7 11 7 7 5 10 7 8 7 10 12 8 10 12 6 7 11 9 6 7 9 10 12 11 5 10 8 10 8 8 7 12 12 9 8 12 5 5 8 6 9 9 
11 12 6 6 12 12 10 7 7 12 9 8 5 8 11 5 8 11 12 9 7 12 8 9 11 11 6 8 11 5 12 12 6 12 12 8 8 10 5 11 6 7 5 9 5 9 6 9 7 12 6 7 8 
11 11 11 8 5 7 9 10 11 9 10 12 8 12 11 8 10 11 5 11 9 5 5 11 6 6 5 7 6 6 10 9 7 6 7 7 9 8 10 11 8 7 5 7 10 7 8 5 12 5 5 6 10 
10 12 9 6 12 8 6 9 5 10 11 8 8 5 8 8 10 9 6 5 6 12 5 8 12 6 6 7 10 11 6 9 10 6 5 10 6 12 5 12 10 7 7 7 10 5 10 10 12 8 5 10 6 
6 7 10 11 12 5 12 10 7 12 7 7 11 8 10 7 8 12 7 6 9 11 12 11 7 6 6 6 6 6 6 8 5 5 9 12 12 8 10 5 9 8 11 9 12 10 5 12 12 11 12 8 9 
7 6 11 11 12 5 9 10 11 10 11 8 7 5 8 5 9 10 12 9 10 6 7 7 10 11 7 8 9 8 8 5 5 5 10 9 12 6 12 6 10 5 8 7 12 5 7 6 6 12 6 8 10 
8 9 5 10 5 7 12 8 6 6 6 11 11 9 10 5 9 7 9 12 8 6 10 5 9 7 9 7 7 12 12 7 8 7 7 8 11 5 8 6 12 11 5 11 5 7 12 9 8 10 11 8 11 
5 10 10 10 10 5 6 11 12 6 11 6 10 11 5 12 7 12 12 10 6 8 11 6 12 8 6 9 6 12 8 5 5 5 11 8 7 10 9 10 8 7 12 12 9 11 9 9 7 8 10 9 7 
9 11 12 9 7 5 12 10 12 10 6 7 12 8 11 7 8 10 9 8 5 11 7 12 5 12 9 5 5 7 9 7 6 5 7 5 7 6 10 7 11 7 7 10 7 9 10 8 8 7 11 10 10 
7 10 12 11 5 5 8 9 5 9 5 9 8 8 8 10 8 11 12 9 7 8 6 7 5 5 12 8 9 6 8 5 10 10 8 12 6 5 8 5 10 10 9 9 11 7 11 7 5 6 9 7 10 
8 12 10 5 5 11 9 7 10 9 5 10 10 8 7 5 8 5 10 7 11 11 6 7 11 5 5 11 12 6 11 7 8 11 10 9 10 12 11 11 8 6 12 8 8 12 6 11 7 8 6 12 5 
12 7 12 5 6 6 11 12 12 6 8 8 11 5 9 11 7 7 11 7 6 9 12 12 5 8 7 9 8 11 9 8 12 6 10 12 7 9 5 7 10 9 11 7 5 5 12 8 12 11 8 9 9 
12 6 8 10 5 11 6 5 8 5 11 9 10 8 9 6 6 9 12 8 10 9 5 8 9 12 11 12 9 10 11 8 5 6 9 12 5 5 8 7 12 10 6 5 11 8 12 6 5 6 12 7 11 
10 11 12 8 7 10 6 7 9 7 9 12 11 9 10 8 7 5 7 9 6 10 7 9 8 12 12 6 6 7 6 10 5 9 10 12 6 5 10 7 5 5 7 9 6 8 12 6 7 5 5 6 10 
7 7 5 9 9 10 9 7 12 5 9 12 6 9 12 9 5 8 8 5 5 7 12 7 6 10 8 6 9 7 11 5 12 6 5 10 12 7 6 10 11 5 7 5 11 9 8 8 9 9 9 10 5 
11 5 6 10 5 12 11 9 7 8 9 10 11 10 5 5 11 6 6 5 12 12 9 7 10 8 10 11 5 12 12 8 10 5 11 12 12 11 8 12 12 5 12 8 7 5 9 11 7 7 5 10 5 
8 8 11 5 12 8 8 10 8 11 12 12 10 6 5 7 6 11 10 7 10 7 7 8 12 5 7 10 10 5 10 5 11 10 7 9 12 11 10 10 5 7 10 10 5 6 5 7 11 5 5 6 7 
10 7 8 8 10 8 5 8 8 11 6 5 6 10 7 8 8 9 12 11 7 9 11 7 12 11 11 12 6 10 11 5 5 7 7 10 8 7 6 7 12 8 7 6 5 12 5 9 10 5 9 10 12 
9 7 6 8 8 11 7 6 12 6 10 8 7 11 9 6 12 7 9 9 7 9 6 8 6 6 5 8 12 7 10 6 12 7 12 10 11 8 6 12 9 6 7 10 9 6 12 6 6 7 12 9 8 
10 5 12 8 7 5 9 9 9 12 5 8 10 8 9 5 9 8 9 9 11 5 5 10 7 5 6 6 7 10 11 5 12 11 12 9 10 10 6 10 12 6 9 5 8 9 6 5 6 12 6 5 5 
10 7 5 7 11 7 11 6 10 6 11 7 9 7 10 6 10 7 8 10 9 10 12 10 9 10 12 8 12 9 5 5 8 9 8 5 6 9 6 12 12 11 5 10 5 12 11 11 7 12 10 10 6 
7 5 7 7 11 10 6 7 10 8 10 5 10 11 9 6 12 6 10 8 10 8 5 8 12 11 10 8 5 8 12 11 9 7 7 11 9 6 8 5 11 7 12 11 12 7 12 11 7 12 7 5 11 
7 8 11 7 10 9 12 9 12 9 10 8 10 10 5 6 8 6 6 10 9 11 9 5 12 12 5 12 7 11 5 5 8 12 12 5 9 11 5 9 12 8 9 12 8 9 5 8 10 9 10 9 7 
8 6 6 9 12 12 9 8 6 8 9 11 7 5 6 8 5 10 5 8 9 10 12 6 11 11 9 9 8 9 6 8 11 12 7 6 9 8 7 7 9 12 8 9 12 5 9 6 9 11 5 9 5 
11 10 7 9 7 7 8 12 12 9 5 10 10 8 5 5 9 6 11 11 10 7 10 8 11 7 12 6 8 9 6 10 6 12 9 9 9 11 5 11 9 12 6 7 8 8 11 7 7 5 5 5 10 
9 5 5 9 8 9 5 9 8 9 11 10 11 12 6 9 12 8 7 9 6 10 9 6 9 11 7 11 6 12 5 12 5 11 10 6 12 6 5 6 11 7 5 7 7 9 5 8 12 10 8 5 6 
10 9 12 9 11 6 11 7 9 5 9 10 11 8 10 11 10 6 7 11 10 10 5 7 8 8 12 9 11 12 11 5 5 5 10 9 11 11 9 9 11 5 7 9 6 6 5 12 6 8 12 5 10 
9 12 5 8 6 7 12 10 5 5 11 12 7 9 9 12 6 11 12 11 11 8 10 12 12 7 9 10 12 5 12 7 11 12 7 10 7 7 5 8 11 9 7 6 7 7 8 6 8 11 7 9 9 
10 5 12 10 8 8 5 9 11 7 7 7 5 6 5 12 6 12 12 12 9 11 12 11 5 8 8 8 8 12 12 7 7 10 6 9 8 10 8 7 12 5 5 5 7 10 10 12 10 8 7 10 12 
5 6 6 12 7 11 6 9 9 12 11 6 8 11 8 8 7 10 7 9 7 7 5 11 11 8 7 5 11 8 12 10 6 11 5 10 6 6 11 8 7 10 7 6 9 11 8 6 6 12 8 11 5 
6 8 7 8 8 5 6 11 8 11 10 6 11 10 9 5 10 5 12 6 6 10 9 11 5 7 11 8 5 10 9 7 9 5 12 10 10 7 5 9 7 6 6 5 7 11 7 12 6 7 5 6 7 
5 6 7 10 7 8 6 6 6 10 5 8 12 11 10 5 5 10 5 12 5 5 11 7 11 6 10 11 6 11 6 6 7 5 12 10 8 11 6 7 11 8 6 5 6 10 6 9 5 5 6 8 8 
7 7 10 7 5 9 9 12 6 8 11 8 6 12 11 8 6 8 7 9 10 11 6 10 11 6 8 9 6 6 10 8 12 10 9 9 12 7 7 8 6 10 5 8 9 5 8 9 8 6 7 9 7 
12 11 8 5 12 7 8 5 11 11 12 5 12 12 8 10 5 6 11 11 5 12 8 6 8 7 11 8 7 6 10 9 9 5 9 7 6 9 10 10 6 10 5 8 5 10 5 9 10 5 11 5 9 
10 7 5 5 9 12 8 10 5 12 7 10 11 12 11 5 12 8 5 7 8 10 6 5 11 7 8 8 5 10 5 5 12 6 7 12 5 6 7 8 11 7 9 6 7 9 8 9 8 9 6 6 12 
11 7 11 8 6 7 5 5 8 9 11 12 12 10 5 12 8 5 9 9 12 7 6 6 8 6 10 6 6 6 10 8 8 12 9 9 10 6 10 6 11 11 9 10 9 7 7 5 11 10 12 6 10 
10 11 10 10 5 8 6 5 11 12 9 10 11 5 5 12 6 7 8 5 9 8 6 5 7 11 9 6 6 11 11 10 8 10 11 6 5 10 7 8 7 12 9 8 6 8 5 11 5 12 10 6 5 
8 7 9 8 9 7 9 9 12 8 10 10 6 9 5 6 10 10 7 8 10 8 10 11 9 9 8 12 9 12 12 5 9 5 12 12 9 8 12 11 8 12 12 8 6 10 6 8 6 6 8 8 6 
5 9 12 10 7 9 11 5 8 9 11 10 9 6 9 11 12 8 12 7 8 8 11 9 9 9 11 7 12 5 5 8 9 11 8 9 10 8 11 10 11 5 6 12 11 7 9 6 10 12 12 9 11 
12 9 8 12 6 7 12 11 6 9 7 12 11 7 7 8 5 10 6 8 6 5 7 10 8 11 11 11 8 12 6 6 10 12 11 12 6 5 7 12 9 11 12 5 6 8 12 10 6 10 10 5 6 
10 11 7 9 7 10 6 5 10 5 8 10 10 10 8 8 11 6 7 8 11 7 12 6 5 8 7 5 10 5 10 12 12 8 9 8 12 11 12 10 7 7 10 10 5 5 8 12 11 10 11 10 9 
8 10 10 5 11 8 10 9 9 8 9 11 6 9 7 12 6 12 8 12 12 12 12 12 11 6 11 11 11 8 8 5 7 7 11 8 12 12 11 9 12 7 12 7 12 6 5 6 11 7 5 7 12 
5 8 6 5 8 12 5 9 8 9 7 11 10 8 6 12 12 10 9 7 6 5 8 11 9 11 10 9 5 11 10 6 5 12 5 11 6 7 7 12 9 5 7 5 12 9 8 11 7 6 9 10 5 
12 7 11 10 7 8 9 5 9 12 12 6 10 8 5 9 5 11 11 11 12 5 5 12 6 12 9 6 8 8 5 6 10 10 12 8 12 9 11 7 8 5 12 5 9 7 11 8 5 8 7 7 7 
9 11 11 8 11 6 9 7 8 7 6 6 10 5 12 7 11 7 5 7 12 7 5 10 10 12 5 7 6 8 12 5 11 7 9 6 5 9 7 11 9 10 8 8 7 8 5 10 7 12 12 6 11 
5 12 11 9 9 5 11 5 6 11 6 12 8 5 8 11 12 8 12 9 12 10 9 10 11 12 12 6 12 7 6 9 6 10 7 12 11 10 10 12 9 12 11 10 8 7 7 11 5 6 11 9 6 
12 8 9 7 8 5 6 5 12 5 6 9 8 11 11 7 12 11 5 8 6 11 7 5 9 10 7 5 7 7 9 8 7 5 6 12 10 6 9 8 11 6 10 8 6 9 7 8 11 7 8 12 10 
6 9 8 8 9 5 11 11 9 9 9 11 9 7 10 10 6 5 5 5 6 5 9 11 8 6 5 5 5 11 5 7 5 10 8 7 5 7 9 11 7 10 11 7 11 6 8 7 5 12 11 10 7 
8 5 8 8 9 5 5 5 7 11 6 7 8 7 11 5 12 5 6 11 10 12 12 11 10 7 9 12 12 12 9 8 9 11 12 10 9 9 9 7 12 6 6 12 5 11 7 9 12 8 5 5 11 
5 9 10 11 8 10 10 7 6 10 9 9 5 8 5 12 9 10 12 11 5 8 5 8 5 9 10 6 10 8 11 11 6 7 7 9 8 7 7 12 10 7 11 9 9 11 9 12 5 7 11 10 10 
12 9 9 5 9 6 12 11 6 7 12 7 5 10 11 10 11 11 11 8 6 5 7 8 6 7 8 5 8 12 10 11 9 8 8 11 8 8 5 11 8 9 12 7 12 11 11 5 12 7 12 8 7 
7 12 10 9 6 7 8 7 8 12 9 8 10 12 7 6 5 9 9 5 7 5 8 12 11 9 8 10 10 7 9 11 10 9 7 11 6 11 7 9 6 6 12 8 8 7 8 10 7 8 6 6 11 
6 8 12 9 11 12 6 5 12 5 9 5 5 7 12 8 11 10 9 6 10 11 10 9 9 7 5 5 11 10 10 12 7 8 5 6 10 9 8 7 11 10 11 8 7 9 6 10 7 9 5 9 7 
8 5 6 8 5 7 7 8 5 10 11 8 7 6 8 6 7 7 8 12 9 6 12 9 7 6 7 7 12 5 6 5 9 10 6 5 7 6 6 8 7 6 7 9 7 8 10 7 6 11 8 7 9 
12 8 10 7 7 12 11 10 10 5 11 7 8 9 8 8 5 9 11 7 5 8 10 6 10 9 6 5 6 8 5 12 5 12 10 9 7 11 11 12 12 6 11 10 8 7 10 7 10 9 10 6 8 
6 11 6 5 7 9 5 5 7 12 8 8 8 9 7 6 11 7 11 10 10 12 9 10 9 9 11 6 12 11 5 6 10 12 5 9 11 10 6 11 5 5 7 6 5 7 8 5 5 7 12 5 8 
6 6 5 6 6 5 8 12 8 9 8 11 5 11 5 5 7 8 6 11 9 7 7 10 12 11 12 7 11 10 12 9 9 7 10 6 10 5 8 9 7 5 5 10 6 10 9 6 10 11 6 8 6 
9 10 8 8 9 10 11 12 12 8 12 5 5 8 10 12 11 8 9 10 8 6 5 8 8 7 12 9 6 12 12 6 12 7 6 11 10 7 9 8 9 9 9 11 8 8 9 11 6 6 6 8 9 
11 6 9 7 12 10 6 11 8 8 8 10 8 12 5 6 5 7 8 10 6 8 9 8 9 11 9 8 10 7 9 9 11 5 11 5 11 5 8 8 9 11 12 9 10 10 7 12 10 7 5 7 7 
10 8 12 12 9 5 7 5 5 12 8 6 8 12 11 9 7 7 6 8 5 9 10 7 9 7 6 6 9 6 8 6 6 9 5 9 9 7 12 7 7 11 6 6 9 6 8 9 7 11 12 12 7 
9 5 7 8 6 10 10 11 10 5 8 12 10 11 7 6 6 6 7 5 5 10 8 8 8 6 9 6 12 12 6 7 11 10 10 7 5 9 5 7 11 5 8 5 5 6 7 5 12 7 5 7 10 
6 7 11 9 11 9 11 10 12 6 8 7 8 7 7 11 11 9 12 8 9 11 8 8 6 8 8 8 6 11 6 10 8 8 12 11 8 11 6 5 5 11 7 5 8 6 7 7 7 11 11 8 9 
12 5 5 11 11 6 10 10 6 9 6 9 6 10 5 5 12 7 5 7 5 6 5 11 8 7 11 7 5 11 5 5 9 5 11 12 7 8 11 12 9 9 12 9 7 6 7 10 7 7 10 10 5 
12 7 6 5 8 6 9 7 12 6 5 10 7 9 10 5 12 9 12 10 5 5 8 11 7 9 6 9 5 5 6 11 9 12 12 12 9 7 6 8 7 11 8 8 11 9 5 12 12 5 9 9 5 
0 1 1 1 1 1 1 0 0 0 0 0 0 0 0 0 0 0 0 0 0 0 0 0 0 0 0 0 0 0 0 0 0 0 0 0 0 0 0 0 0 0 0 0 0 0 0 0 0 0 0 0 0 
0 0 0 0 0 0 0 0 0 0 0 0 0 0 0 0 0 0 0 0 0 0 0 0 0 0 0 0 0 0 0 0 0 0 0 1 0 0 0 0 0 0 0 0 0 0 0 0 0 0 0 0 0 
0 0 0 0 0 0 0 0 0 0 0 0 0 0 0 0 0 0 0 0 0 0 0 0 0 0 0 0 0 0 0 0 0 0 0 1 0 0 0 0 0 0 0 0 0 0 0 0 0 0 0 0 0 
0 0 0 0 0 0 0 0 1 0 0 0 0 0 0 0 0 0 0 0 0 0 0 0 0 0 0 0 0 0 0 0 0 0 0 0 0 0 0 0 0 0 0 0 0 0 0 0 0 0 0 0 0 
0 0 0 0 0 0 0 0 1 0 0 0 0 0 0 0 0 0 0 0 0 0 0 0 0 0 0 0 0 0 0 0 0 0 0 0 0 0 0 0 0 0 0 0 0 0 0 0 0 0 0 0 0 
0 0 0 0 0 0 0 0 1 0 0 0 0 0 0 0 0 0 0 0 0 0 0 0 0 0 0 0 0 0 0 0 0 0 0 0 0 0 0 0 0 0 0 0 0 0 0 0 0 0 0 0 0 
0 0 0 0 0 0 0 0 1 0 0 0 0 0 0 0 0 0 0 0 0 0 0 0 0 0 0 0 0 0 0 0 0 0 0 0 0 0 0 0 0 0 0 0 0 0 0 0 0 0 0 0 0 
0 0 0 0 0 0 0 0 1 0 0 0 0 0 0 0 0 0 0 0 0 0 0 0 0 0 0 0 0 0 0 0 0 0 0 0 0 0 0 0 0 0 0 0 0 0 0 0 0 0 0 0 0 
0 0 0 0 0 0 0 0 0 1 0 0 0 0 0 0 0 0 0 0 0 0 0 0 0 0 0 0 0 0 0 0 0 0 0 0 0 0 0 0 0 0 0 0 0 0 0 0 0 0 0 0 0 
0 0 0 0 0 0 0 0 0 0 1 0 0 0 0 0 0 0 0 0 0 0 0 0 0 0 0 0 0 0 0 0 0 0 0 0 0 0 0 0 0 0 0 0 0 0 0 0 0 0 0 0 0 
0 0 0 0 0 0 0 0 0 0 0 1 0 0 0 0 0 0 0 0 0 0 0 0 0 0 0 0 0 0 0 0 0 0 0 0 0 0 0 0 0 0 0 0 0 0 0 0 0 0 0 0 0 
0 0 0 0 0 0 0 0 0 0 0 0 1 1 1 0 0 0 0 0 0 0 0 0 0 0 0 0 0 0 0 0 0 0 0 0 0 0 0 0 0 0 0 0 0 0 0 0 0 0 0 0 0 
0 0 0 0 0 0 0 0 0 0 0 0 0 0 0 1 1 1 0 0 0 0 0 0 0 0 0 0 0 0 0 0 0 0 0 0 0 0 0 0 0 0 0 0 0 0 0 0 0 0 0 0 0 
0 0 0 0 0 0 0 0 0 0 0 0 0 0 0 0 0 0 0 0 0 1 0 0 0 0 0 0 0 0 0 0 0 0 0 0 0 0 0 0 0 0 0 0 0 0 0 0 0 0 0 0 0 
0 0 0 0 0 0 0 0 0 0 0 0 0 0 0 1 1 0 0 0 0 0 0 0 0 0 0 0 0 0 0 0 0 0 0 0 0 0 0 0 0 0 0 0 0 0 0 0 0 0 0 0 0 
0 0 0 0 0 0 0 0 0 0 0 0 0 0 0 0 0 0 0 0 0 0 0 0 0 0 0 0 1 1 1 0 0 0 0 0 0 0 0 0 0 0 0 0 0 0 0 0 0 0 0 0 0 
0 0 0 0 0 0 0 0 0 0 0 0 0 0 0 0 0 0 1 0 0 0 0 0 0 0 0 0 0 0 0 0 0 0 0 0 0 0 0 0 0 0 0 0 0 0 0 0 0 0 0 0 0 
0 0 0 0 0 0 0 0 0 0 0 0 0 0 0 0 0 0 0 0 0 0 0 0 0 0 0 0 0 0 0 0 0 0 0 0 0 0 0 0 0 1 0 0 0 0 0 0 0 0 0 0 0 
0 0 0 0 0 0 0 0 0 0 0 0 0 0 0 0 0 0 0 1 1 1 0 0 0 0 0 0 0 0 0 0 0 0 0 0 0 0 0 0 0 0 0 0 0 0 0 0 0 0 0 0 0 
0 0 0 0 0 0 0 0 0 0 0 0 0 0 0 0 0 0 0 0 0 0 1 0 0 0 0 0 0 0 0 0 0 0 0 0 0 0 0 0 0 0 0 0 0 0 0 0 0 0 0 0 0 
0 0 0 0 0 0 0 0 0 0 0 0 0 0 0 0 0 0 0 0 0 0 0 1 0 0 0 0 0 0 0 0 0 0 0 0 0 0 0 0 0 0 0 0 0 0 0 0 0 0 0 0 0 
0 0 0 0 0 0 0 0 0 0 0 0 0 0 0 0 0 0 0 0 0 0 0 0 1 0 0 0 0 0 0 0 0 0 0 0 0 0 0 0 0 0 0 0 0 0 0 0 0 0 0 0 0 
0 0 0 0 0 0 0 0 0 0 0 0 0 0 0 0 0 0 0 0 0 0 0 0 0 0 0 0 0 0 0 0 0 0 0 1 0 0 0 0 0 0 0 0 0 0 0 0 0 0 0 0 0 
0 0 0 0 0 0 0 0 0 0 0 0 0 0 0 0 0 0 0 0 0 0 0 0 0 0 0 0 0 0 0 0 0 0 0 1 0 0 0 0 0 0 0 0 0 0 0 0 0 0 0 0 0 
0 0 0 0 0 0 0 0 0 0 0 0 0 0 0 0 0 0 0 0 0 0 0 0 0 1 0 0 0 0 0 0 0 0 0 0 0 0 0 0 0 0 0 0 0 0 0 0 0 0 0 0 0 
0 0 0 0 0 0 0 0 0 0 0 0 0 0 0 0 0 0 0 0 0 0 0 0 0 0 1 0 0 0 0 0 0 0 0 0 0 0 0 0 0 0 0 0 0 0 0 0 0 0 0 0 0 
0 0 0 0 0 0 0 0 0 0 0 0 0 0 0 0 0 0 0 0 0 0 0 0 0 0 0 1 0 0 0 0 0 0 0 0 0 0 0 0 0 0 0 0 0 0 0 0 0 0 0 0 0 
0 0 0 0 0 0 0 0 0 0 0 0 0 0 0 0 0 0 0 0 0 0 0 0 0 0 0 0 1 1 1 1 1 1 0 0 0 0 0 0 0 0 0 0 0 0 0 0 0 0 0 0 0 
0 0 0 0 0 0 0 0 0 0 0 0 0 0 0 0 0 0 0 0 0 0 0 0 0 0 0 0 0 0 0 0 0 0 1 0 0 0 0 0 0 0 0 0 0 0 0 0 0 0 0 0 0 
0 0 0 0 0 0 0 0 0 0 0 0 0 0 0 0 0 0 0 0 0 0 0 0 0 0 0 0 0 0 0 0 0 0 1 0 0 0 0 0 0 0 0 0 0 0 0 0 0 0 0 0 0 
0 0 0 0 0 0 0 0 0 0 0 0 0 0 0 0 0 0 0 0 0 0 0 0 0 0 0 0 0 0 0 0 0 0 1 0 0 0 0 0 0 0 0 0 0 0 0 0 0 0 0 0 0 
0 0 0 0 0 0 0 0 0 0 0 0 0 0 0 0 0 0 0 0 0 0 0 0 0 0 0 0 0 0 0 0 0 0 1 0 0 0 0 0 0 0 0 0 0 0 0 0 0 0 0 0 0 
0 0 0 0 0 0 0 0 0 0 0 0 0 0 0 0 0 0 0 0 0 0 0 0 0 0 0 0 0 0 0 0 0 0 1 0 0 0 0 0 0 0 0 0 0 0 0 0 0 0 0 0 0 
0 0 0 0 0 0 0 0 0 0 0 0 0 0 0 0 0 0 0 0 0 0 0 0 0 0 0 0 0 0 0 0 0 0 1 0 0 0 0 0 0 0 0 0 0 0 0 0 0 0 0 0 0 
0 0 0 0 0 0 0 0 0 0 0 0 0 0 0 0 0 0 0 0 0 0 0 0 0 0 0 0 0 0 0 0 0 0 0 1 0 0 0 0 0 0 0 0 0 0 0 0 0 0 0 0 0 
0 0 0 0 0 0 0 0 0 0 0 0 0 0 0 0 0 0 0 0 0 0 0 0 0 0 0 0 0 0 0 0 0 0 0 0 1 0 0 0 0 0 0 0 0 0 0 0 0 0 0 0 0 
0 0 0 0 0 0 0 0 0 0 0 0 0 0 0 0 0 0 0 0 0 0 0 0 0 0 0 0 0 0 0 0 0 0 0 0 0 1 1 1 0 0 0 0 0 0 0 0 0 0 0 0 0 
0 0 0 0 0 0 0 0 0 0 0 0 0 0 0 0 0 0 0 0 0 0 0 0 0 0 0 0 0 0 0 0 0 0 0 0 0 0 0 0 1 0 0 0 0 0 0 0 0 0 0 0 0 
0 0 0 0 0 0 0 0 0 0 0 0 0 0 0 0 0 0 0 0 0 0 0 0 0 0 0 0 0 0 0 0 0 0 0 0 0 0 0 0 1 0 0 0 0 0 0 0 0 0 0 0 0 
0 0 0 0 0 0 0 0 0 0 0 0 0 0 0 0 0 0 0 0 0 0 0 0 0 0 0 0 0 0 0 0 0 0 0 0 0 0 0 0 1 0 0 0 0 0 0 0 0 0 0 0 0 
0 0 0 0 0 0 0 0 0 0 0 0 0 0 0 0 0 0 0 0 0 0 0 0 0 0 0 0 0 0 0 0 0 0 0 0 0 0 0 0 0 1 0 0 0 0 0 0 0 0 0 0 0 
0 0 0 0 0 0 0 0 0 0 0 0 0 0 0 0 0 0 0 0 0 0 0 0 0 0 0 0 0 0 0 0 0 0 0 0 0 0 0 0 0 0 1 1 1 1 1 0 0 0 0 0 0 
0 0 0 0 0 0 0 0 0 0 0 0 0 0 0 0 0 0 0 0 0 0 0 0 0 0 0 0 0 0 0 0 0 0 0 0 0 0 0 0 0 0 0 0 0 0 0 1 0 0 0 0 0 
0 0 0 0 0 0 0 0 0 0 0 0 0 0 0 0 0 0 0 0 0 0 0 0 0 0 0 0 0 0 0 0 0 0 0 0 0 0 0 0 0 0 0 0 0 0 0 0 1 0 0 0 0 
0 0 0 0 0 0 0 0 0 0 0 0 0 0 0 0 0 0 0 0 0 0 0 0 0 0 0 0 0 0 0 0 0 0 0 0 0 0 0 0 0 0 0 0 0 0 0 0 0 0 1 1 0 
0 0 0 0 0 0 0 0 0 0 0 0 0 0 0 0 0 0 0 0 0 0 0 0 0 0 0 0 0 0 0 0 0 0 0 0 0 0 0 0 0 0 0 0 0 0 0 0 0 1 0 0 0 
0 0 0 0 0 0 0 0 0 0 0 0 0 0 0 0 0 0 0 0 0 0 0 0 0 0 0 0 0 0 0 0 0 0 0 0 0 0 0 0 0 0 0 0 0 0 0 0 0 0 1 1 0 
0 0 0 0 0 0 0 0 0 0 0 0 0 0 0 0 0 0 0 0 0 0 0 0 0 0 0 0 0 0 0 0 0 0 0 0 0 0 0 0 0 0 0 0 0 0 0 0 0 0 1 1 0 
0 0 0 0 0 0 0 0 0 0 0 0 0 0 0 0 0 0 0 0 0 0 0 0 0 0 0 0 0 0 0 0 0 0 0 0 0 0 0 0 0 0 0 0 0 0 0 0 0 0 1 1 0 
0 0 0 0 0 0 0 0 0 0 0 0 0 0 0 0 0 0 0 0 0 0 0 0 0 0 0 0 0 0 0 0 0 0 0 0 0 0 0 0 0 0 0 0 0 0 0 0 0 0 1 1 0 
0 0 0 0 0 0 0 0 0 0 0 0 0 0 0 0 0 0 0 0 0 0 0 0 0 0 0 0 0 0 0 0 0 0 0 0 0 0 0 0 0 0 0 0 0 0 0 0 0 0 0 0 1 
0 0 0 0 0 0 0 0 0 0 0 0 0 0 0 0 0 0 0 0 0 0 0 0 0 0 0 0 0 0 0 0 0 0 0 0 0 0 0 0 0 0 0 0 0 0 0 0 0 0 0 0 1 
0 0 0 0 0 0 0 0 0 0 0 0 0 0 0 0 0 0 0 0 0 0 0 0 0 0 0 0 0 0 0 0 0 0 0 0 0 0 0 0 0 0 0 0 0 0 0 0 0 0 0 0 0
0.27 0.1 0.26 0.11 0.22 0.24 0.3 0.14 