35
7
74 59 53 120 89 86 106 85 72 134 89 60 90 135 82 106 56 73 131 74 100 85 86 99 86 97 66 89 81 103 79 96 137 92 70 
87 76 127 139 121 146 104 144 109 85 66 117 121 121 109 57 90 150 80 91 92 120 135 141 97 75 103 114 111 81 95 92 87 54 127 
115 150 55 118 86 65 123 87 139 123 76 114 86 120 70 81 53 71 100 84 79 65 78 135 83 116 98 77 102 113 124 94 150 54 120 
90 141 106 86 55 53 83 90 103 98 84 52 94 145 92 104 98 56 121 98 110 93 132 77 75 136 92 65 53 142 75 116 60 103 83 
140 76 126 72 124 85 99 120 124 102 98 92 52 101 89 145 68 128 112 94 71 60 71 147 141 73 147 80 121 147 81 146 98 146 114 
146 104 141 66 120 92 107 138 54 92 51 133 105 57 91 85 64 75 72 83 119 105 71 54 137 71 139 65 115 85 59 63 58 77 128 
146 102 134 111 78 90 106 124 112 95 115 106 119 149 70 78 131 115 123 81 118 141 76 60 115 138 133 90 70 136 76 118 51 135 85 
108 110 124 108 111 90 87 60 119 107 56 53 71 117 54 82 72 67 114 54 63 56 114 65 56 112 85 113 93 89 86 109 118 75 116 
64 102 101 73 101 70 100 93 90 112 121 120 95 111 98 86 72 93 121 119 113 57 57 108 69 94 85 84 97 115 114 54 106 69 95 
55 58 82 111 51 118 103 82 61 124 64 112 122 80 51 98 124 59 70 111 83 56 121 90 125 77 51 88 105 89 72 105 125 76 87 
122 90 86 96 85 64 109 109 112 93 100 89 71 54 64 93 65 65 82 58 69 121 85 123 93 51 118 103 51 117 101 121 113 52 73 
100 90 93 55 105 111 112 51 63 100 117 71 85 88 100 60 125 54 99 118 81 121 116 60 98 120 104 116 81 62 78 92 77 61 117 
76 76 105 122 118 65 84 80 64 58 92 84 73 83 117 119 71 98 71 93 67 89 125 69 89 105 67 59 69 64 102 84 103 125 74 
80 103 119 53 84 76 111 61 114 110 90 53 106 92 119 92 50 71 116 71 70 93 54 74 80 78 117 80 110 97 54 122 53 105 65 
153 156 179 164 115 144 182 200 109 134 129 164 189 138 163 150 115 151 120 147 151 178 181 128 133 198 144 157 166 110 132 110 107 143 135 
22 17 25 16 25 18 12 12 25 15 24 12 14 24 23 25 18 25 15 23 12 20 16 21 23 18 21 21 23 20 22 22 20 16 14 
13 20 22 23 16 18 19 12 21 25 25 18 20 21 21 25 15 24 20 17 15 16 12 19 17 14 14 14 21 20 18 12 12 22 15 
20 23 21 18 18 12 15 16 15 19 15 13 15 12 24 22 22 16 19 25 17 19 16 15 24 22 13 13 14 17 12 23 22 22 15 
19 19 21 14 12 23 18 17 23 21 21 23 25 13 22 19 21 22 17 20 12 21 23 21 23 15 21 25 18 24 21 19 17 19 20 
24 22 13 16 23 12 24 18 21 25 25 25 18 17 23 21 25 23 21 19 12 23 18 17 17 23 21 19 19 12 13 23 21 20 24 
17 14 24 17 17 13 16 17 24 19 25 23 19 12 14 25 23 17 13 17 22 25 22 25 13 18 12 14 14 15 17 14 18 20 23 
25 18 19 12 16 13 14 19 17 19 22 15 18 12 16 21 17 20 25 25 13 17 16 14 21 23 14 17 14 16 17 24 25 25 23 
6 12 9 8 9 6 6 6 12 10 5 12 9 8 11 12 9 8 6 6 11 8 7 5 7 5 8 10 12 7 10 8 7 11 11 
7 5 11 5 5 10 8 10 9 11 11 7 10 9 8 7 8 7 12 10 9 6 8 5 7 7 6 12 8 9 12 5 6 11 8 
6 7 12 10 10 8 9 8 8 6 7 5 12 5 10 11 10 5 5 12 9 9 11 11 12 10 5 8 7 12 5 12 8 6 10 
9 11 8 5 6 11 8 11 10 6 6 12 6 8 9 12 8 10 9 8 5 12 6 11 7 9 8 9 7 11 9 12 5 7 9 
5 6 10 8 5 5 11 9 12 5 11 5 11 5 10 5 5 5 12 12 11 8 12 12 8 11 8 8 9 5 5 10 10 7 12 
7 5 6 5 7 12 7 11 9 9 10 9 6 12 10 11 5 12 12 7 7 10 6 5 11 11 10 6 5 12 10 9 11 10 6 
12 9 10 5 8 5 7 8 5 5 11 5 9 7 8 10 11 9 6 8 5 10 8 11 9 9 10 7 10 5 6 5 6 5 7 
6 11 9 5 7 8 8 11 5 6 11 5 11 7 10 6 10 5 6 9 9 6 6 6 5 6 6 7 10 5 5 11 11 11 5 
11 6 10 9 12 11 11 10 12 7 11 10 8 12 7 5 5 11 5 12 6 5 5 12 6 6 9 7 6 11 9 10 9 5 9 
6 5 7 7 10 5 5 7 9 5 5 10 8 6 10 7 11 11 6 8 9 11 8 8 5 7 7 11 6 6 6 7 9 8 8 
10 5 8 5 12 7 5 6 6 8 10 5 11 12 5 9 6 12 5 9 12 6 8 6 11 10 11 6 12 9 11 6 5 10 12 
8 9 5 8 6 12 11 10 5 10 5 12 5 7 12 5 8 12 9 7 9 9 7 8 8 6 5 7 11 7 8 10 6 7 9 
6 6 11 11 6 10 10 7 7 11 12 11 12 6 9 8 5 8 11 11 5 10 7 7 12 12 8 9 10 6 12 12 6 5 11 
6 6 11 5 11 7 11 12 8 8 11 10 10 10 10 11 8 10 12 6 6 10 12 8 12 12 9 10 7 9 12 5 6 10 9 
11 7 5 12 7 11 9 6 7 7 5 8 9 5 6 7 12 10 8 9 8 9 8 7 9 8 7 11 8 10 9 11 10 5 6 
7 5 12 9 8 9 7 8 9 11 9 11 11 8 11 8 11 7 8 5 6 7 9 8 9 12 9 12 10 12 11 5 11 7 11 
6 8 6 10 9 6 11 6 7 7 10 9 8 11 6 9 5 9 6 8 12 6 9 5 11 5 9 11 9 9 12 8 10 7 8 
8 9 7 8 11 11 11 10 5 9 9 12 12 6 6 6 7 10 12 8 5 6 5 7 12 9 8 5 11 11 12 7 10 8 11 
11 8 7 9 9 5 11 12 9 9 9 6 5 5 11 8 9 9 5 10 8 5 6 9 8 12 10 8 10 6 5 10 11 5 10 
6 6 10 5 12 5 9 6 8 5 10 7 5 10 9 7 11 11 8 8 11 8 12 6 10 9 5 10 5 8 10 5 5 9 12 
9 11 9 10 12 5 5 6 6 9 5 5 6 9 9 12 7 7 10 9 9 11 12 8 5 12 10 7 9 12 11 12 5 7 12 
5 5 12 6 9 8 12 9 5 8 11 9 9 11 5 8 12 9 11 12 5 7 6 10 12 12 11 11 8 10 8 6 11 7 6 
7 11 12 7 6 9 6 10 11 7 11 12 9 6 7 9 8 6 8 12 7 9 6 11 9 10 8 7 8 10 11 10 8 12 12 
10 5 10 7 5 7 6 9 5 5 5 11 6 8 9 8 5 10 7 9 12 6 9 6 11 9 12 9 9 9 12 6 12 5 6 
5 5 6 6 11 7 5 11 5 9 5 8 6 10 9 12 12 5 9 12 6 5 9 7 8 11 11 11 11 5 7 6 6 9 7 
7 9 11 8 6 12 11 6 10 12 11 6 10 6 7 10 5 6 5 9 5 10 7 5 9 10 7 9 11 11 10 11 10 5 8 
6 8 10 12 11 6 8 7 9 7 8 9 10 11 7 10 8 5 5 6 8 6 5 8 5 11 12 8 8 5 6 7 7 8 5 
11 12 6 11 6 8 5 10 12 8 6 9 5 6 7 10 7 10 11 10 8 11 8 9 10 8 9 11 8 12 6 6 8 10 9 
5 10 5 10 11 7 12 6 12 5 11 10 9 11 5 6 10 8 9 8 10 9 11 7 5 10 12 10 5 12 12 7 5 8 7 
8 5 11 6 11 8 11 8 8 10 9 9 9 5 7 9 5 6 12 7 5 12 6 8 12 9 7 11 8 5 11 7 6 6 8 
7 5 12 7 5 8 12 10 12 10 11 7 10 6 6 12 6 5 8 11 7 12 12 8 6 12 11 8 12 11 7 5 6 12 9 
8 8 10 9 6 8 11 12 5 5 11 10 8 8 6 8 10 9 10 12 8 5 11 8 10 6 9 8 11 12 8 7 6 11 7 
7 12 12 11 7 11 9 12 10 9 11 7 6 10 6 6 10 6 8 6 12 7 6 7 9 9 7 9 6 10 5 5 7 12 9 
9 6 9 6 9 6 7 9 10 8 12 7 8 6 11 8 11 6 7 11 5 10 8 9 7 5 12 6 5 8 8 6 7 7 7 
12 10 5 9 9 6 7 7 11 8 7 7 12 11 8 12 5 11 10 7 10 11 6 11 7 7 12 5 11 12 10 11 12 7 9 
8 12 11 11 5 11 7 7 9 12 7 8 11 12 9 10 7 9 11 7 8 7 12 9 6 9 8 9 8 5 8 8 11 9 9 
11 11 5 11 12 9 9 5 7 6 9 7 10 8 6 9 9 11 6 10 9 9 6 11 11 12 8 5 11 11 8 8 9 11 11 
6 7 8 10 7 5 5 11 6 10 9 9 11 12 10 5 11 10 6 5 5 7 7 12 6 9 7 9 8 11 5 5 6 8 6 
7 11 10 8 10 12 10 10 11 11 8 8 11 5 12 6 11 6 6 11 9 12 12 8 5 9 10 8 9 5 7 11 9 11 5 
6 7 10 9 5 10 8 12 11 8 10 9 9 10 6 8 5 7 5 10 5 11 11 6 5 9 9 12 5 7 6 8 7 9 9 
8 7 9 9 9 12 5 8 8 6 9 6 5 8 7 10 12 7 12 7 7 12 5 12 6 7 9 11 9 12 9 7 7 11 5 
8 7 10 9 9 8 5 8 12 12 9 8 12 10 6 6 11 12 12 11 5 6 7 8 12 9 5 5 6 6 6 8 12 6 6 
12 12 10 8 8 9 7 11 10 9 12 9 11 8 7 5 5 12 12 5 11 8 7 9 7 12 5 11 9 5 6 7 7 9 6 
5 8 6 12 12 6 11 10 9 11 7 6 8 10 9 8 10 10 7 5 9 6 11 11 8 9 11 7 6 9 8 11 12 8 9 
12 12 11 9 11 5 12 6 10 5 11 12 9 6 5 9 9 12 11 10 10 5 7 6 8 10 10 9 11 6 9 12 7 12 9 
11 8 6 8 7 10 11 7 5 9 8 5 6 5 11 5 8 8 12 11 6 10 12 10 12 12 10 10 6 12 12 8 8 9 11 
7 8 8 11 6 12 6 9 9 6 7 5 12 7 6 10 5 11 5 12 10 9 7 9 11 6 5 11 9 10 6 5 7 11 10 
12 8 9 9 8 10 10 7 11 9 6 12 10 6 5 9 9 9 8 12 11 5 6 8 10 11 8 7 12 10 7 10 7 6 12 
10 6 6 8 7 5 11 5 9 9 5 5 6 12 7 9 11 7 7 5 6 8 7 10 11 7 7 12 6 12 7 5 9 11 7 
9 6 10 10 12 6 10 10 9 11 12 5 5 12 6 9 11 7 6 12 8 12 7 7 10 6 10 11 5 5 6 5 6 11 11 
6 11 12 11 6 10 9 10 10 10 6 7 11 8 11 12 10 10 8 11 9 9 12 9 11 10 8 8 6 5 7 7 8 11 9 
12 8 9 8 5 7 10 10 11 6 12 9 9 9 9 8 12 5 9 7 10 6 6 8 8 12 8 10 7 7 10 5 6 8 5 
8 6 10 11 8 10 9 7 10 5 10 11 11 9 11 10 6 5 12 7 6 6 7 5 12 10 11 9 10 9 7 5 9 5 5 
7 8 11 5 9 6 9 12 9 11 11 12 12 10 9 6 7 9 12 5 6 12 9 5 8 7 12 12 11 10 9 8 12 10 6 
9 10 5 5 7 12 6 9 7 7 11 7 11 12 11 8 8 10 11 11 12 8 11 8 7 6 5 10 9 12 5 5 5 10 7 
8 12 10 5 12 5 11 8 7 11 8 10 10 7 8 10 9 8 7 7 12 9 5 8 9 10 6 11 5 9 10 12 11 10 5 
8 12 12 9 11 8 7 10 7 11 11 10 7 11 10 7 11 9 9 10 12 6 10 9 10 8 6 8 11 6 9 11 7 8 7 
7 10 10 6 10 10 11 11 7 10 8 9 6 6 6 7 12 8 9 10 7 11 6 11 5 5 8 10 6 10 9 11 6 6 6 
8 8 11 9 7 7 5 9 5 6 10 12 11 11 6 8 9 7 5 7 8 10 10 9 12 12 8 6 10 7 7 12 5 11 10 
5 7 10 6 5 7 6 5 11 6 7 12 6 7 9 10 10 6 5 10 10 7 7 10 8 11 9 5 11 6 6 6 9 12 8 
7 5 6 6 8 10 7 8 11 9 12 5 8 7 12 8 5 11 12 6 8 6 6 11 8 12 10 6 8 10 5 10 6 9 10 
6 11 10 7 6 11 9 9 11 8 7 10 10 10 11 10 9 10 9 11 7 7 6 10 12 8 11 11 6 11 8 12 5 6 10 
5 10 12 8 5 12 10 10 9 10 10 11 9 8 8 9 11 12 11 10 5 8 6 10 5 5 8 10 10 5 9 11 9 10 6 
11 9 6 6 7 8 10 5 10 9 11 9 5 6 10 12 8 11 10 10 7 11 7 11 8 7 5 11 12 11 7 8 5 11 10 
12 7 7 9 11 9 11 10 7 6 10 8 10 7 12 11 11 11 5 5 6 10 8 6 5 6 12 10 11 11 5 9 11 9 6 
7 12 8 6 5 8 11 9 8 5 7 9 9 11 6 12 5 7 7 7 6 7 9 11 9 7 8 7 9 12 6 6 12 7 6 
11 12 5 5 10 9 12 9 9 5 8 7 7 9 7 8 11 6 9 12 8 6 12 10 7 11 7 5 6 8 6 11 8 8 5 
11 6 11 8 5 12 8 11 7 6 7 5 12 12 6 11 7 12 7 10 9 7 8 12 8 7 11 7 8 8 7 10 6 11 7 
10 10 11 9 12 5 10 9 11 12 11 7 12 12 6 6 8 6 7 7 11 12 7 6 11 5 8 10 10 5 11 11 7 9 5 
7 10 10 9 6 7 8 7 7 5 8 6 10 8 9 5 7 11 11 9 7 10 9 10 10 6 9 6 8 10 10 10 12 6 5 
6 6 10 7 8 7 6 6 12 11 8 9 11 10 5 5 10 7 11 5 5 5 6 10 11 6 10 12 10 7 9 7 6 8 12 
9 7 8 7 11 9 9 9 7 9 7 9 9 12 6 7 9 9 5 10 7 10 6 6 7 6 8 9 8 11 6 5 8 11 9 
8 10 12 11 10 10 5 6 7 8 6 5 7 12 7 8 10 9 11 6 7 12 6 6 6 7 12 7 5 9 12 9 8 9 6 
11 5 11 9 7 7 9 8 10 9 6 5 8 5 7 7 8 5 11 8 11 10 5 10 11 11 7 11 10 9 8 6 8 8 9 
12 10 8 5 11 7 5 8 6 12 12 10 5 10 8 11 6 6 11 9 12 10 8 7 7 11 9 9 12 11 12 5 7 7 12 
12 6 11 5 10 7 12 7 9 5 6 7 5 7 8 11 12 10 5 12 12 8 12 9 9 8 10 9 7 8 6 9 5 9 5 
7 11 10 8 6 5 7 11 12 8 12 7 8 5 12 10 7 12 7 5 9 11 11 6 7 6 9 7 8 9 12 7 5 12 6 
8 9 6 12 9 5 5 11 12 11 5 11 10 9 7 10 6 8 12 12 7 6 11 10 10 9 7 8 8 5 12 12 12 7 11 
12 7 11 12 6 7 11 11 6 5 9 7 12 7 8 7 12 6 5 5 10 8 11 8 5 8 8 12 11 12 10 5 5 7 6 
12 5 8 10 8 5 12 9 9 10 8 7 10 9 9 5 5 9 7 8 11 9 7 5 11 11 8 8 11 9 8 5 5 6 8 
6 12 9 5 7 8 6 9 6 5 5 10 6 10 7 8 6 9 6 5 6 10 12 8 10 6 7 10 10 9 11 5 8 6 9 
10 12 9 7 10 5 9 8 7 8 5 5 12 6 9 11 10 9 9 7 12 7 5 8 5 11 5 12 9 8 7 5 9 7 7 
5 11 11 6 8 10 11 6 10 9 8 12 9 6 7 7 11 5 9 9 10 9 9 12 7 10 6 6 6 12 10 8 9 5 10 
11 7 9 6 12 6 9 11 10 6 9 8 5 8 9 6 9 7 7 12 11 6 10 9 12 11 10 11 12 10 6 8 9 12 6 
11 7 10 11 9 10 12 11 12 10 7 9 7 6 7 5 12 5 9 8 11 8 12 11 11 12 8 8 6 7 8 8 8 9 12 
6 8 5 11 5 10 7 7 6 12 8 9 12 8 8 6 12 10 11 10 6 10 8 12 9 12 6 10 7 6 7 7 12 9 10 
10 5 12 11 8 6 5 6 5 5 10 12 7 5 7 5 11 5 8 7 5 11 9 5 10 11 5 12 8 12 12 10 9 12 8 
7 11 11 10 9 11 6 8 10 11 5 10 5 10 7 5 10 11 12 7 5 9 12 12 6 9 6 9 12 8 11 7 11 7 12 
10 8 12 9 11 10 11 11 10 12 12 12 8 8 7 6 12 6 5 10 12 5 9 10 7 9 8 8 9 6 12 9 6 12 7 
12 10 11 6 7 9 9 11 12 10 10 8 8 9 7 9 5 6 10 9 8 8 9 7 5 5 9 11 9 6 12 12 9 7 6 
12 9 5 5 6 8 11 7 6 10 6 9 10 5 8 5 8 8 10 11 8 9 5 11 11 6 10 9 12 7 8 10 5 10 7 
7 5 6 11 8 10 12 11 11 10 10 10 5 6 10 6 7 8 12 7 5 12 7 10 11 5 5 7 8 10 8 7 8 9 7 
10 5 10 6 8 6 8 5 6 10 11 7 11 7 9 5 12 6 6 12 5 9 10 5 10 8 10 12 5 8 9 11 7 5 9 
8 12 9 12 12 10 6 8 5 11 8 10 6 12 7 10 5 5 12 8 6 9 9 5 6 8 6 6 11 12 9 12 10 8 5 
7 8 8 7 12 5 12 5 12 6 7 7 7 10 8 11 9 8 6 12 12 7 9 10 6 5 7 8 5 12 12 10 8 10 6 
5 7 8 8 11 6 5 12 7 6 12 7 7 12 11 7 8 6 5 8 5 11 11 8 11 11 6 8 7 7 8 12 9 10 12 
5 5 8 11 5 7 5 9 9 7 10 7 6 5 11 10 5 7 5 11 9 9 6 9 12 12 5 12 12 10 12 11 11 9 10 
8 8 6 6 10 8 12 9 12 9 5 12 12 8 7 10 7 9 11 7 11 7 10 9 5 5 9 5 11 12 8 5 5 6 5 
9 8 10 5 12 10 9 6 8 5 9 6 12 6 7 8 5 5 10 9 11 10 6 6 6 6 7 9 8 8 6 11 12 9 8 
11 8 10 5 8 7 12 7 12 10 8 12 9 8 8 5 9 12 5 8 8 6 11 11 12 12 10 10 9 9 7 10 6 7 10 
7 12 10 9 11 8 5 12 8 6 9 10 8 8 10 5 11 8 5 10 9 11 7 12 8 6 8 8 8 5 8 11 5 9 8 
11 5 10 12 12 11 6 7 5 11 9 8 10 7 5 11 11 9 11 11 12 9 11 7 6 10 9 11 6 8 9 9 12 5 11 
7 7 5 10 10 8 5 10 11 12 11 8 9 5 10 7 8 11 5 8 8 7 7 9 9 9 8 9 5 11 11 11 6 5 5 
9 11 10 8 11 5 11 9 9 6 10 6 5 12 10 12 12 11 5 8 6 9 6 5 11 5 8 6 9 10 6 12 12 9 5 
10 6 5 7 7 7 11 10 11 5 9 8 6 7 6 7 5 7 11 12 7 7 8 11 7 6 10 11 10 11 12 8 12 8 12 
8 6 10 7 11 10 8 7 12 10 11 11 5 6 5 8 10 5 5 7 5 6 9 7 10 7 5 12 11 6 11 8 7 5 11 
10 6 11 6 12 8 9 5 9 7 11 8 7 10 8 12 9 12 11 11 8 12 11 10 10 6 7 7 11 10 6 10 12 11 6 
6 10 11 12 8 9 5 11 7 8 11 8 12 6 9 6 12 5 9 5 11 5 9 9 12 5 10 7 6 6 10 11 9 8 5 
8 10 10 7 8 11 11 5 5 6 6 12 6 11 6 10 6 8 6 12 10 9 12 8 10 8 7 12 9 6 7 6 8 11 12 
5 8 11 9 8 7 10 10 6 5 8 12 5 6 8 12 7 11 6 10 10 5 8 7 7 9 6 6 6 11 12 7 7 12 8 
9 12 5 7 9 5 9 5 6 12 5 12 7 10 12 12 7 10 9 12 7 5 11 9 5 5 8 5 12 6 11 9 12 9 8 
6 11 11 11 7 12 5 11 11 7 6 12 11 9 6 5 7 6 12 7 6 12 11 8 5 10 8 7 7 9 7 8 6 9 6 
10 9 7 10 8 6 5 9 5 10 10 8 11 7 12 6 5 5 12 8 11 5 9 6 6 9 8 6 5 8 10 8 8 9 5 
10 11 5 8 5 5 10 10 7 9 5 10 10 12 7 12 12 9 12 10 9 9 8 9 6 7 11 6 8 11 7 9 5 5 7 
8 8 5 10 7 11 8 8 7 7 6 12 12 8 9 11 12 7 8 12 5 8 5 8 6 5 12 12 8 10 6 12 6 12 5 
11 11 11 8 9 11 7 9 11 5 10 5 9 7 10 11 12 11 10 9 7 8 9 11 7 12 11 6 6 9 7 12 12 5 9 
9 7 7 9 6 5 6 12 11 7 12 8 10 9 11 6 9 7 7 11 8 10 12 7 12 10 9 11 12 6 6 12 10 11 10 
5 12 10 7 12 12 5 10 11 12 10 6 10 6 8 8 11 11 10 9 6 10 11 7 7 11 9 5 12 5 12 12 11 5 9 
9 12 8 10 9 10 10 8 11 8 8 12 5 9 11 9 10 9 6 7 10 10 10 12 10 9 8 11 5 11 7 10 11 10 6 
6 10 5 12 10 10 6 6 8 5 5 9 7 7 6 9 6 10 6 9 8 5 12 12 8 6 5 11 6 5 8 8 11 11 12 
10 9 12 6 10 7 9 7 5 12 8 6 11 9 7 10 8 12 7 11 9 10 6 9 9 5 8 5 12 6 7 7 12 5 8 
7 10 7 7 8 7 7 6 9 12 8 10 6 7 9 7 7 6 10 5 8 9 6 11 8 11 10 11 6 9 5 6 9 7 8 
9 6 7 8 8 8 11 10 10 10 5 6 5 9 5 7 12 8 11 10 6 11 5 5 9 9 11 10 6 12 9 11 7 10 5 
8 6 9 9 7 8 6 11 12 10 7 12 10 10 10 6 8 10 5 9 7 8 8 8 11 9 8 7 8 8 5 8 7 9 5 
6 9 11 10 9 11 5 10 12 10 8 7 11 9 5 6 9 9 9 11 9 9 6 5 11 6 12 5 9 12 8 5 10 5 11 
7 7 10 6 11 5 8 12 5 10 12 10 6 11 11 10 10 5 11 6 11 11 6 11 12 8 8 11 8 5 6 8 11 5 9 
6 9 6 12 8 6 11 10 6 5 8 12 5 6 6 10 8 10 8 7 5 8 5 10 11 5 6 10 11 7 10 9 12 11 9 
5 12 8 6 11 11 12 8 12 10 5 10 5 12 10 10 10 11 11 7 11 7 6 7 9 11 12 7 10 8 11 12 11 6 5 
10 6 8 9 11 5 7 8 10 5 10 11 9 6 5 12 7 10 7 10 6 12 8 8 12 11 11 8 8 7 8 12 8 12 5 
5 9 5 6 8 6 10 11 6 12 12 9 10 6 8 12 9 12 11 11 5 9 5 12 10 5 9 9 5 8 12 11 9 9 12 
7 11 6 11 6 9 12 12 9 7 10 5 12 10 9 5 11 9 6 8 11 9 11 9 10 7 10 7 9 11 12 11 8 11 10 
9 11 5 10 5 12 10 11 8 10 7 12 11 8 6 10 11 8 5 9 5 10 12 6 12 7 5 10 9 11 7 9 11 11 11 
12 7 11 11 11 9 11 7 7 12 11 11 7 6 12 6 9 8 9 11 12 12 6 5 11 8 7 7 12 10 5 10 10 12 5 
10 8 10 9 11 8 9 11 7 11 10 6 12 9 8 7 12 11 7 5 5 7 5 5 10 11 5 9 9 6 9 10 7 12 8 
11 9 8 9 8 12 7 7 7 7 10 5 5 7 12 12 12 11 5 10 12 10 6 5 8 10 6 9 10 10 5 6 9 10 7 
5 10 9 11 12 5 7 12 9 10 5 7 11 12 9 6 7 12 6 5 10 9 12 11 10 6 12 12 10 12 6 12 5 10 6 
6 10 10 12 6 9 7 12 12 6 12 6 10 11 6 6 7 11 12 6 5 12 5 11 8 12 11 6 9 8 7 11 10 9 6 
7 10 8 10 5 10 10 12 10 9 7 8 10 6 8 9 10 12 8 8 8 11 5 7 8 12 7 10 8 5 8 8 6 6 11 
5 9 11 10 12 5 11 11 5 10 8 11 9 7 8 6 5 12 11 5 6 5 6 9 10 6 8 7 8 11 11 5 8 6 5 
12 5 7 7 6 10 7 6 9 11 5 8 5 6 5 9 11 10 6 7 7 7 11 11 7 6 12 9 12 9 6 9 8 6 8 
7 8 9 7 7 5 8 12 6 6 11 5 5 8 11 10 7 8 9 8 5 8 10 11 8 8 10 7 7 7 8 8 9 11 9 
11 5 5 7 5 8 8 10 10 7 11 7 8 5 5 9 5 8 9 5 7 7 10 11 11 6 9 10 7 6 12 10 12 6 9 
8 6 7 12 5 6 6 5 8 10 11 5 6 11 10 11 7 7 7 10 10 8 8 5 12 5 5 6 5 8 11 10 11 8 10 
9 11 7 12 5 5 7 7 10 8 8 12 5 6 5 8 7 9 8 11 12 6 11 8 6 9 9 12 8 9 11 11 8 5 7 
7 12 7 7 10 9 8 6 6 8 12 8 10 10 7 10 8 5 9 7 5 7 6 5 9 10 9 8 8 9 10 5 8 10 5 
9 12 12 5 11 7 11 8 8 5 10 5 6 7 9 12 11 6 7 5 6 10 9 11 5 10 11 10 9 7 6 7 7 12 11 
7 9 9 7 11 5 9 8 10 12 8 7 7 5 9 6 5 10 6 12 8 12 9 7 6 11 11 9 5 8 12 5 7 7 10 
12 12 7 5 11 6 12 10 8 11 7 6 5 6 11 6 12 7 11 5 12 12 11 6 10 8 5 10 11 12 5 11 9 11 6 
10 12 10 6 7 12 7 7 7 12 8 8 10 8 8 12 5 11 7 9 6 10 7 12 7 5 6 10 12 7 8 10 8 11 12 
10 5 10 11 7 10 10 12 9 10 9 12 6 11 11 12 5 12 8 11 6 11 10 5 8 5 5 12 11 7 7 6 8 5 10 
8 6 9 8 10 6 6 7 10 8 5 5 5 7 8 5 11 11 5 10 10 6 6 12 6 10 6 9 8 8 6 5 12 12 10 
5 8 7 5 9 10 12 12 8 9 8 10 8 7 12 7 6 12 12 6 11 6 5 7 8 9 11 10 11 10 8 6 10 8 12 
9 7 12 9 8 5 8 6 9 11 7 7 7 6 12 11 6 11 5 6 8 5 9 7 7 12 7 12 12 7 9 5 8 11 9 
7 9 12 11 10 6 11 12 5 6 9 9 9 6 12 10 11 10 7 8 5 7 6 5 7 6 11 11 10 11 10 8 6 6 12 
9 5 9 10 5 7 12 8 11 7 6 5 5 6 5 7 7 6 8 12 11 9 10 6 7 12 9 7 10 6 8 6 10 5 10 
8 10 12 9 10 10 5 6 6 7 5 9 5 5 8 10 12 10 11 9 9 12 9 12 8 6 7 7 9 7 12 9 12 11 11 
12 8 7 12 5 8 7 10 5 8 10 5 7 6 8 11 11 12 11 10 10 5 12 10 11 6 7 9 6 7 9 6 7 10 9 
10 12 11 5 12 10 8 7 12 6 12 8 10 8 6 10 8 12 7 12 5 12 12 10 11 8 9 12 12 8 7 8 8 11 6 
10 10 9 7 10 5 6 11 7 8 7 8 11 9 10 6 7 9 9 12 9 12 8 9 10 5 8 8 5 7 10 10 5 6 7 
10 6 7 8 6 7 6 10 10 6 7 12 9 12 7 12 6 11 11 6 7 5 9 6 12 7 6 9 7 6 7 7 12 8 12 
12 10 7 10 7 11 9 8 10 9 11 5 11 9 8 8 10 12 12 7 12 11 6 12 7 12 5 5 8 11 10 11 10 10 7 
6 7 11 6 6 11 5 5 5 7 6 8 11 12 8 8 10 8 7 11 11 6 9 11 8 9 7 11 12 9 12 8 8 10 11 
12 8 8 6 9 5 8 12 12 12 11 10 8 7 12 6 12 10 12 7 7 8 11 9 12 7 10 8 9 10 7 11 12 6 9 
11 7 7 5 12 11 11 8 11 12 7 6 8 12 9 10 6 10 5 6 9 12 12 6 7 10 11 8 10 5 8 6 5 8 9 
8 5 6 8 11 10 12 10 7 6 8 8 8 5 11 8 10 6 11 12 10 9 11 10 11 9 7 6 7 12 11 5 7 8 11 
11 12 8 9 8 6 8 10 7 5 5 10 7 7 8 9 5 9 5 5 9 9 7 10 8 11 7 8 10 11 12 5 5 11 5 
10 10 5 5 9 6 11 6 7 11 12 9 7 8 10 12 8 7 10 5 7 6 12 6 8 8 12 10 9 12 7 8 7 6 10 
5 6 5 8 6 11 5 10 7 12 5 12 5 10 12 6 11 5 8 8 11 9 7 9 10 9 9 10 9 9 6 6 10 7 12 
5 8 5 11 9 10 8 5 8 9 5 8 12 8 5 6 8 11 6 7 12 11 12 5 10 10 7 8 9 9 7 11 10 10 5 
7 9 11 12 6 6 8 8 11 5 12 6 8 11 9 12 8 11 6 10 6 8 8 9 6 11 5 11 10 6 5 12 7 10 9 
7 10 6 9 11 5 10 8 8 7 11 11 5 10 7 10 12 6 11 6 8 6 11 12 5 10 11 8 9 5 11 5 9 8 8 
12 7 6 8 12 11 9 6 9 8 5 8 8 9 12 5 9 11 10 10 6 12 9 7 12 12 8 6 7 11 7 11 10 11 7 
10 7 8 7 5 12 5 10 6 7 9 7 12 12 10 9 9 12 8 9 11 8 5 8 9 6 12 9 9 11 8 6 7 10 6 
10 8 12 5 7 8 8 12 9 9 5 6 11 6 6 10 8 7 5 5 5 5 11 12 5 8 6 12 12 6 5 5 8 7 8 
7 5 7 11 11 9 12 12 5 8 9 11 9 8 10 10 11 6 9 5 11 11 9 12 9 10 8 6 6 11 10 9 11 5 11 
7 5 7 5 10 10 8 12 12 5 7 6 8 8 5 7 5 10 11 11 12 7 6 5 8 8 10 8 6 10 5 12 5 11 11 
12 7 10 11 5 8 7 7 9 7 11 9 5 11 8 5 8 7 12 10 5 9 11 5 10 8 11 7 10 12 12 5 8 10 7 
9 6 8 5 7 12 6 12 11 12 6 6 9 6 5 10 12 8 10 7 11 8 6 6 10 5 5 8 5 10 12 8 10 5 11 
10 7 7 6 11 9 12 6 11 7 6 5 9 6 5 10 5 6 10 9 12 5 12 7 7 11 11 5 5 6 10 10 11 7 10 
6 9 12 5 12 7 7 8 8 7 7 5 10 12 5 8 9 12 10 8 11 10 7 8 11 7 5 7 5 10 7 5 7 5 12 
7 8 10 9 12 5 6 7 8 9 5 8 9 5 6 8 9 8 8 10 12 9 5 8 11 11 6 7 7 8 8 10 9 9 5 
5 10 5 5 5 6 8 7 7 7 5 11 7 7 8 10 10 6 5 8 5 5 5 8 7 9 10 8 12 12 8 7 12 9 7 
5 11 7 6 10 10 8 11 9 7 10 8 6 8 5 8 6 6 6 10 6 7 11 12 7 12 8 5 8 12 10 12 5 8 10 
12 6 10 5 12 11 8 9 10 6 5 10 9 9 9 6 11 11 7 5 8 5 8 5 6 9 7 5 11 5 12 9 10 12 5 
5 11 6 10 6 6 10 7 5 8 9 8 5 7 12 8 7 11 8 10 11 6 9 11 10 5 5 8 10 7 11 12 10 6 12 
5 7 11 8 8 6 7 12 9 10 7 11 8 8 7 10 8 9 11 8 10 9 10 6 10 6 12 11 8 10 5 12 9 12 10 
10 7 12 12 12 6 6 11 7 8 9 12 10 12 9 6 7 11 9 9 7 11 5 8 5 7 6 9 6 6 7 11 7 11 9 
7 8 6 10 10 8 9 10 9 9 5 9 6 5 5 11 11 9 11 6 12 8 11 6 10 11 5 7 5 8 6 11 9 9 9 
11 12 7 9 11 7 6 11 10 12 10 10 7 7 10 11 11 7 12 10 10 7 10 12 11 8 12 7 11 10 6 7 12 10 11 
10 12 6 9 6 11 7 7 9 5 6 12 9 10 10 10 6 10 9 12 5 12 5 11 6 8 9 7 8 12 12 12 11 5 5 
11 6 6 8 10 10 5 7 7 7 12 5 9 5 5 7 7 6 10 12 6 11 12 6 12 12 10 9 10 11 5 12 10 11 9 
6 6 5 7 11 9 11 8 7 9 9 12 10 5 9 5 12 11 6 5 11 6 11 7 10 6 12 5 12 8 5 6 10 8 10 
10 10 12 7 8 9 11 9 7 9 5 12 12 6 5 7 5 5 12 5 11 7 8 5 5 5 5 12 10 12 10 9 7 11 7 
10 11 10 6 5 6 5 8 9 9 9 9 6 10 7 7 10 6 7 6 6 5 6 8 8 8 11 11 10 6 6 11 11 8 11 
10 5 9 6 5 7 10 6 9 11 5 7 5 10 8 10 10 7 12 8 9 10 7 8 11 6 7 5 7 12 8 11 7 9 7 
11 12 6 8 5 12 6 5 5 9 6 8 9 11 8 12 10 8 8 6 10 11 11 9 5 11 12 11 11 6 9 10 12 6 6 
11 5 10 8 12 10 8 12 8 12 10 9 11 5 6 11 7 10 10 10 6 9 8 11 8 10 6 5 8 11 10 6 10 6 12 
7 8 6 12 6 6 10 5 10 10 9 10 12 8 7 9 12 12 7 5 9 9 9 8 5 10 5 8 9 7 9 9 5 10 8 
12 10 11 12 6 11 9 5 12 9 9 10 6 7 12 7 10 6 12 8 10 10 7 5 8 12 8 6 9 8 10 9 8 10 6 
9 5 5 7 10 5 12 12 11 11 5 6 10 7 10 10 6 7 10 9 9 11 8 6 12 5 10 8 8 8 12 9 10 9 6 
6 7 12 12 8 9 8 12 9 8 5 5 11 12 12 6 6 9 8 5 9 12 12 9 11 6 5 10 10 7 10 7 12 5 9 
8 12 12 11 6 7 8 11 8 7 9 11 7 7 6 7 11 9 6 6 7 5 10 7 11 10 7 8 9 10 11 5 10 9 5 
6 10 6 10 9 9 6 6 11 11 12 8 9 11 5 9 12 11 12 5 12 7 9 11 12 11 8 10 6 9 7 12 8 8 7 
8 8 9 7 10 12 12 5 6 5 11 7 5 5 5 9 7 6 6 7 10 5 12 6 9 7 5 6 9 10 7 10 8 7 9 
11 6 7 8 10 9 12 12 5 11 9 5 12 7 12 8 12 12 11 6 11 9 5 6 5 10 11 9 7 10 6 7 10 10 10 
9 10 8 12 7 8 11 8 11 12 6 7 5 7 11 6 8 8 10 10 12 5 10 11 5 5 7 6 5 12 5 8 6 6 12 
7 10 7 12 11 7 11 11 6 5 9 5 7 9 5 11 5 7 7 7 10 11 6 6 6 9 8 7 6 7 6 12 12 7 12 
7 9 9 7 7 9 8 10 10 6 11 10 5 7 7 9 9 9 12 8 8 6 5 8 10 6 12 10 9 12 5 5 11 11 9 
9 9 8 6 10 11 9 5 7 7 6 5 11 10 7 6 12 5 7 8 10 11 7 5 10 11 6 12 12 9 8 7 9 10 12 
7 9 8 10 7 12 10 12 7 7 7 5 10 10 12 8 10 7 5 10 10 5 9 10 11 7 9 8 11 7 9 12 12 6 8 
8 9 8 5 9 6 11 11 9 8 9 6 9 11 7 6 6 11 5 11 9 12 6 10 11 6 10 7 8 11 11 11 12 11 12 
9 11 11 9 11 5 9 10 10 10 11 10 6 11 8 8 11 10 6 11 12 10 6 11 12 9 6 6 11 12 5 8 5 12 12 
7 10 9 11 6 9 12 10 7 6 9 9 7 6 5 9 5 9 12 5 10 7 6 11 8 5 10 8 12 10 12 11 6 6 11 
8 11 11 6 8 8 6 9 6 9 7 10 5 11 6 9 9 7 9 7 12 8 12 6 10 8 8 9 6 5 7 5 6 10 7 
9 5 11 5 10 8 8 12 10 11 6 6 10 12 10 9 5 7 8 6 7 12 11 6 5 7 6 6 7 7 10 5 12 9 9 
12 12 5 10 5 12 9 6 6 6 12 11 8 7 6 6 11 5 7 6 5 8 5 7 11 7 9 5 6 7 12 9 10 8 6 
8 11 9 8 10 9 5 11 9 6 5 8 11 12 8 9 9 12 8 8 9 5 7 6 9 10 10 6 5 8 5 12 10 6 7 
8 12 5 7 8 5 10 7 5 7 9 9 12 12 12 7 7 12 5 6 5 7 8 6 8 11 5 11 5 8 5 8 10 10 10 
5 11 7 12 6 5 10 9 7 6 7 5 12 12 8 10 5 6 7 9 10 8 12 10 11 11 10 9 12 12 5 9 7 12 7 
5 10 8 12 5 10 9 10 6 8 6 12 5 11 9 9 5 6 8 8 7 12 5 7 9 9 8 5 10 11 11 5 5 9 6 
12 12 10 12 12 7 10 5 10 5 8 6 12 11 11 6 7 11 6 11 8 6 9 12 10 12 11 8 8 11 5 7 11 7 8 
6 6 9 10 9 8 11 5 5 9 11 8 12 9 6 10 12 5 7 12 10 12 8 6 11 9 8 5 11 9 5 11 9 8 12 
8 11 7 7 8 6 9 6 5 9 5 9 7 10 6 5 8 9 10 5 12 12 8 11 9 10 6 7 12 12 10 7 5 9 7 
8 11 9 9 12 11 12 5 12 5 12 11 8 7 8 5 12 6 11 5 5 10 12 10 5 10 7 11 11 8 12 7 7 6 6 
12 12 9 7 7 7 12 10 11 7 8 9 5 5 11 8 8 6 7 10 12 6 5 10 5 7 9 5 9 11 8 6 9 7 7 
9 11 8 5 12 8 10 12 11 10 7 12 12 8 5 9 10 5 11 5 5 6 12 9 10 11 5 9 7 7 12 5 10 11 10 
7 10 8 11 10 6 12 10 7 5 7 10 6 6 6 11 11 9 7 10 7 12 6 12 9 11 7 12 12 10 6 11 11 5 12 
7 10 10 10 8 6 5 11 6 8 12 12 7 6 12 8 8 11 12 10 9 9 8 9 6 11 9 11 12 7 11 11 9 12 7 
5 6 9 10 5 9 6 6 10 6 7 7 8 7 6 9 6 12 8 8 5 12 11 7 11 12 5 5 7 7 9 5 5 7 6 
6 12 10 9 10 7 9 12 10 9 6 7 10 12 12 6 9 11 11 11 12 6 11 5 12 6 9 8 5 10 8 7 7 10 10 
8 10 10 8 7 6 9 6 6 9 10 9 12 5 10 5 11 9 12 11 6 6 9 8 10 5 12 12 12 7 5 9 11 5 12 
10 8 9 9 6 12 5 9 5 8 11 12 10 11 12 12 10 7 5 8 12 5 6 11 9 11 5 6 6 11 11 5 7 5 5 
9 7 8 6 9 5 5 10 7 9 12 6 8 8 11 7 11 12 11 9 6 7 6 9 5 9 7 12 5 8 8 8 9 8 10 
12 10 12 8 12 12 11 5 8 6 6 7 6 10 9 12 12 6 7 12 10 10 11 7 8 11 5 9 12 8 10 10 7 11 8 
11 8 10 7 6 8 7 11 5 8 12 10 6 8 11 9 6 10 5 12 11 7 9 5 6 8 7 5 9 7 6 9 5 6 11 
6 8 8 11 8 5 7 10 8 11 6 5 12 11 8 5 11 12 9 5 9 9 12 6 8 6 12 9 8 7 6 5 8 10 7 
9 5 5 10 12 10 11 5 11 9 11 5 12 9 9 6 8 9 9 7 5 11 10 6 5 5 8 8 9 12 12 12 11 9 7 
9 10 9 12 12 7 8 6 7 8 5 11 6 10 12 7 11 12 8 11 5 10 7 8 5 7 11 7 9 7 5 10 12 12 5 
8 5 7 7 5 7 9 8 8 9 11 10 10 7 11 5 11 9 7 6 7 11 7 12 9 5 6 8 7 11 9 5 6 7 12 
9 7 5 9 10 10 8 10 12 10 11 9 10 10 11 6 12 6 11 9 8 5 8 8 11 5 6 11 9 7 10 6 12 12 10 
7 10 9 9 8 10 7 8 7 8 7 9 5 7 12 5 12 6 8 10 5 6 12 5 8 11 10 6 12 9 5 12 10 8 12 
6 5 11 10 12 5 6 10 5 5 7 9 10 9 7 12 11 12 8 12 8 9 8 7 11 8 7 9 12 11 6 11 5 9 8 
10 8 11 5 11 5 6 5 6 8 8 10 8 11 6 9 6 8 5 11 6 9 8 6 8 11 10 9 6 8 12 9 8 12 9 
5 10 11 7 8 10 9 9 8 5 10 11 11 9 11 6 10 8 8 5 8 11 8 7 12 5 5 6 12 10 9 6 5 8 6 
10 9 5 12 12 9 9 8 11 11 5 10 10 5 12 8 7 11 9 10 9 5 9 6 6 12 10 5 11 6 5 5 5 8 8 
0 1 0 0 1 0 1 0 0 1 0 1 0 0 0 0 0 0 0 0 0 0 0 0 0 0 0 0 0 0 0 0 0 0 0 
0 0 1 0 0 0 0 0 0 0 0 0 0 0 0 0 0 0 0 0 0 0 0 0 0 0 0 0 0 0 0 0 0 0 0 
0 0 0 1 0 0 0 0 0 0 0 0 0 0 0 0 0 0 0 0 0 0 0 0 0 0 0 0 0 0 0 0 0 0 0 
0 0 0 0 0 0 0 0 0 0 1 0 0 0 0 0 0 0 0 0 0 0 0 0 0 0 0 0 0 0 0 0 0 0 0 
0 0 0 0 0 1 0 0 0 0 0 0 0 0 0 0 0 0 0 0 0 0 0 0 0 0 0 0 0 0 0 0 0 0 0 
0 0 0 0 0 0 1 1 0 0 0 0 0 0 0 0 0 0 0 0 0 0 0 0 0 0 0 0 0 0 0 0 0 0 0 
0 0 0 0 0 0 0 0 0 0 0 0 0 1 0 0 0 1 0 0 0 0 0 0 0 0 0 0 0 0 0 0 0 0 0 
0 0 0 0 0 0 0 0 1 0 0 0 0 0 0 0 0 0 0 0 0 0 0 0 0 0 0 0 0 0 0 0 0 0 0 
0 0 0 0 0 0 0 0 0 0 0 0 1 0 0 0 0 0 0 0 0 0 0 0 0 0 0 0 0 0 0 0 0 0 0 
0 0 0 0 0 0 0 0 0 0 0 0 0 1 0 0 0 0 0 0 0 0 0 0 0 0 0 0 0 0 0 0 0 0 0 
0 0 0 0 0 0 0 0 0 0 0 0 0 0 0 0 0 0 0 0 0 0 0 0 0 0 0 1 0 0 0 0 1 0 0 
0 0 0 0 0 0 0 0 0 0 0 0 0 0 0 0 0 1 0 0 0 0 0 0 0 0 0 0 0 0 0 0 0 0 0 
0 0 0 0 0 0 0 0 0 0 0 0 0 0 0 0 0 0 0 0 0 0 0 0 0 0 0 1 0 0 0 0 1 0 0 
0 0 0 0 0 0 0 0 0 0 0 0 0 0 1 0 0 0 0 0 0 0 0 0 0 0 0 0 0 0 0 0 0 0 0 
0 0 0 0 0 0 0 0 0 0 0 0 0 0 0 1 0 0 0 0 0 0 0 0 0 0 0 0 0 0 0 0 0 0 0 
0 0 0 0 0 0 0 0 0 0 0 0 0 0 0 0 0 0 0 0 1 0 0 0 0 0 0 0 0 0 0 0 0 0 0 
0 0 0 0 0 0 0 0 0 0 0 0 0 0 0 0 0 0 0 1 0 0 0 0 0 0 0 0 0 0 0 0 0 0 0 
0 0 0 0 0 0 0 0 0 0 0 0 0 0 0 0 0 0 1 0 0 0 0 0 0 0 0 0 0 0 0 0 0 0 0 
0 0 0 0 0 0 0 0 0 0 0 0 0 0 0 0 0 0 0 1 0 0 0 0 0 0 0 0 0 0 0 0 0 0 0 
0 0 0 0 0 0 0 0 0 0 0 0 0 0 0 0 0 0 0 0 1 0 0 0 0 0 0 0 0 0 0 0 0 0 0 
0 0 0 0 0 0 0 0 0 0 0 0 0 0 0 0 0 0 0 0 0 1 0 0 1 0 0 0 0 1 0 1 0 0 0 
0 0 0 0 0 0 0 0 0 0 0 0 0 0 0 0 0 0 0 0 0 0 1 0 0 0 0 0 0 0 0 0 0 0 0 
0 0 0 0 0 0 0 0 0 0 0 0 0 0 0 0 0 0 0 0 0 0 0 1 0 0 0 0 0 0 0 0 0 0 0 
0 0 0 0 0 0 0 0 0 0 0 0 0 0 0 0 0 0 0 0 0 0 0 0 0 0 1 0 0 0 0 0 0 0 0 
0 0 0 0 0 0 0 0 0 0 0 0 0 0 0 0 0 0 0 0 0 0 0 0 0 1 0 0 0 0 0 0 0 0 0 
0 0 0 0 0 0 0 0 0 0 0 0 0 0 0 0 0 0 0 0 0 0 0 0 0 0 1 0 0 0 0 0 0 0 0 
0 0 0 0 0 0 0 0 0 0 0 0 0 0 0 0 0 0 0 0 0 0 0 0 0 0 0 1 0 0 0 0 1 1 0 
0 0 0 0 0 0 0 0 0 0 0 0 0 0 0 0 0 0 0 0 0 0 0 0 0 0 0 0 1 0 0 0 0 0 0 
0 0 0 0 0 0 0 0 0 0 0 0 0 0 0 0 0 0 0 0 0 0 0 0 0 0 0 0 0 0 0 0 0 0 0 
0 0 0 0 0 0 0 0 0 0 0 0 0 0 0 0 0 0 0 0 0 0 0 0 0 0 0 0 0 0 1 0 0 0 0 
0 0 0 0 0 0 0 0 0 0 0 0 0 0 0 0 0 0 0 0 0 0 0 0 0 0 0 0 0 0 0 1 0 0 0 
0 0 0 0 0 0 0 0 0 0 0 0 0 0 0 0 0 0 0 0 0 0 0 0 0 0 0 0 0 0 0 0 1 0 0 
0 0 0 0 0 0 0 0 0 0 0 0 0 0 0 0 0 0 0 0 0 0 0 0 0 0 0 0 0 0 0 0 0 0 1 
0 0 0 0 0 0 0 0 0 0 0 0 0 0 0 0 0 0 0 0 0 0 0 0 0 0 0 0 0 0 0 0 0 0 0 
0 0 0 0 0 0 0 0 0 0 0 0 0 0 0 0 0 0 0 0 0 0 0 0 0 0 0 0 0 0 0 0 0 0 0 
0.29 0.11 0.12 0.24 0.18 0.25 0.21 0.14 