25
6
118 110 64 148 101 133 62 61 120 111 97 63 92 55 82 126 105 123 107 123 82 107 86 78 98 
131 127 104 120 110 79 67 144 149 85 55 88 98 88 86 138 132 76 94 73 133 93 98 60 52 
78 105 92 110 107 81 55 98 118 61 148 140 143 132 112 85 54 71 63 55 142 136 103 90 72 
56 59 146 69 95 67 100 76 60 139 123 144 85 52 125 93 62 63 66 91 133 63 56 134 79 
92 63 103 121 134 51 136 140 94 58 138 122 91 74 94 63 99 136 105 99 98 73 98 134 56 
121 100 149 119 89 119 100 130 62 83 138 63 106 52 93 80 67 95 109 97 109 75 119 110 73 
71 67 71 71 97 68 56 125 98 96 55 101 122 65 74 88 69 56 91 121 112 90 90 122 125 
75 75 112 121 120 73 71 108 92 74 95 70 82 73 87 101 85 60 110 103 71 53 52 78 86 
91 101 93 120 124 81 124 82 78 55 107 107 111 59 74 53 85 54 85 109 66 103 83 123 83 
65 68 113 55 70 92 84 99 110 68 86 95 117 95 102 119 57 81 97 51 63 74 79 108 99 
106 69 104 105 80 72 100 87 69 105 60 125 115 82 82 76 114 114 107 102 109 57 66 113 75 
114 94 74 103 76 63 112 94 114 100 72 61 62 63 99 95 69 83 79 84 93 90 94 101 50 
197 193 137 184 160 164 177 105 127 135 177 161 166 162 109 158 187 169 168 126 195 160 155 143 187 
18 12 17 15 17 20 18 17 14 19 12 19 22 21 12 21 19 23 23 15 15 17 25 22 18 
12 14 16 19 23 13 15 15 21 22 24 14 20 19 21 14 14 19 20 20 22 18 19 19 14 
16 15 16 25 16 18 22 19 12 24 15 18 20 25 16 12 14 25 12 19 19 12 16 18 21 
20 24 24 25 21 22 23 12 19 13 14 25 20 23 19 25 12 18 17 24 16 14 12 15 20 
15 16 18 19 21 14 12 16 21 24 24 14 19 18 20 24 17 14 12 21 12 22 18 18 21 
20 21 21 16 13 15 20 16 20 14 20 22 24 23 19 21 12 13 12 21 17 25 22 21 13 
6 10 12 5 12 8 10 10 10 7 12 11 11 6 10 9 8 10 11 6 11 12 12 8 7 
6 7 10 6 6 5 12 11 7 6 5 9 12 8 6 11 6 7 8 6 8 12 9 12 8 
9 11 10 9 12 5 12 8 10 6 8 11 6 7 8 8 10 8 12 5 5 6 7 12 5 
12 9 10 7 7 5 7 5 7 11 8 7 10 9 12 5 11 6 12 12 11 7 7 7 7 
5 12 8 11 7 9 7 12 12 11 10 12 11 7 6 10 7 9 5 8 5 11 8 9 8 
9 7 10 7 10 6 8 12 9 10 11 9 12 5 10 7 5 6 7 7 8 5 12 12 12 
5 6 8 5 11 8 6 9 6 11 8 10 7 5 10 12 11 8 6 7 6 5 10 6 10 
8 7 9 9 6 11 9 8 12 10 10 12 9 8 5 9 7 10 7 9 6 5 12 10 10 
7 8 11 6 5 7 7 8 12 11 11 7 5 7 5 11 10 10 6 11 6 5 10 5 5 
8 12 10 6 10 7 7 10 8 11 11 8 8 5 6 7 7 10 7 8 7 5 9 10 12 
7 7 8 9 6 5 9 7 10 9 6 6 11 9 9 7 7 7 11 9 11 10 6 10 7 
7 5 9 7 8 10 10 7 12 6 9 8 8 6 10 8 11 11 8 6 8 10 5 6 7 
6 10 10 5 11 7 10 6 5 5 12 8 8 10 8 10 9 5 6 12 12 10 9 9 7 
8 7 10 7 9 9 5 10 10 9 6 5 12 10 12 7 11 12 8 5 5 7 9 7 12 
8 11 11 7 10 9 9 6 7 9 7 5 8 8 5 11 8 5 11 11 7 10 10 10 6 
8 9 10 7 10 9 7 7 5 11 9 6 6 8 9 6 12 9 7 10 8 9 11 9 11 
7 10 11 7 8 11 11 8 12 11 5 12 8 6 11 9 5 7 11 5 6 10 11 12 7 
8 7 6 12 11 10 7 8 10 11 11 8 6 10 9 7 6 12 7 11 9 11 7 7 11 
9 8 10 9 6 8 8 8 8 9 8 10 11 9 6 11 10 6 10 11 12 10 8 5 10 
12 9 7 7 7 10 11 9 6 12 6 8 8 12 6 5 9 12 10 5 9 9 12 6 9 
6 10 8 11 9 6 7 10 12 10 9 10 7 8 11 8 12 9 9 5 11 12 5 7 7 
9 8 8 9 6 7 11 12 11 7 5 8 9 12 9 11 8 7 7 5 9 6 5 10 9 
8 5 5 8 9 9 11 8 11 5 6 10 6 5 12 5 9 7 7 8 9 9 5 10 9 
6 11 8 11 5 6 7 6 10 10 11 9 10 7 7 6 9 8 6 11 6 6 9 5 9 
5 9 5 11 12 8 8 7 11 11 9 8 8 11 10 12 11 5 12 7 11 6 11 11 8 
10 5 6 10 7 12 12 9 6 9 6 7 10 12 11 12 12 9 7 8 5 5 10 6 5 
10 10 7 12 7 11 12 8 12 5 8 7 5 7 5 5 12 11 6 7 12 10 5 9 11 
9 7 5 7 12 12 5 12 10 11 11 5 9 5 6 10 12 9 8 8 10 8 7 7 9 
9 8 8 10 8 10 6 7 11 10 7 10 6 11 10 8 7 9 11 6 12 6 12 10 11 
12 7 5 10 11 10 8 9 5 9 5 12 9 10 7 5 6 5 5 10 8 11 10 11 7 
9 9 7 6 5 7 7 9 8 9 11 11 12 8 12 6 7 10 9 12 9 11 6 7 11 
12 10 12 8 10 7 5 8 10 8 6 11 12 6 8 11 5 11 5 5 10 11 11 10 10 
7 5 8 11 12 6 6 7 12 7 8 8 12 10 8 10 5 8 6 8 6 9 9 10 10 
10 6 5 6 12 9 11 7 10 10 5 9 10 9 7 10 8 12 11 8 8 8 8 8 11 
7 11 9 11 10 7 8 10 7 9 6 8 12 7 7 12 5 11 12 5 9 11 11 9 12 
11 12 5 9 12 8 6 6 6 6 8 5 12 6 5 7 7 9 8 12 6 8 10 9 12 
12 5 9 11 6 8 7 8 9 10 10 6 5 10 10 8 12 6 11 9 10 10 7 6 9 
12 9 7 10 6 7 9 11 11 7 7 5 6 6 11 5 7 12 7 6 7 12 9 5 6 
11 7 5 11 7 6 12 12 10 10 6 6 6 9 8 7 11 8 7 10 8 11 10 12 7 
7 5 5 11 10 8 8 6 5 8 6 6 8 12 7 7 7 10 11 8 12 11 9 7 5 
12 6 5 8 7 8 10 12 9 11 8 9 5 12 11 11 9 12 12 11 8 7 10 7 8 
5 10 11 12 9 8 7 12 8 7 10 11 5 5 8 10 11 11 9 12 9 11 10 10 5 
10 7 7 10 9 9 6 12 6 12 11 6 8 5 7 10 12 10 8 9 9 10 8 11 11 
7 5 9 6 9 9 8 8 5 11 9 12 5 6 8 12 10 8 9 7 7 5 10 12 8 
5 5 6 10 12 12 8 5 8 10 11 8 8 7 5 12 11 12 12 11 7 8 12 10 11 
10 5 5 7 9 8 10 10 8 11 9 12 5 11 10 5 5 10 8 6 8 10 12 7 11 
8 12 8 5 12 6 12 9 9 8 11 6 8 10 7 12 9 6 9 8 12 6 5 9 12 
7 11 12 6 5 7 5 10 8 11 7 7 5 12 6 11 7 10 11 11 7 12 7 7 10 
12 12 10 10 6 8 9 8 7 11 10 8 11 11 7 5 7 6 11 7 9 9 12 10 5 
6 9 10 9 10 6 11 11 8 6 5 9 8 9 8 10 5 6 12 11 6 9 5 12 10 
9 5 12 9 12 10 10 8 12 9 6 5 6 11 7 5 7 8 7 11 10 9 12 9 9 
10 7 11 8 7 10 10 8 6 6 7 10 6 11 9 9 6 12 8 6 10 9 11 6 9 
6 7 7 10 5 8 11 8 8 5 12 12 9 7 8 10 5 11 7 6 6 9 11 9 9 
11 6 6 8 9 11 10 8 12 6 12 5 11 5 9 12 11 11 10 9 9 11 10 11 5 
10 11 5 7 8 9 6 5 8 9 11 9 5 10 11 12 7 5 12 7 7 10 12 12 8 
12 11 8 7 5 7 12 12 12 7 12 8 6 12 8 9 10 12 9 5 10 9 6 12 7 
10 7 8 5 9 9 9 7 5 12 12 11 8 9 12 9 11 9 12 8 9 10 12 10 10 
10 10 9 9 9 10 10 8 10 9 9 9 10 7 5 8 5 11 5 8 5 11 11 11 12 
12 8 7 12 7 8 5 12 5 7 11 6 12 5 12 7 10 6 6 7 9 5 5 10 12 
10 6 6 9 9 6 5 7 5 12 5 10 12 5 7 5 5 7 5 7 8 7 7 10 5 
7 8 7 7 10 12 6 10 10 12 5 11 12 6 6 7 10 7 6 7 10 10 11 10 12 
6 6 11 10 10 9 12 11 12 11 12 9 11 9 5 12 9 7 9 5 5 8 6 8 8 
11 7 12 7 6 6 12 8 7 7 11 8 8 6 12 12 11 11 8 7 7 12 12 11 9 
12 9 12 6 11 5 9 8 7 11 12 7 9 7 12 10 10 12 9 7 8 9 8 7 12 
9 7 5 6 10 12 8 11 8 9 7 6 11 10 5 12 7 10 6 12 11 11 8 7 12 
12 5 12 10 8 8 8 10 5 6 12 6 10 7 7 11 12 12 5 9 11 12 8 8 9 
10 6 9 10 9 11 10 10 11 9 7 12 5 5 5 7 8 12 8 6 12 6 8 7 5 
10 7 11 10 10 6 8 12 8 9 12 12 8 8 11 8 8 8 11 8 6 9 6 11 9 
8 7 7 10 8 9 9 12 5 12 10 10 10 9 11 8 11 8 10 5 5 7 5 8 5 
6 6 8 6 10 8 8 7 7 9 11 12 9 9 12 11 12 10 9 10 10 8 8 8 5 
10 11 9 6 9 9 6 6 9 5 12 10 7 11 11 12 10 7 10 8 12 8 9 12 10 
6 8 12 10 8 6 12 5 9 12 7 5 11 11 8 9 12 11 8 7 9 6 7 9 8 
12 6 11 10 8 12 11 9 10 7 10 6 7 5 11 7 6 12 9 7 12 7 6 6 11 
10 9 10 6 8 7 6 8 10 5 10 6 11 5 11 10 10 8 12 9 8 11 5 7 11 
12 12 10 10 6 10 12 9 12 7 5 7 11 7 8 6 11 6 12 11 7 11 7 7 11 
10 6 5 5 12 7 5 7 10 11 8 12 8 6 5 9 7 9 11 6 5 11 8 5 9 
11 10 10 9 8 12 11 6 5 11 10 11 7 10 9 10 8 10 6 8 10 6 7 10 12 
6 7 7 9 9 10 8 9 9 5 6 7 10 9 10 5 12 10 11 5 9 11 11 10 8 
5 11 6 11 7 8 5 6 7 6 9 9 10 5 8 8 9 8 11 9 5 5 8 6 12 
10 10 11 12 5 8 10 8 8 11 5 9 10 12 12 6 9 5 8 6 6 6 7 5 10 
12 9 6 8 5 10 9 10 7 9 5 9 9 8 7 7 10 5 12 8 9 8 11 8 12 
6 6 6 5 5 10 9 10 9 5 10 12 7 9 11 10 9 6 6 7 9 12 9 9 9 
8 8 12 9 7 11 6 10 9 10 12 12 8 7 5 11 10 11 5 7 10 11 5 11 6 
12 9 6 5 5 10 9 7 12 5 9 9 11 11 5 8 12 11 10 6 11 5 5 12 11 
8 8 7 12 7 9 6 12 6 7 10 11 12 7 6 11 12 6 10 7 12 7 11 11 9 
8 5 6 10 8 11 11 5 11 6 6 7 10 5 5 8 12 12 12 6 9 8 5 9 9 
9 8 7 8 9 8 8 5 12 6 12 12 9 10 12 8 8 7 7 5 12 7 6 5 10 
7 10 8 11 11 12 10 7 5 5 8 10 10 7 11 12 5 12 8 11 9 6 7 12 9 
6 11 10 10 8 9 6 12 7 12 7 12 5 9 11 6 6 6 7 9 6 8 12 11 8 
6 11 7 9 8 11 11 12 12 8 7 6 9 5 11 5 5 5 9 5 5 7 11 11 12 
8 5 5 5 5 6 10 12 9 12 6 10 12 6 9 7 5 5 9 6 9 5 12 11 5 
8 10 7 8 5 10 8 12 7 5 10 7 8 8 11 5 8 6 6 8 9 5 6 10 5 
7 5 10 9 12 5 6 11 6 7 8 11 5 11 12 6 12 7 9 9 12 11 6 12 7 
12 6 12 8 7 7 5 9 9 8 8 5 5 9 10 7 5 7 5 10 12 8 11 11 12 
11 7 12 12 12 7 11 12 7 7 10 11 11 7 7 9 9 9 7 9 5 11 7 9 12 
12 11 5 6 12 10 8 7 12 10 5 8 9 8 6 11 11 11 10 7 11 10 12 8 12 
10 10 11 8 12 11 8 6 7 12 9 11 10 5 10 8 5 7 10 10 8 9 9 7 11 
12 10 7 8 11 11 9 6 7 10 9 8 10 11 6 6 10 7 8 9 9 7 9 12 10 
9 11 10 6 10 11 11 9 5 5 11 6 11 9 12 10 11 12 10 7 12 9 7 7 9 
9 9 5 12 9 9 6 6 12 6 5 5 8 9 8 7 5 9 5 7 11 10 9 6 11 
10 10 11 9 12 11 6 8 9 8 9 7 11 11 8 11 11 6 11 5 6 10 9 5 12 
8 7 7 10 5 10 5 8 11 9 5 12 6 7 5 8 12 7 12 10 9 8 10 11 9 
11 11 11 7 11 7 11 6 5 6 10 6 7 11 12 10 6 6 7 7 11 6 8 7 6 
7 6 7 5 8 5 6 6 8 6 7 12 11 5 8 7 7 12 12 7 12 6 6 9 11 
5 7 11 5 8 10 5 8 7 6 8 6 9 12 12 6 9 9 12 7 12 6 5 10 6 
7 8 8 6 8 11 12 7 6 6 9 8 5 12 7 6 6 9 10 7 12 12 12 11 7 
5 5 7 8 8 8 10 6 10 7 12 8 11 9 11 12 5 11 7 8 5 5 9 7 7 
7 8 6 6 11 12 7 12 12 6 6 7 8 7 10 6 10 8 6 10 11 10 9 8 10 
7 10 5 9 9 8 11 10 10 10 12 10 11 10 12 5 9 7 12 10 5 11 11 8 10 
10 8 9 12 12 6 6 8 5 7 11 6 11 12 5 6 7 11 9 10 8 11 6 8 12 
12 6 12 9 10 9 11 11 12 11 10 7 7 7 8 7 9 12 9 6 11 7 5 7 6 
9 8 9 9 10 11 6 9 5 11 12 11 6 9 11 6 10 10 8 5 6 8 9 11 11 
8 10 7 8 5 8 11 8 5 12 7 6 10 10 11 6 12 11 5 6 6 8 8 5 6 
8 6 10 8 11 6 8 5 7 9 9 8 11 10 9 9 11 5 12 6 11 10 10 7 7 
9 9 8 11 7 12 12 6 10 12 8 12 10 12 6 5 9 9 12 8 12 9 12 12 10 
11 5 8 12 8 10 8 6 8 9 11 6 8 6 12 10 10 9 6 6 6 5 11 6 8 
11 6 9 10 7 8 7 11 8 8 12 8 6 6 5 10 7 10 10 8 11 8 5 6 9 
7 11 6 9 10 8 7 11 7 8 11 8 6 11 5 8 12 8 10 11 9 5 7 12 6 
6 12 11 11 12 8 10 8 8 5 10 11 9 5 6 9 9 12 8 8 7 8 11 12 9 
7 10 8 7 8 7 8 8 5 5 5 7 6 10 9 6 10 8 11 6 10 11 5 6 6 
8 12 10 12 11 8 6 6 9 5 11 12 8 8 8 9 11 6 5 10 11 10 12 5 10 
5 10 6 10 11 5 8 6 11 5 10 7 8 7 7 9 6 8 11 7 6 7 11 12 6 
7 12 11 10 11 6 10 8 11 10 11 11 6 10 11 5 8 9 6 11 6 11 11 12 7 
5 11 10 5 8 8 12 12 10 12 11 11 6 8 11 9 5 6 12 10 5 8 10 10 9 
10 10 8 9 5 7 7 11 6 11 9 10 7 9 5 6 5 11 11 12 10 7 5 8 11 
8 8 8 12 10 11 11 10 5 8 9 9 6 9 12 8 10 12 8 10 5 9 7 6 11 
12 9 9 12 7 10 10 5 10 11 6 12 5 5 6 12 12 12 6 11 12 9 7 8 6 
10 7 8 9 6 7 10 5 11 5 10 6 11 11 12 5 7 8 10 5 10 6 7 12 9 
12 12 9 9 12 10 5 9 7 10 5 10 8 10 7 5 6 9 10 11 6 12 11 11 9 
10 6 7 10 5 9 8 10 10 7 12 7 11 12 12 10 10 12 11 9 9 9 12 5 8 
5 11 12 7 12 7 9 12 6 6 10 7 11 9 10 5 7 10 9 10 9 12 9 9 7 
9 10 9 12 10 8 8 12 10 11 11 7 11 8 10 5 6 6 6 9 5 11 12 9 12 
8 6 5 7 10 8 5 5 11 8 8 6 9 9 10 8 12 10 5 8 6 11 12 8 6 
7 12 11 5 9 12 9 5 8 7 7 7 12 7 6 12 6 12 8 6 11 5 6 8 10 
6 5 11 6 11 10 10 5 11 12 8 10 9 9 9 8 7 12 6 8 12 5 5 5 8 
9 9 6 5 11 5 12 9 11 7 12 9 6 11 7 7 7 12 8 7 5 11 6 7 12 
9 11 5 8 7 11 6 7 8 9 11 7 5 7 6 9 10 5 6 12 7 12 8 12 10 
11 7 12 10 9 5 9 7 12 10 9 8 10 11 5 5 6 7 11 7 5 7 7 12 9 
12 10 7 5 5 11 8 11 8 6 8 11 9 10 8 12 10 8 10 8 10 8 7 11 8 
6 11 12 9 5 6 7 9 10 12 10 6 5 7 7 11 12 12 10 12 8 11 11 5 11 
11 6 8 10 6 9 7 8 8 5 6 12 6 9 5 12 5 11 5 9 8 8 8 12 6 
7 6 10 10 9 5 12 5 11 8 10 10 7 11 10 8 8 6 11 5 5 9 6 9 8 
7 7 9 6 6 9 5 9 6 8 12 5 7 11 7 9 8 9 11 7 5 10 10 5 9 
10 12 12 12 10 10 8 7 8 12 9 6 8 11 10 12 10 9 9 6 6 8 6 8 6 
9 7 5 11 6 11 6 10 10 6 8 7 7 12 10 11 7 9 7 11 7 9 10 9 9 
11 7 7 10 11 10 9 12 8 10 10 12 11 5 10 6 10 10 6 7 12 11 8 12 6 
10 9 9 5 5 12 5 12 5 5 12 8 11 10 12 10 12 9 12 6 7 10 10 10 12 
6 12 8 8 8 10 7 6 11 10 7 8 12 11 12 6 9 6 5 6 10 9 5 12 7 
6 9 12 11 5 12 6 7 5 8 9 10 8 5 12 7 8 7 9 8 12 11 10 10 8 
9 8 8 12 9 10 12 11 7 11 12 6 9 7 10 10 11 7 6 8 8 11 7 12 12 
0 1 0 0 0 0 0 0 0 0 0 0 0 0 0 0 0 0 0 0 0 0 0 0 0 
0 0 1 0 0 0 0 0 0 0 0 0 0 0 0 0 0 0 0 0 0 0 0 0 0 
0 0 0 1 0 0 0 0 0 0 0 0 0 0 0 0 0 0 0 0 0 0 0 0 0 
0 0 0 0 1 0 0 1 0 0 0 0 0 0 0 0 0 0 0 0 0 0 0 0 0 
0 0 0 0 0 1 0 0 0 0 0 0 0 0 0 0 0 0 0 0 0 0 0 0 0 
0 0 0 0 0 0 1 0 0 1 0 0 0 0 0 0 0 0 0 0 0 0 0 0 0 
0 0 0 0 0 0 0 0 0 0 1 1 0 0 0 0 0 0 0 0 0 0 0 0 0 
0 0 0 0 0 0 0 0 1 0 1 0 0 0 0 0 0 0 0 0 0 0 0 0 0 
0 0 0 0 0 0 0 0 0 1 0 0 1 0 0 0 0 0 0 0 0 0 0 0 0 
0 0 0 0 0 0 0 0 0 0 0 0 0 0 0 0 0 0 0 0 0 0 0 0 0 
0 0 0 0 0 0 0 0 0 0 0 0 1 0 0 0 0 0 0 0 0 0 0 0 0 
0 0 0 0 0 0 0 0 0 0 0 0 0 0 1 0 0 0 0 0 0 0 0 0 0 
0 0 0 0 0 0 0 0 0 0 0 0 0 1 0 0 0 0 0 0 0 0 0 0 0 
0 0 0 0 0 0 0 0 0 0 0 0 0 0 0 1 0 0 1 1 0 0 0 0 0 
0 0 0 0 0 0 0 0 0 0 0 0 0 0 0 0 1 0 0 0 0 1 0 0 0 
0 0 0 0 0 0 0 0 0 0 0 0 0 0 0 0 0 1 0 0 0 0 0 0 0 
0 0 0 0 0 0 0 0 0 0 0 0 0 0 0 0 0 1 0 0 0 0 1 0 0 
0 0 0 0 0 0 0 0 0 0 0 0 0 0 0 0 0 0 0 0 0 0 0 0 1 
0 0 0 0 0 0 0 0 0 0 0 0 0 0 0 0 0 0 0 0 0 1 0 0 0 
0 0 0 0 0 0 0 0 0 0 0 0 0 0 0 0 0 0 0 0 1 0 0 0 1 
0 0 0 0 0 0 0 0 0 0 0 0 0 0 0 0 0 0 0 0 0 1 0 1 0 
0 0 0 0 0 0 0 0 0 0 0 0 0 0 0 0 0 0 0 0 0 0 0 0 0 
0 0 0 0 0 0 0 0 0 0 0 0 0 0 0 0 0 0 0 0 0 0 0 0 1 
0 0 0 0 0 0 0 0 0 0 0 0 0 0 0 0 0 0 0 0 0 0 0 0 0 
0 0 0 0 0 0 0 0 0 0 0 0 0 0 0 0 0 0 0 0 0 0 0 0 0
0.29 0.11 0.15 0.15 0.12 0.27 0.05 