70
7
99 139 90 114 79 79 77 146 96 63 110 142 105 117 123 145 105 142 139 127 50 119 145 148 53 60 123 100 104 106 97 73 69 78 108 72 126 79 98 67 99 77 149 134 131 60 123 97 99 135 125 57 99 93 115 50 73 52 56 144 110 149 126 81 137 82 77 121 87 80 
77 53 51 96 76 112 96 59 92 66 95 68 123 105 140 76 150 134 111 120 51 72 147 133 60 57 132 119 135 150 126 128 105 125 90 75 121 97 148 114 95 146 108 79 110 150 115 52 78 90 125 83 56 53 122 79 81 50 107 128 98 114 78 74 121 134 124 57 94 92 
65 78 96 106 109 98 58 128 115 114 104 104 73 107 146 102 135 103 81 68 64 95 66 98 119 81 124 53 117 102 120 146 124 114 50 122 139 108 137 111 111 63 120 150 71 100 58 92 132 84 148 53 131 120 50 142 115 104 56 61 106 137 113 56 132 91 130 73 52 125 
110 120 64 109 65 51 62 102 76 110 97 66 67 52 134 149 113 65 138 92 68 82 128 126 60 124 133 88 95 61 122 94 111 66 87 69 140 135 58 65 88 124 136 92 87 147 83 52 125 62 124 104 52 87 101 58 115 72 120 148 125 148 70 147 111 119 56 128 101 104 
61 149 125 70 116 50 147 120 135 96 129 135 117 105 105 85 148 128 79 139 123 53 71 97 98 147 90 73 66 149 143 83 68 136 139 58 127 72 85 150 115 69 61 113 81 129 141 129 101 127 115 57 106 64 62 110 69 71 70 50 78 147 114 71 107 85 108 106 108 106 
59 116 76 93 68 96 88 87 105 134 67 64 105 147 68 80 129 120 55 127 138 128 104 146 127 71 146 100 91 59 90 142 58 134 115 120 93 109 86 143 148 136 64 109 128 65 59 78 75 79 93 96 120 108 143 76 83 79 111 113 61 90 126 103 90 64 55 146 132 88 
131 81 134 90 113 129 130 97 62 73 96 118 78 145 110 119 122 81 85 81 130 130 140 81 74 140 150 76 135 136 74 99 86 114 119 127 115 51 126 84 54 61 58 126 91 84 82 59 81 107 98 124 111 56 59 88 129 92 93 112 149 105 82 59 134 99 105 140 75 120 
75 76 91 69 106 84 62 122 78 120 99 80 88 122 108 83 120 92 60 74 53 68 125 72 91 79 120 53 112 125 91 73 80 75 74 58 118 96 65 91 112 85 121 93 66 89 97 65 70 79 63 50 112 65 75 121 106 104 67 114 59 121 96 88 95 112 116 87 70 67 
72 58 58 54 67 100 78 84 72 79 61 120 57 119 58 108 89 87 73 74 95 105 58 110 123 75 60 87 96 109 113 69 78 81 96 102 86 109 59 108 105 56 70 59 125 124 116 71 58 110 100 91 55 122 58 115 123 100 87 92 51 76 83 82 64 90 110 106 102 65 
97 81 63 72 53 59 104 125 76 116 91 70 75 85 84 110 100 82 121 85 105 70 72 90 72 70 98 120 68 123 82 62 80 98 66 84 103 97 62 119 75 84 63 120 58 86 82 88 70 101 52 122 88 94 64 53 108 80 67 59 122 70 99 83 124 85 67 79 114 101 
70 125 62 67 115 63 54 54 104 112 98 96 89 105 70 100 114 80 71 110 123 120 53 114 116 69 81 116 54 125 68 79 117 63 124 65 94 88 85 79 70 75 74 105 112 88 65 116 99 84 105 110 75 114 115 90 50 78 107 60 102 83 51 103 106 118 120 97 61 73 
108 111 86 84 68 107 100 55 71 58 115 115 66 69 123 114 53 77 101 101 70 73 120 84 85 61 110 93 80 81 99 56 88 120 65 55 111 65 81 68 55 73 121 99 114 122 94 82 76 96 92 94 91 79 92 88 57 80 104 96 107 55 113 117 107 112 58 68 71 68 
56 61 116 70 122 112 70 99 109 64 106 55 55 74 76 125 85 112 79 53 69 96 65 80 83 50 107 124 90 104 71 72 113 109 112 101 61 88 108 102 120 112 89 106 52 108 86 105 103 103 90 52 53 59 85 88 72 113 86 119 68 91 85 57 83 69 94 106 115 53 
102 81 114 92 52 61 108 60 82 121 87 101 80 113 107 56 125 118 81 125 114 115 114 119 72 98 75 104 110 53 123 83 114 118 103 106 54 115 118 99 74 110 61 66 80 60 60 52 64 84 121 115 78 66 104 66 96 80 57 106 76 78 106 60 98 77 60 109 89 125 
135 152 122 114 127 173 133 147 152 186 129 130 142 181 181 153 193 113 169 164 159 155 156 107 147 130 179 181 158 164 170 165 169 144 127 160 185 163 114 199 138 124 133 194 177 118 163 168 137 137 200 127 161 109 194 193 115 160 182 197 180 142 163 134 172 133 157 112 124 113 
24 22 15 21 14 23 12 24 13 13 15 24 21 24 17 16 20 20 12 25 25 22 25 19 16 21 22 17 19 14 15 14 23 22 14 19 19 23 12 21 19 13 24 16 21 24 14 12 23 12 22 22 13 23 14 25 23 24 14 17 17 21 21 18 13 22 18 21 24 15 
22 21 19 18 18 21 25 18 21 23 21 19 13 23 13 19 15 21 12 13 17 24 20 22 16 13 19 15 12 20 13 15 24 14 15 12 20 19 23 16 12 25 25 15 12 13 17 23 22 24 13 15 18 23 12 21 22 24 12 19 18 16 15 22 17 21 21 20 14 20 
12 12 25 16 18 24 13 21 20 25 24 19 16 21 24 16 25 17 24 16 24 24 13 19 25 18 24 25 20 20 23 16 13 21 23 23 24 25 16 17 20 15 17 21 23 18 18 21 15 19 22 19 19 19 21 13 14 15 18 14 18 13 21 23 15 14 14 17 25 24 
16 19 14 16 12 16 13 23 25 21 16 20 23 18 15 15 17 12 25 12 18 25 12 19 25 23 23 23 15 14 25 16 15 16 20 18 23 12 20 19 19 13 18 12 18 24 14 14 22 12 18 23 18 25 25 14 22 21 25 22 24 22 22 13 18 13 15 13 19 16 
17 17 13 25 21 14 19 15 25 24 22 24 22 22 25 25 23 25 17 20 16 18 12 12 13 19 19 21 25 24 15 15 21 19 13 16 18 12 19 14 21 24 20 23 17 22 15 15 24 22 25 21 18 23 22 14 22 19 12 12 21 17 17 23 17 21 25 15 19 22 
14 19 16 16 18 14 19 19 16 17 24 21 19 16 15 13 15 12 20 25 22 14 21 18 21 25 20 17 14 17 12 15 15 23 23 20 13 17 23 22 25 16 19 25 16 16 15 25 12 22 25 15 20 17 25 20 14 16 18 22 19 12 23 15 16 25 12 14 25 12 
12 21 15 21 12 24 24 25 16 23 18 21 24 18 22 13 23 15 20 24 14 21 15 12 24 16 16 19 15 15 23 22 13 22 19 19 21 18 18 18 18 19 24 12 25 20 14 16 23 12 16 17 21 16 25 16 15 14 20 24 14 25 12 22 17 20 22 14 13 14 
6 11 10 9 9 10 8 12 12 11 8 6 8 11 12 8 8 8 9 9 8 12 6 9 10 12 11 12 7 6 7 8 11 10 10 11 12 8 5 7 12 10 6 7 5 11 8 7 12 9 11 6 9 7 8 7 6 6 7 9 6 6 12 12 9 7 8 5 5 12 
12 12 6 10 11 11 9 5 8 9 5 12 6 8 12 6 7 12 9 6 7 6 10 11 9 7 7 10 10 9 11 8 5 10 11 10 7 10 5 8 12 7 11 10 9 7 8 9 12 7 10 9 9 9 8 5 6 11 6 12 9 5 7 11 9 10 10 11 10 12 
8 12 5 10 5 10 6 11 5 7 8 7 9 9 6 11 10 5 12 6 6 12 6 10 8 5 6 5 12 12 12 8 11 9 9 7 12 12 12 11 5 8 9 5 8 5 7 12 8 10 9 8 6 10 7 8 7 7 6 9 9 5 5 7 6 8 9 9 7 8 
12 8 5 12 9 9 12 5 11 12 10 12 6 11 6 7 6 6 12 8 7 7 8 6 5 10 8 8 5 7 7 7 12 10 8 11 6 11 8 9 9 10 7 12 11 5 7 10 10 6 6 8 11 6 9 8 12 7 10 9 6 8 12 8 5 9 11 6 10 10 
10 10 11 8 7 9 9 8 9 11 10 6 5 8 8 8 5 10 11 6 11 12 10 5 5 12 7 5 9 5 12 8 10 8 8 12 11 11 6 10 12 11 8 7 11 7 8 11 12 12 8 9 12 8 11 6 10 9 10 6 8 6 11 11 9 9 8 7 11 11 
12 12 6 8 11 9 5 5 10 8 5 7 12 6 12 5 7 11 5 9 7 11 8 11 9 12 6 7 11 8 6 8 10 5 10 5 11 12 6 10 6 7 9 10 8 6 12 12 8 12 11 12 12 5 10 11 5 10 11 9 9 9 5 10 7 7 6 7 8 7 
12 7 12 8 8 5 10 9 12 12 5 8 7 8 11 12 6 7 7 7 5 8 10 8 7 10 5 8 10 8 10 12 7 11 12 10 9 9 12 7 11 5 5 8 6 7 10 8 11 6 7 10 6 11 6 7 5 7 11 9 8 7 9 9 8 7 6 6 12 5 
12 8 10 8 10 12 11 9 11 8 10 8 5 10 6 10 5 12 6 9 9 10 5 5 5 7 7 10 10 5 10 9 12 11 8 12 11 12 12 12 5 6 10 5 9 8 5 5 7 7 11 9 6 11 11 8 6 6 11 12 8 5 11 6 11 9 6 9 8 8 
9 10 8 8 12 6 12 12 10 5 12 10 12 5 12 11 10 10 5 5 12 5 8 6 6 11 9 10 11 7 9 7 11 10 11 7 8 10 12 5 5 9 5 12 8 8 10 12 10 11 8 6 12 6 11 10 12 8 5 6 8 7 6 10 10 5 8 11 5 10 
10 5 7 9 8 12 8 7 9 12 10 9 9 7 8 6 7 7 12 6 9 5 12 8 7 10 5 10 6 11 11 12 7 10 8 6 7 11 11 12 7 12 10 6 6 9 11 5 6 6 7 11 12 7 8 11 12 12 5 9 5 9 12 10 9 5 7 7 8 9 
10 6 5 12 11 10 9 12 11 12 6 7 12 10 6 11 12 6 6 11 9 10 5 11 5 12 10 6 5 12 5 6 12 5 11 11 5 11 8 7 8 10 9 10 12 8 8 10 7 12 11 6 10 6 6 10 9 8 8 5 9 6 12 9 10 10 10 11 7 11 
5 12 11 7 5 7 7 7 8 12 10 10 12 12 8 12 9 6 6 8 5 9 12 12 7 11 11 12 8 10 10 10 7 9 12 12 12 5 12 6 7 9 12 10 10 6 10 5 12 7 12 11 7 12 5 6 5 5 8 11 7 9 5 6 5 7 10 8 5 6 
12 5 5 8 6 11 11 12 8 7 8 12 12 10 8 12 5 5 6 5 9 8 5 8 9 9 9 6 6 11 7 8 6 5 11 11 7 5 9 6 12 12 6 7 5 12 7 10 12 7 10 11 5 10 12 7 5 10 10 6 7 6 12 12 11 5 7 8 8 9 
11 12 11 12 12 6 9 9 12 6 9 7 9 9 5 9 10 5 10 10 8 7 6 7 11 9 10 5 11 8 9 5 8 5 8 5 12 10 5 10 7 7 12 10 11 5 8 6 9 12 8 8 11 8 11 9 12 9 12 6 5 11 9 12 10 10 8 9 12 10 
11 5 8 7 7 10 8 8 7 8 8 10 6 12 11 10 5 9 7 10 9 7 7 8 8 11 8 11 6 8 6 8 11 5 7 12 8 6 8 11 10 7 7 8 5 6 9 5 12 9 12 5 8 8 8 9 8 12 10 8 8 8 9 10 5 7 12 7 7 6 
11 11 8 12 6 5 12 7 11 9 9 8 12 10 10 10 7 12 6 6 8 9 6 11 12 10 7 5 7 8 5 11 9 11 9 5 5 11 12 6 10 5 12 6 5 9 6 12 6 10 5 10 10 5 9 8 9 6 12 6 9 7 9 12 11 9 6 5 12 8 
12 11 6 11 12 12 8 10 12 6 12 11 11 7 8 5 9 8 7 6 10 10 8 11 12 10 7 7 7 9 11 6 5 7 8 9 10 9 5 12 6 8 9 6 8 5 10 10 5 10 6 12 10 10 5 5 6 11 7 11 11 11 10 11 7 9 6 8 5 6 
5 8 10 11 5 5 5 12 8 9 6 6 6 6 11 5 9 5 6 9 9 6 11 10 9 7 9 9 10 8 6 9 6 6 8 6 8 6 10 5 10 5 11 12 7 6 5 11 10 11 5 12 7 7 6 6 8 12 11 8 11 9 5 12 10 6 9 10 10 10 
6 7 9 5 5 5 9 10 10 5 10 7 10 10 7 8 5 8 8 8 6 5 8 10 9 6 8 8 5 6 11 9 10 10 11 8 12 8 12 11 8 10 8 9 6 5 11 7 8 7 7 5 10 8 11 12 11 8 7 11 11 10 12 11 5 7 9 7 7 6 
9 8 7 10 11 8 8 12 10 5 6 11 7 9 6 10 11 7 10 9 9 8 12 6 11 8 8 5 12 10 6 5 6 11 8 6 5 5 9 8 12 10 7 5 6 5 11 10 8 11 7 9 5 7 7 11 9 7 10 12 11 9 10 7 12 10 11 5 5 8 
9 8 9 6 5 12 6 8 9 8 10 8 9 9 11 8 5 8 7 9 12 5 5 12 11 12 12 6 7 7 11 9 7 12 9 9 5 8 6 12 7 12 9 6 9 8 11 11 5 5 11 6 6 7 12 10 8 10 12 7 12 12 7 8 12 12 12 10 10 10 
5 7 5 7 5 12 6 6 5 8 8 11 7 6 7 10 7 12 10 11 6 5 12 5 9 12 7 9 10 10 10 9 5 10 12 8 6 11 9 11 9 6 6 9 9 9 7 7 5 10 9 7 9 8 12 9 9 6 9 10 11 9 5 5 5 5 12 8 12 11 
10 8 7 6 6 7 11 6 8 5 8 12 12 12 12 7 7 9 7 6 9 8 7 7 12 7 5 8 12 5 7 12 8 12 7 8 8 6 12 6 7 12 7 10 11 12 9 11 11 11 11 12 8 9 6 12 6 5 5 11 5 9 7 6 12 8 9 12 5 12 
12 9 7 12 10 11 7 6 7 12 8 10 6 8 6 8 9 7 5 9 5 5 7 12 5 8 5 10 6 9 5 12 11 7 6 6 9 8 8 11 6 10 7 11 6 9 10 10 6 10 6 11 5 7 9 5 7 11 12 12 12 9 8 11 8 8 12 9 5 10 
5 10 6 5 8 8 12 9 12 9 7 11 12 10 5 9 11 12 7 7 8 6 12 10 12 11 5 11 10 6 12 6 7 11 7 12 10 8 9 6 5 12 10 11 12 6 5 11 6 9 11 12 10 6 7 5 12 11 10 10 8 11 7 7 5 6 9 8 6 11 
11 9 5 11 9 9 9 7 6 5 10 5 5 10 10 6 11 10 6 12 5 11 5 10 6 12 8 12 12 9 11 10 12 9 11 6 10 7 9 6 6 6 6 6 11 8 7 6 10 8 10 12 7 7 9 11 10 12 8 12 8 7 10 12 11 8 8 6 7 11 
12 10 6 7 11 7 7 8 9 12 11 9 10 5 8 5 6 12 9 8 12 7 5 10 10 9 7 12 12 11 7 6 11 11 7 8 8 5 8 8 9 10 5 11 11 7 8 7 10 7 5 8 12 11 12 9 12 9 10 6 6 11 10 8 6 10 7 9 6 10 
6 9 7 7 10 7 8 9 8 11 5 12 12 12 9 10 11 6 8 5 11 6 6 8 8 9 12 6 8 10 12 5 9 10 11 12 9 5 6 11 6 11 8 9 8 12 11 12 12 7 5 12 10 12 5 9 9 9 6 7 9 10 11 7 9 5 11 8 10 5 
8 5 12 12 10 8 8 7 9 7 5 5 11 7 7 8 11 7 5 7 11 6 9 11 11 7 6 8 10 11 5 6 12 8 8 9 12 9 11 6 12 5 8 8 12 5 10 9 7 8 12 12 12 10 10 11 11 5 8 12 6 5 10 10 10 11 12 9 6 10 
11 9 12 6 11 7 5 6 11 9 10 7 6 8 8 11 11 11 12 9 7 9 7 7 9 7 11 6 7 11 7 5 7 8 8 8 8 12 9 10 10 6 11 9 11 11 8 9 12 10 5 12 11 7 7 8 10 6 7 9 8 9 8 9 7 11 8 5 6 5 
6 10 7 8 11 8 11 5 12 5 5 10 7 5 5 6 11 9 6 7 5 5 9 9 8 7 11 9 5 12 5 11 12 5 11 9 10 11 7 5 11 6 6 9 9 12 11 5 5 8 11 9 6 9 9 12 8 6 11 12 7 6 5 6 12 12 12 8 7 10 
5 5 6 5 7 9 12 10 6 5 5 8 10 6 9 6 8 9 8 6 7 10 5 10 6 5 6 5 11 12 10 6 7 11 12 9 8 8 7 6 7 6 11 6 12 12 7 11 6 10 7 7 7 12 8 8 8 10 9 10 9 6 5 6 11 7 6 10 9 6 
12 8 12 8 6 12 7 12 8 8 11 5 5 10 12 9 7 8 11 11 6 11 12 6 5 10 11 11 11 8 11 5 8 9 7 11 6 9 5 6 11 5 7 11 12 6 12 11 11 11 7 9 12 6 6 12 5 11 5 6 12 12 12 11 5 8 7 6 12 5 
12 9 8 11 10 12 9 11 8 8 12 8 12 12 12 5 6 7 10 8 11 7 8 5 6 10 11 5 12 11 8 8 6 7 8 9 5 8 7 10 9 9 9 8 10 12 5 7 11 9 7 9 12 7 9 11 7 8 9 9 5 8 9 11 10 6 11 8 6 6 
11 10 5 6 10 10 10 8 8 5 7 8 10 6 8 6 12 7 9 6 8 11 12 6 8 6 8 7 8 6 6 8 8 11 6 7 8 6 10 9 5 6 9 5 11 8 7 12 11 8 10 11 8 11 8 12 12 7 8 10 8 5 6 12 12 6 11 12 11 12 
11 8 11 10 9 8 11 7 9 9 6 6 12 9 8 9 9 12 6 8 9 7 11 5 12 11 7 10 11 12 10 5 6 11 11 10 7 8 10 9 6 12 12 10 6 6 8 6 7 12 5 8 5 5 7 12 10 5 10 7 8 8 6 8 10 10 12 12 11 7 
7 8 6 6 6 11 7 11 9 9 10 5 10 8 12 5 7 12 6 9 5 6 9 8 7 5 6 7 7 11 5 11 11 11 9 7 12 9 9 8 11 11 10 7 5 6 12 8 9 5 10 9 7 5 6 12 12 12 12 8 11 12 5 5 6 10 7 7 5 12 
11 5 5 11 8 10 5 5 6 12 6 5 5 11 9 7 7 12 5 6 11 6 9 9 11 5 6 6 8 6 9 5 5 10 8 9 10 6 11 10 10 9 5 6 7 8 10 9 12 7 11 11 10 9 8 9 7 10 6 6 5 11 9 11 7 6 12 5 9 10 
6 7 8 9 7 7 8 8 11 5 5 7 6 9 11 9 9 12 10 6 12 11 12 7 5 7 9 10 7 8 6 7 7 11 9 10 11 9 8 11 12 10 10 10 5 10 5 6 12 11 10 7 9 11 7 10 12 8 11 6 12 9 7 5 5 6 11 5 10 11 
7 8 12 9 11 9 9 5 8 7 8 5 9 6 12 8 12 12 7 6 6 10 9 8 6 12 9 9 8 11 11 5 5 8 11 8 8 11 9 11 12 6 6 10 5 11 6 9 5 5 5 9 8 6 7 6 9 12 11 11 6 9 7 7 10 11 10 9 10 10 
6 10 10 9 5 11 8 6 6 7 8 5 7 10 10 9 5 10 10 12 10 12 7 10 6 10 6 9 9 12 7 12 8 12 8 9 6 7 8 6 5 9 7 11 5 8 5 12 12 12 8 6 6 5 10 12 7 5 9 10 7 7 8 10 6 9 7 5 8 6 
7 5 10 7 9 8 6 11 7 7 11 12 11 8 9 5 6 9 11 8 12 6 5 12 6 12 8 8 7 7 12 9 12 9 6 10 6 12 10 12 10 10 11 11 10 11 8 12 5 7 9 12 5 12 11 11 8 10 7 9 9 5 10 7 7 11 9 9 6 7 
11 10 12 5 11 8 7 7 6 10 6 7 10 8 5 5 8 10 5 12 11 12 11 8 9 8 8 11 10 12 9 8 6 5 7 7 12 12 9 11 9 8 9 8 5 5 5 9 12 11 7 9 11 10 7 8 10 12 7 8 9 11 7 9 6 6 10 10 6 6 
8 8 9 5 6 12 11 9 11 8 8 5 5 10 8 10 11 5 12 12 12 12 8 7 8 8 9 12 5 12 8 6 5 7 7 10 5 9 12 6 9 10 12 9 6 7 10 12 9 6 8 7 7 5 12 7 12 6 7 7 7 6 11 12 6 6 11 6 6 8 
7 11 6 6 7 6 12 8 8 8 8 5 5 6 8 12 8 12 11 11 9 7 10 7 6 9 12 5 12 9 9 9 12 9 9 5 10 12 6 5 10 7 7 8 12 8 7 9 10 12 6 7 7 5 5 9 10 12 7 6 10 11 6 12 5 7 12 7 12 12 
12 5 9 9 8 8 12 5 12 12 10 9 11 9 8 8 8 10 6 6 8 7 7 5 6 9 7 5 6 12 6 12 6 10 5 12 10 5 6 5 8 12 9 11 11 10 12 9 11 12 11 5 5 10 9 6 7 7 5 12 7 12 8 7 12 10 5 10 5 7 
10 9 9 10 7 9 7 10 5 7 7 5 8 11 8 5 8 6 11 7 5 10 7 6 9 10 7 6 10 10 9 5 7 8 9 7 11 10 5 9 8 10 10 5 7 8 7 8 5 6 8 9 7 10 6 12 9 7 5 5 11 5 6 8 6 10 6 8 6 9 
7 7 8 10 5 6 5 10 12 5 7 5 8 5 12 9 12 12 9 5 7 9 9 9 12 8 6 8 10 8 7 11 12 11 11 8 8 6 12 11 5 11 7 11 9 11 12 9 9 7 9 12 6 8 12 9 12 5 8 9 11 6 7 10 11 7 9 11 12 7 
12 10 12 9 5 9 5 10 6 9 6 5 8 5 8 11 11 10 12 7 11 5 11 9 5 6 6 9 11 11 7 7 12 8 8 8 8 6 11 11 10 9 9 5 7 7 7 10 6 6 5 5 8 12 9 10 10 5 12 10 9 9 11 7 5 12 9 8 9 10 
10 7 10 10 11 8 5 10 9 5 6 12 8 9 7 7 5 9 6 9 5 10 10 12 7 6 7 6 7 9 7 6 12 11 12 11 5 7 11 7 8 12 11 12 11 9 7 6 7 6 8 9 9 8 7 12 10 6 9 7 10 10 11 8 8 10 8 12 5 8 
9 5 11 6 12 7 8 6 9 7 7 9 9 6 8 6 7 10 6 5 11 5 10 5 5 11 6 11 7 6 5 11 6 12 9 12 10 12 5 8 12 12 5 9 8 6 10 10 11 5 10 12 6 11 7 8 12 12 6 5 8 8 12 10 11 12 12 6 5 11 
12 6 9 12 9 7 6 12 7 5 10 5 6 11 10 6 9 12 8 5 8 9 5 10 9 11 7 6 11 12 12 5 11 9 7 7 11 11 10 5 7 7 5 10 9 10 6 8 8 8 10 5 5 7 11 5 6 8 11 10 6 6 7 8 12 10 7 6 11 5 
5 11 11 7 12 5 5 9 11 8 5 6 10 12 11 7 12 8 10 7 6 6 5 11 7 7 6 7 8 8 9 5 6 5 9 7 6 5 9 7 8 6 6 12 7 11 11 8 8 11 5 9 9 12 8 5 12 7 9 9 12 6 6 10 6 11 10 5 12 11 
6 5 6 11 12 12 10 9 6 12 6 6 7 5 11 11 7 10 5 10 5 7 8 6 8 6 5 6 7 10 5 6 10 11 5 6 8 12 10 6 10 9 7 10 8 5 5 11 10 11 11 7 10 11 6 10 8 7 10 5 6 6 10 6 6 9 12 7 8 5 
8 11 8 8 11 6 8 7 7 5 10 7 5 7 8 11 6 10 7 6 6 8 9 9 10 11 10 7 12 7 6 6 12 7 9 9 9 11 7 12 8 8 5 8 12 8 7 8 7 12 12 10 8 8 7 10 6 6 7 12 12 5 9 9 5 10 12 11 9 8 
5 12 9 5 12 12 8 5 7 10 10 10 6 5 9 12 7 11 6 6 11 9 5 9 8 12 12 5 8 8 5 5 10 7 9 10 8 12 8 11 9 8 7 12 7 5 9 12 11 10 9 11 8 6 6 12 5 8 8 7 7 6 10 10 7 12 9 9 7 8 
12 12 11 12 5 8 6 12 7 8 10 8 7 6 12 11 8 12 7 5 10 8 8 6 10 8 10 5 8 10 11 8 5 7 6 12 12 8 11 8 11 9 12 5 9 6 9 8 10 12 6 11 9 9 11 8 5 6 12 8 7 11 10 12 11 12 11 9 5 11 
5 9 6 6 9 8 7 11 5 12 5 9 10 9 6 9 8 12 11 12 6 6 6 6 6 11 5 12 8 11 8 10 6 9 8 8 9 11 8 6 10 9 9 5 11 9 8 8 7 9 11 11 6 7 12 10 6 6 12 6 7 10 12 12 5 6 8 6 12 12 
5 5 7 5 5 7 9 9 8 6 8 9 5 10 6 10 10 8 10 5 8 10 7 6 10 9 11 10 7 8 10 12 6 11 12 9 10 8 12 10 6 12 11 10 10 9 5 9 7 7 10 8 8 9 7 6 9 9 6 11 12 6 11 11 10 5 9 12 7 6 
5 12 9 9 8 5 10 9 11 10 12 7 6 7 12 10 9 11 10 5 7 9 8 9 8 8 9 5 6 8 5 11 10 6 10 6 7 10 12 9 7 6 8 8 6 9 5 5 12 5 5 12 6 6 11 8 7 5 12 10 11 11 11 7 12 10 8 9 9 8 
9 9 11 5 12 11 10 8 11 10 8 12 9 6 12 9 12 11 9 8 11 5 8 7 10 8 12 6 12 12 12 9 8 9 6 7 7 7 10 10 5 10 5 8 6 12 7 9 11 11 7 10 5 12 5 10 9 8 8 11 5 7 9 11 10 10 8 11 10 5 
6 8 12 12 11 8 5 5 8 7 9 7 7 11 11 10 10 12 9 7 10 9 12 8 9 7 7 11 9 11 5 12 6 9 7 9 10 5 6 9 8 11 6 7 11 11 12 12 7 7 10 11 8 7 9 9 10 5 6 5 9 5 7 12 11 7 7 8 10 8 
8 9 6 5 9 12 10 9 9 12 5 9 11 6 12 7 11 10 6 12 7 6 9 10 9 5 11 8 12 9 11 6 12 12 9 12 11 5 11 7 10 9 10 12 5 8 5 7 10 9 12 6 11 9 7 9 10 8 7 5 5 12 5 10 10 10 11 10 12 10 
8 11 6 11 8 6 7 7 10 8 7 8 12 9 10 11 12 12 11 12 8 6 10 10 9 11 9 12 11 5 11 12 8 6 6 11 5 8 10 5 5 10 10 6 5 6 11 6 9 9 11 9 5 11 12 10 5 8 9 9 8 6 8 10 11 7 9 8 11 9 
6 9 5 5 11 12 9 5 7 9 12 9 11 8 5 12 11 12 11 10 11 9 12 5 12 12 9 8 7 10 8 11 10 12 10 8 8 9 7 6 5 12 6 12 11 8 10 8 6 9 9 9 7 12 6 9 7 10 10 7 10 10 6 12 6 5 12 5 12 5 
7 8 6 8 8 10 10 9 11 8 6 8 9 5 12 11 6 12 8 5 6 6 8 6 12 5 11 12 11 10 5 8 9 12 10 12 9 11 8 11 7 12 11 9 9 5 11 5 12 12 8 12 5 11 9 9 10 6 9 9 8 8 11 11 5 11 8 8 8 6 
7 7 8 12 12 5 11 11 11 11 9 10 6 8 7 7 6 8 8 7 7 5 9 7 8 5 11 11 9 12 7 5 12 12 5 8 9 11 6 5 5 12 11 6 11 7 5 9 7 5 6 8 6 7 7 6 9 7 12 12 12 9 5 6 10 11 6 7 11 11 
10 12 9 8 11 7 7 11 5 11 11 7 12 8 5 7 10 7 8 7 6 8 10 7 10 9 7 11 11 11 10 5 7 8 6 7 9 7 9 12 8 11 10 7 10 8 5 6 11 8 5 8 10 5 10 12 6 8 11 12 12 10 5 10 5 8 12 10 6 12 
10 8 7 10 6 11 8 8 6 11 8 10 8 7 9 5 5 10 9 10 7 6 10 5 5 9 12 6 12 8 8 7 9 9 8 8 12 5 6 8 7 6 11 5 8 6 9 6 10 8 11 6 11 10 11 11 9 11 12 8 6 9 9 8 6 7 5 5 7 5 
5 8 9 8 11 9 5 12 12 8 10 7 12 5 6 7 8 6 10 7 5 7 9 6 7 7 11 8 5 8 5 10 11 7 11 8 7 5 8 9 8 5 5 5 12 7 9 5 10 12 8 5 7 11 6 6 12 12 6 6 7 10 6 12 9 6 5 6 9 10 
9 5 7 11 10 12 11 12 11 5 7 6 10 5 10 12 5 9 7 6 7 9 5 12 11 11 8 5 9 11 8 8 7 9 8 12 10 12 10 11 5 6 9 12 8 8 7 9 5 8 8 6 7 7 6 12 12 8 6 12 5 6 12 7 11 5 11 6 12 11 
7 6 6 8 6 6 11 5 12 12 6 9 6 12 6 10 10 10 8 10 5 11 9 7 5 7 12 7 8 10 9 11 11 11 7 12 8 12 11 12 10 11 9 7 11 8 11 9 9 8 8 9 12 9 6 6 11 8 11 9 7 7 8 12 7 11 8 9 6 5 
7 6 10 7 6 7 6 9 6 5 11 12 11 5 10 8 12 12 6 9 7 10 8 7 10 12 10 6 8 7 7 10 8 10 10 7 12 11 7 9 9 12 8 8 10 7 9 6 10 8 6 11 9 11 11 8 7 5 11 11 7 7 5 11 6 8 12 5 12 10 
6 6 9 9 8 10 12 7 8 12 8 11 11 6 9 10 8 11 6 7 12 12 6 8 7 8 8 9 7 7 5 5 12 9 9 9 11 10 10 11 7 9 8 11 5 10 6 10 7 8 7 8 12 7 5 10 5 9 6 12 11 7 8 10 7 10 7 6 10 10 
12 5 6 7 8 10 12 6 9 8 8 7 12 10 10 5 12 5 7 5 9 9 7 11 5 11 8 9 11 7 11 9 9 12 5 12 8 8 9 12 9 6 11 8 10 12 8 6 9 10 5 6 9 8 5 11 11 8 7 5 6 12 7 6 10 9 12 10 9 12 
10 10 7 11 9 10 12 7 5 9 7 8 7 10 5 10 12 9 10 7 5 7 8 6 7 10 6 10 11 7 10 6 9 9 10 7 8 6 8 10 9 8 12 8 5 10 6 6 12 11 12 10 8 8 8 12 9 5 6 9 10 11 12 6 12 9 11 11 10 12 
6 5 12 9 9 8 8 5 11 5 5 11 6 9 10 5 7 6 7 6 9 6 10 8 7 5 5 10 10 6 5 12 7 8 6 5 5 11 6 5 5 6 8 7 11 10 9 9 12 5 8 7 8 8 9 12 10 9 11 11 6 8 11 6 11 12 8 12 8 6 
8 8 12 9 11 8 8 7 7 11 8 8 11 6 11 7 9 9 6 5 5 5 7 10 11 9 9 8 8 6 12 11 7 7 7 6 7 5 8 8 11 10 10 7 10 5 9 11 8 5 10 6 5 9 7 11 12 6 9 5 7 11 6 9 9 10 6 6 12 8 
9 11 12 7 11 10 12 9 10 5 8 9 7 6 10 12 11 11 8 6 5 9 6 10 9 8 8 9 10 8 11 7 11 10 12 10 11 10 9 5 7 12 7 12 5 12 12 9 6 10 6 6 10 6 11 12 11 9 10 12 11 12 10 11 7 12 10 11 9 6 
9 8 8 8 7 8 11 9 11 7 6 9 6 9 11 12 8 9 12 10 9 10 8 11 11 12 5 10 6 10 6 7 12 9 12 9 7 11 9 12 7 5 11 7 8 6 6 9 11 9 5 6 12 12 10 12 12 10 12 11 8 6 9 12 10 9 12 8 6 6 
8 5 8 12 6 5 12 12 11 7 6 12 6 10 11 10 9 7 7 5 5 7 8 8 11 5 11 8 8 5 6 9 8 12 6 12 7 10 10 12 11 6 7 9 6 8 6 12 12 5 11 12 7 6 6 8 11 10 7 6 7 6 6 12 8 10 9 5 5 6 
10 6 6 12 8 9 6 7 5 10 11 5 7 8 11 9 11 6 10 12 7 11 9 5 6 7 9 6 10 7 8 9 5 10 11 11 8 12 5 8 8 11 7 7 5 9 9 7 5 10 7 10 9 6 7 9 6 9 10 8 7 9 10 12 9 7 11 10 7 10 
12 10 7 9 8 11 12 7 8 8 5 11 11 12 6 9 9 11 6 11 12 9 9 12 9 6 7 7 5 10 5 11 11 5 10 10 5 10 12 10 9 5 12 11 6 11 7 10 6 9 6 5 7 8 9 8 5 7 8 8 10 10 10 6 9 9 9 7 7 12 
5 9 11 5 8 8 7 6 10 10 7 5 7 7 10 5 6 5 7 8 10 11 10 10 6 5 6 7 12 7 5 7 7 5 6 9 11 11 7 5 9 8 12 7 7 9 6 9 7 11 6 8 7 8 12 10 9 6 12 6 12 12 8 5 10 6 12 7 11 11 
5 9 11 6 11 6 7 10 10 11 6 9 11 7 5 7 8 11 11 10 8 6 7 12 8 5 7 12 11 9 10 10 10 9 7 10 7 10 8 11 6 11 10 9 6 6 6 7 7 12 12 8 5 8 6 8 12 7 12 7 11 6 7 6 5 5 7 5 6 11 
8 12 12 10 10 9 6 12 9 9 9 5 5 10 8 11 10 8 12 12 10 7 5 7 9 9 7 6 10 7 9 10 9 5 10 7 8 10 12 9 6 5 5 7 12 6 12 7 10 12 9 11 10 11 8 11 10 9 8 11 8 8 7 5 9 6 8 10 11 11 
7 6 12 11 12 9 11 6 7 5 5 12 11 12 10 12 6 10 9 6 7 12 9 8 9 7 10 6 7 11 11 6 8 9 5 11 6 11 8 8 9 12 5 7 9 8 11 10 12 5 6 10 5 9 5 6 6 5 11 7 7 11 8 9 7 5 8 12 10 6 
5 12 11 12 9 6 12 6 6 5 12 10 9 11 9 11 12 11 7 9 12 7 7 9 10 5 11 7 5 8 8 9 8 12 5 6 8 9 12 6 10 12 6 11 10 11 12 9 6 7 11 10 12 7 7 6 9 10 12 9 5 5 9 12 11 6 6 9 12 8 
7 9 6 9 10 8 9 8 5 12 11 10 11 9 5 7 9 9 6 8 11 10 6 12 5 8 5 12 7 5 12 11 8 6 12 10 6 8 7 11 5 10 12 12 7 5 6 6 11 10 7 7 8 10 9 5 11 12 6 12 7 10 8 9 5 5 11 8 5 11 
10 11 12 5 7 12 6 6 7 5 5 9 5 6 10 10 6 7 12 8 5 7 7 9 8 12 7 7 11 11 5 9 11 10 9 5 5 12 8 12 8 5 8 7 9 6 10 9 6 12 7 5 12 12 7 9 12 10 5 10 12 10 7 11 11 6 12 8 7 10 
7 8 10 12 11 11 9 7 7 7 7 10 5 9 10 5 6 11 5 12 8 9 6 7 10 8 8 8 6 8 11 7 8 9 11 10 7 5 7 9 10 5 11 10 5 7 7 8 12 5 9 9 7 9 9 8 6 8 12 8 7 5 11 10 6 8 12 9 12 6 
9 12 11 10 8 12 8 12 12 6 10 9 9 11 11 12 5 6 5 12 5 6 6 5 6 5 7 11 5 8 9 5 9 7 9 6 8 7 6 10 7 7 8 7 6 8 11 9 10 9 5 11 5 9 12 10 11 6 11 12 7 6 7 10 6 12 5 10 9 5 
6 8 9 11 5 5 6 9 9 8 9 9 6 5 11 11 9 11 12 6 11 11 8 12 5 5 8 9 6 5 5 12 9 6 10 9 10 5 11 6 10 10 8 5 9 11 6 10 12 9 8 5 7 6 10 10 12 7 6 7 5 7 11 5 6 5 11 11 7 7 
11 7 8 6 8 6 6 12 8 7 5 11 7 11 6 7 11 7 12 7 10 5 9 9 11 8 6 12 10 7 11 9 8 12 11 12 10 5 12 8 8 10 5 9 9 8 9 6 5 5 12 6 11 5 11 10 5 5 8 11 9 6 6 5 9 12 10 5 12 8 
11 7 6 10 12 12 6 11 7 9 7 10 12 11 9 5 10 10 9 11 5 11 6 8 9 11 5 8 6 8 8 7 5 10 10 9 9 10 6 5 9 10 9 7 5 6 5 7 7 9 7 12 5 11 11 12 12 9 6 8 7 5 5 12 7 8 12 5 5 5 
9 6 6 8 11 12 7 7 5 8 10 8 7 6 7 11 6 12 6 9 11 12 11 5 10 5 12 10 12 7 7 5 7 6 7 12 12 9 9 7 10 11 10 6 9 10 12 12 9 6 8 10 12 12 5 7 9 11 10 6 10 7 8 9 9 5 12 5 6 6 
12 5 12 7 8 12 5 7 11 5 11 11 9 5 9 7 11 11 9 6 9 6 7 12 8 9 5 10 12 11 8 10 7 10 12 11 11 8 12 7 12 6 12 11 10 9 10 7 6 10 10 6 10 10 9 8 6 5 5 6 8 6 11 6 11 12 8 9 12 12 
12 8 9 7 12 6 10 6 7 10 5 10 12 11 5 9 10 9 10 6 7 10 7 7 5 10 8 5 10 7 10 8 6 12 8 9 11 11 11 12 8 9 9 6 7 12 9 11 8 8 6 11 5 11 10 5 7 6 5 5 8 5 6 10 11 9 9 11 9 11 
10 12 6 11 9 11 11 11 7 8 12 5 7 12 5 12 8 9 9 10 10 10 12 5 8 12 10 7 5 6 6 7 9 5 7 10 6 11 8 6 6 9 7 8 8 10 9 12 10 9 12 5 9 6 12 6 7 6 10 8 12 9 10 12 8 7 12 12 7 5 
6 6 7 12 8 9 6 12 8 10 8 7 6 8 7 8 10 7 11 6 5 10 5 12 6 5 6 11 6 10 5 9 5 10 9 12 6 7 12 10 9 7 9 11 9 11 7 9 5 9 5 6 10 7 9 7 8 9 12 8 11 12 8 8 6 12 5 6 11 11 
8 12 6 11 5 11 11 6 7 8 5 12 5 5 8 5 7 11 9 7 9 6 5 10 7 9 7 10 11 12 6 5 10 11 6 6 5 9 6 9 7 5 10 8 11 12 9 5 8 7 10 8 6 6 10 12 11 5 10 5 10 5 7 5 12 6 9 7 9 5 
8 11 8 9 12 12 5 10 12 6 11 11 9 12 11 7 12 9 11 10 5 5 10 10 6 10 11 6 7 8 9 5 11 6 10 10 11 9 6 7 9 10 9 8 8 11 7 9 10 10 8 10 10 10 5 10 11 6 9 10 8 7 11 11 6 8 12 11 7 8 
12 11 8 7 10 5 5 5 11 5 12 7 9 12 7 12 8 5 6 7 6 10 12 5 10 6 9 10 6 9 8 7 7 7 9 6 5 10 10 9 6 9 10 8 7 9 6 10 6 11 7 6 10 6 12 10 12 7 12 12 10 6 6 6 9 10 5 7 10 8 
6 8 9 8 12 5 10 8 6 5 5 5 6 11 12 7 6 6 9 5 7 5 5 9 10 7 7 5 10 10 10 5 9 10 11 7 10 5 9 9 7 5 5 10 12 6 12 12 11 8 10 8 10 6 10 10 10 8 12 6 9 7 5 12 10 7 5 8 12 10 
5 5 8 10 7 11 7 6 11 5 12 9 7 8 5 8 7 10 7 11 5 7 10 5 11 10 11 7 6 10 10 10 5 11 11 12 11 6 8 12 9 11 7 9 7 6 8 9 12 8 10 6 5 8 6 5 10 9 11 10 7 6 12 6 10 11 7 10 8 5 
8 9 5 5 6 8 11 9 11 9 10 12 9 10 10 8 11 7 5 8 10 7 8 10 10 5 11 5 5 5 7 8 5 11 8 11 7 6 11 10 6 10 9 7 6 6 12 6 11 11 10 8 9 7 8 8 5 9 9 10 11 5 7 5 9 10 9 6 12 11 
5 7 10 11 8 8 8 12 12 5 5 9 9 7 6 10 8 8 11 8 11 9 10 10 9 6 11 8 9 5 12 6 12 10 5 11 8 7 6 10 10 10 8 8 12 7 10 8 7 8 5 11 10 10 10 12 12 10 10 11 7 8 6 8 6 11 9 11 8 5 
10 9 5 7 6 10 8 8 5 8 6 10 12 10 6 6 11 10 9 10 8 12 12 8 12 9 12 8 12 11 9 8 11 9 6 12 6 5 8 9 8 12 12 6 7 5 6 12 6 6 8 5 12 11 8 12 5 9 5 11 8 10 11 11 9 10 12 7 8 9 
9 10 9 10 10 10 5 12 11 5 9 6 8 11 6 8 10 12 9 7 10 12 11 10 5 11 12 11 8 10 12 8 6 11 10 11 8 8 8 6 12 7 6 11 10 5 6 11 10 8 8 5 10 9 7 9 7 10 12 6 9 12 10 9 5 5 9 7 5 7 
7 12 10 12 11 5 5 9 12 11 10 9 10 9 6 12 11 8 10 7 9 9 8 6 10 11 6 7 8 5 10 8 9 6 12 12 10 11 10 10 8 9 7 6 7 12 5 12 7 7 6 11 11 5 5 6 12 7 10 9 6 7 6 10 8 12 11 5 10 7 
8 5 10 5 12 8 8 6 8 10 11 6 10 12 11 10 7 6 8 5 9 11 10 11 9 5 11 6 7 9 11 7 8 12 10 7 7 5 11 6 7 5 7 5 7 12 7 7 7 6 6 5 10 6 6 10 5 10 10 11 7 7 12 12 9 6 9 7 8 7 
9 6 9 5 11 11 12 11 8 6 12 5 7 6 6 9 9 12 8 7 5 5 12 8 7 6 12 11 5 12 8 6 11 12 7 10 7 9 10 7 7 5 7 11 9 10 12 5 11 8 10 7 12 10 5 11 11 12 9 12 7 8 7 8 7 9 8 5 11 7 
9 10 10 5 7 8 5 7 5 9 12 8 12 7 8 11 11 8 8 8 7 8 8 9 12 7 7 5 5 5 7 5 8 12 11 6 5 5 12 6 9 5 12 10 6 9 7 7 5 7 6 8 7 7 6 8 8 11 9 8 5 11 12 11 7 11 8 7 9 9 
12 7 7 9 11 7 7 12 10 8 12 9 5 5 8 10 11 5 10 10 7 9 9 5 8 8 8 9 11 10 10 12 7 10 7 6 9 7 8 8 10 12 7 5 6 7 11 8 6 7 11 6 8 10 8 5 12 5 8 6 11 5 8 7 12 6 10 11 7 10 
8 6 5 12 7 12 7 6 7 9 6 7 10 6 11 9 11 11 9 10 10 8 7 9 5 9 10 12 8 9 11 8 8 5 5 8 12 12 9 9 5 6 5 6 8 11 10 7 10 5 5 7 12 9 9 6 6 10 11 12 8 6 6 8 7 5 8 8 5 7 
5 9 5 6 10 10 5 12 12 12 12 5 10 12 6 8 8 12 6 10 6 6 11 12 9 11 6 7 8 12 11 5 9 7 6 9 5 11 8 9 9 7 10 11 7 8 9 6 12 10 11 10 11 10 9 11 10 9 5 10 12 11 5 12 7 8 9 7 6 11 
10 11 9 10 11 5 11 5 5 10 5 10 5 9 10 7 8 9 11 10 11 6 11 6 12 6 5 7 5 9 5 8 10 8 12 11 8 5 8 9 9 12 11 10 5 8 11 7 11 8 10 6 8 11 7 5 7 11 5 11 11 6 10 12 9 10 10 11 9 10 
5 5 5 12 7 11 11 6 6 8 8 8 9 12 6 10 7 8 7 9 6 11 10 7 5 5 6 9 12 10 5 5 10 9 11 11 7 5 6 11 11 11 8 7 7 5 10 11 11 7 12 10 7 8 11 10 6 12 10 12 8 7 12 5 7 12 8 8 12 7 
6 7 11 8 10 7 12 9 7 12 11 9 5 5 10 10 5 10 6 8 12 11 7 12 7 10 12 7 7 11 6 11 5 11 12 6 7 7 8 8 11 7 7 8 11 11 6 9 9 12 11 11 5 6 10 7 6 12 9 11 6 5 6 7 9 6 7 7 6 8 
11 10 6 11 7 10 5 11 11 5 7 10 6 11 5 6 7 9 8 12 6 6 5 5 10 12 10 8 5 9 8 9 5 6 9 8 11 8 12 5 9 5 6 11 8 9 11 10 8 10 6 9 11 8 5 11 12 10 9 10 12 5 12 10 6 6 12 7 12 9 
7 9 8 11 7 7 7 5 8 10 11 10 7 12 9 11 6 8 11 8 5 11 6 11 11 11 6 8 6 7 8 7 7 8 8 5 9 7 5 7 11 7 10 8 12 11 6 6 7 11 6 8 7 11 9 10 5 5 5 5 7 9 8 8 11 9 9 11 5 10 
8 6 5 8 12 6 5 8 12 8 9 12 7 8 7 11 7 12 9 7 11 12 9 11 5 5 12 5 12 7 10 8 10 12 6 5 8 10 9 11 9 10 11 12 5 9 12 10 7 7 8 10 8 7 10 7 5 6 10 10 7 8 9 9 10 7 5 6 8 5 
8 10 7 12 6 10 8 11 7 8 9 12 9 12 5 12 10 5 10 11 12 10 11 5 10 6 8 8 10 12 11 7 12 7 12 5 9 6 8 6 7 5 12 11 5 7 8 12 10 11 10 12 11 5 9 7 12 6 12 7 6 6 9 7 10 9 10 7 5 8 
5 10 5 10 10 12 11 11 11 7 9 11 7 8 6 9 7 6 8 10 6 11 9 5 10 7 5 9 8 8 10 9 7 6 9 7 10 6 12 6 12 5 9 12 8 8 6 8 7 10 5 9 6 6 10 8 6 5 10 6 5 9 7 8 6 11 10 10 12 11 
8 10 5 6 7 7 5 12 10 10 8 10 12 11 12 6 10 7 5 10 12 8 11 10 5 6 10 9 8 5 9 9 6 6 5 9 5 11 6 12 11 5 9 8 12 8 8 12 8 10 8 6 9 8 9 11 11 9 11 8 12 7 7 9 6 11 11 8 11 8 
11 8 9 11 12 10 6 9 10 8 5 10 5 8 9 5 7 12 10 11 9 7 6 8 7 10 10 8 9 9 9 6 12 7 11 11 8 9 9 5 10 9 9 6 5 10 6 7 5 12 9 12 5 8 5 9 9 6 7 5 6 12 5 6 9 11 10 6 5 5 
7 5 9 9 11 6 9 10 5 6 11 12 9 11 5 9 10 9 6 11 8 11 10 11 10 7 10 10 5 11 11 5 5 7 5 6 11 11 7 9 8 11 9 12 10 8 11 11 5 8 12 11 11 8 5 5 6 10 7 5 5 10 10 11 5 5 8 9 10 12 
9 7 7 5 8 12 11 11 5 6 12 7 5 12 8 7 7 9 9 6 8 11 9 11 10 5 7 7 8 10 8 9 5 12 10 12 6 12 12 5 5 10 10 5 7 6 8 5 8 8 5 11 6 6 10 7 11 12 10 11 7 9 5 11 5 7 8 9 12 11 
7 12 10 6 5 10 12 11 11 12 8 10 7 9 7 12 7 5 5 8 7 11 11 6 7 9 8 10 9 11 11 10 9 11 11 11 6 7 10 10 8 11 8 7 10 9 12 6 9 6 9 9 6 7 6 8 9 11 5 11 6 11 9 9 5 7 10 9 12 11 
11 10 7 10 6 6 11 10 6 12 8 8 5 6 6 5 7 8 9 10 6 11 7 7 8 8 8 10 6 8 8 6 6 12 10 10 11 9 5 12 11 6 11 5 10 9 7 7 6 6 7 5 10 9 11 9 6 7 5 11 7 8 9 9 11 8 7 10 8 6 
6 8 5 12 11 5 9 8 10 12 11 10 12 12 9 7 11 8 5 5 10 11 5 9 8 11 10 5 6 10 11 6 6 5 11 5 7 6 8 12 7 5 6 11 8 7 11 11 6 5 12 12 7 9 8 10 12 12 11 5 8 11 6 9 6 11 5 10 8 10 
9 12 5 9 7 11 10 7 8 7 5 7 10 10 6 5 8 12 6 12 6 6 12 12 8 6 6 10 10 11 5 9 10 10 5 8 6 8 11 11 8 9 7 6 9 8 12 7 5 7 6 12 11 9 11 5 8 7 5 11 12 8 7 9 5 12 6 10 11 11 
10 12 12 9 5 11 8 6 12 8 7 11 11 11 10 6 5 7 8 10 12 5 10 9 6 12 9 12 9 8 6 12 8 8 10 9 7 5 7 11 11 7 7 8 6 9 11 5 9 9 7 8 10 9 12 5 9 9 6 8 6 9 7 11 5 9 11 8 12 12 
6 8 12 12 11 5 6 7 7 6 8 11 5 9 8 6 10 6 9 9 12 8 12 5 7 7 8 7 8 5 5 8 5 6 5 8 12 11 12 12 12 8 9 5 10 5 6 12 12 10 5 11 11 6 11 5 12 10 10 8 7 9 9 10 5 11 6 10 11 10 
7 9 12 12 5 8 6 11 11 11 11 10 6 7 11 9 12 8 8 10 10 6 10 12 9 9 12 7 8 10 7 10 8 12 5 10 12 11 9 12 7 12 5 5 11 5 12 8 7 6 9 8 8 9 7 6 12 5 11 12 11 9 7 11 7 7 9 10 5 7 
11 8 11 6 11 5 5 6 6 12 11 8 9 11 6 7 8 6 11 7 10 9 6 6 5 12 11 10 6 12 8 11 12 7 7 9 6 8 11 9 9 5 9 5 6 5 10 10 12 5 5 6 10 5 10 9 8 7 12 11 6 7 7 7 12 9 10 6 12 7 
6 7 5 10 9 5 10 12 12 9 10 12 11 10 9 9 6 11 7 10 11 12 8 5 7 11 12 6 5 12 7 10 6 6 11 5 10 9 12 9 5 5 12 9 5 12 9 5 11 11 12 6 8 12 11 12 10 8 10 5 8 11 5 9 10 9 9 12 12 8 
12 12 5 5 9 12 10 11 8 8 8 9 6 10 11 12 9 5 8 5 7 7 10 12 8 12 11 5 8 8 8 10 10 5 11 9 9 7 11 7 8 12 6 5 5 8 10 11 9 7 9 10 12 12 11 6 6 10 8 12 9 9 6 7 5 12 7 9 12 8 
7 9 8 7 5 8 9 6 8 9 11 12 12 8 7 12 12 9 9 12 10 5 11 7 5 8 8 8 11 6 10 9 7 8 8 10 12 9 10 5 11 6 7 10 9 6 10 7 5 6 8 10 8 8 5 10 6 12 8 10 12 7 12 8 11 12 8 5 12 9 
8 5 11 11 5 10 9 12 12 12 5 12 11 12 11 5 9 9 8 12 6 10 5 5 8 5 10 6 7 8 12 7 12 6 10 7 6 12 12 11 12 12 5 11 10 10 11 5 6 5 12 7 10 8 12 7 7 10 12 12 7 11 5 11 12 8 5 11 8 8 
9 10 12 7 12 11 5 11 7 8 12 6 10 5 12 12 9 5 9 5 10 9 7 5 6 5 9 10 7 5 12 6 9 9 11 5 11 5 12 9 8 12 10 12 9 6 5 5 5 7 7 8 12 10 8 7 8 6 12 5 5 7 11 5 11 8 9 6 10 8 
7 10 5 11 10 7 9 11 11 5 8 6 7 9 9 9 8 9 11 5 11 9 10 9 11 6 8 8 6 9 8 5 6 7 7 12 11 6 11 11 7 10 9 9 11 9 10 5 8 11 6 10 8 6 12 9 5 9 7 8 10 8 5 10 10 7 5 8 5 10 
7 6 10 5 9 8 9 7 6 6 8 5 9 6 9 12 11 9 10 6 10 9 5 9 10 10 9 12 8 5 9 12 12 5 11 6 7 12 11 5 6 5 9 6 6 8 8 10 8 9 9 5 6 9 8 5 7 10 12 12 7 5 5 9 11 7 9 12 12 11 
8 9 10 9 9 7 10 8 12 10 11 7 9 5 5 11 9 12 11 12 12 8 11 8 10 12 12 12 6 8 7 8 8 12 9 10 9 8 8 6 5 10 11 5 12 7 7 12 9 5 7 7 7 8 12 5 8 12 6 12 9 11 9 8 10 6 11 9 10 9 
5 11 11 11 9 11 9 11 11 6 8 9 11 11 7 12 9 12 8 8 9 8 10 11 10 5 8 7 10 5 11 10 12 6 5 12 12 7 8 9 10 8 7 9 6 9 10 12 11 5 8 9 6 8 8 8 9 6 9 7 11 6 11 10 11 8 5 7 5 11 
9 9 11 10 12 11 8 7 10 7 9 9 10 7 5 10 5 12 7 12 5 5 9 5 12 11 10 8 10 10 11 6 12 10 7 5 9 7 10 8 6 6 12 7 12 10 5 8 8 5 11 6 12 10 9 9 5 11 11 6 5 6 7 9 9 6 6 8 5 7 
12 9 6 9 11 7 8 9 7 9 10 5 6 12 7 6 6 10 6 11 11 10 12 11 9 10 8 11 7 11 7 9 5 12 10 8 7 9 5 6 10 6 9 10 7 6 12 9 6 9 7 11 5 5 8 9 8 11 9 10 11 6 9 7 6 8 10 11 8 6 
11 7 7 5 6 5 7 5 12 11 9 12 8 10 6 6 9 8 5 12 12 11 9 10 10 7 6 6 6 9 5 6 9 5 6 8 9 5 5 8 7 11 9 6 9 10 9 6 8 7 7 12 10 5 10 7 10 10 6 5 6 12 7 7 9 8 6 7 10 12 
10 7 6 11 11 12 10 9 12 11 11 7 7 11 9 10 5 11 9 7 5 5 10 10 5 11 10 7 7 8 10 8 6 11 7 9 10 8 11 8 7 7 12 8 12 9 10 8 11 8 7 8 12 6 10 12 8 9 12 12 11 5 7 10 8 11 12 6 11 9 
12 7 11 10 9 10 7 7 6 8 11 5 12 11 11 9 6 9 7 10 7 5 7 6 11 10 9 7 11 9 9 7 5 5 8 10 12 5 8 12 11 10 6 11 8 9 9 5 7 11 11 12 11 11 6 9 12 8 8 8 6 12 10 11 7 12 5 9 11 8 
6 8 11 5 12 8 11 10 7 10 11 8 11 9 9 6 5 8 12 11 6 5 12 5 6 12 8 10 11 6 8 5 9 12 5 11 12 6 5 6 12 9 11 9 8 9 7 6 7 11 10 5 10 6 5 5 6 10 10 8 9 10 10 10 11 6 8 10 7 5 
7 12 9 9 8 6 10 11 6 10 10 8 6 12 5 12 8 12 10 6 11 6 8 12 9 8 9 9 6 11 12 12 7 6 5 10 8 7 8 7 7 12 6 9 7 9 7 5 7 10 9 7 5 11 7 12 5 7 6 10 6 6 12 11 6 10 9 5 5 12 
11 5 8 10 12 5 7 12 7 12 9 7 12 5 6 9 7 11 6 6 8 11 8 11 6 10 5 9 5 9 6 12 10 6 11 5 12 5 5 12 6 6 6 10 10 9 8 6 8 7 12 6 7 11 12 9 11 10 10 11 8 6 11 8 6 9 6 12 5 8 
9 11 11 5 6 12 12 10 10 11 9 11 7 8 12 11 10 10 11 9 7 7 11 5 11 8 6 6 11 9 8 6 11 7 7 8 10 5 9 8 12 8 11 12 7 10 7 10 10 12 5 10 11 7 5 5 8 12 11 6 9 10 12 7 12 9 9 7 8 5 
10 12 6 5 5 12 12 12 7 8 12 8 9 10 6 9 7 6 9 12 5 7 7 9 10 12 10 9 10 11 9 12 7 12 8 10 8 10 7 8 12 5 9 5 9 11 7 6 8 8 6 7 11 12 7 12 10 12 6 7 10 11 5 9 7 11 10 6 11 6 
6 12 8 10 7 5 10 12 8 6 9 12 7 7 6 10 8 11 11 7 8 10 8 8 5 6 11 6 12 10 7 9 10 10 9 6 7 6 7 6 8 9 9 9 12 10 5 11 10 8 6 6 9 11 12 8 7 9 10 7 6 6 12 10 12 8 7 9 10 10 
5 8 7 6 9 8 6 9 9 6 5 9 10 8 7 10 7 5 5 10 5 5 8 10 9 9 10 6 11 12 6 7 7 10 5 7 9 7 11 11 9 12 9 8 7 5 12 7 9 7 5 11 11 8 11 6 6 7 6 6 12 6 5 5 11 12 10 10 8 8 
12 10 6 11 6 11 7 6 6 10 9 12 9 11 5 9 5 9 12 11 7 7 11 7 5 6 10 7 7 8 7 11 10 12 7 6 12 11 8 10 7 11 8 6 8 9 10 7 7 12 11 5 12 8 8 8 8 9 11 10 10 8 5 6 11 10 5 10 12 7 
10 9 6 9 6 12 10 6 11 10 10 7 11 6 7 10 10 8 5 5 6 6 12 12 11 11 9 12 8 9 12 9 6 12 11 5 10 7 6 10 8 11 12 10 10 12 7 5 10 7 12 11 5 9 6 10 8 10 10 10 7 10 5 7 11 10 5 7 12 6 
6 5 8 9 7 5 11 10 12 9 7 5 5 11 5 5 6 11 5 9 8 12 11 5 8 10 11 11 6 7 5 9 9 7 12 12 10 7 12 5 6 5 10 11 7 12 9 10 5 7 10 10 9 9 11 11 11 10 11 7 5 5 5 8 7 7 11 5 12 10 
5 7 5 11 11 8 12 8 7 6 12 6 6 5 7 10 8 11 8 7 5 7 10 8 11 12 8 6 6 11 7 12 8 7 9 9 9 5 12 5 7 11 10 8 9 8 9 7 9 5 6 9 9 10 5 9 8 12 5 12 5 6 10 6 10 6 10 8 12 9 
5 12 10 9 6 12 5 5 7 8 7 10 12 7 7 9 7 8 11 9 12 9 7 6 5 8 5 10 9 7 5 12 8 5 8 6 10 11 7 11 9 5 10 9 12 10 6 11 6 5 5 10 6 5 12 12 8 9 9 5 12 8 12 6 5 8 8 12 5 6 
10 11 7 5 9 10 5 10 6 8 11 8 6 7 11 7 5 7 11 11 6 7 12 9 8 8 12 5 11 10 7 10 12 12 9 10 5 5 7 7 8 8 6 8 5 8 12 8 10 8 6 12 11 6 10 12 10 9 6 11 8 9 8 10 5 6 7 10 5 11 
10 9 12 12 8 7 10 6 7 8 10 6 9 5 8 12 12 7 10 9 9 11 8 8 8 5 6 9 9 6 10 11 6 7 9 11 7 11 7 8 6 7 6 9 12 6 6 9 12 11 6 9 7 5 11 7 7 10 7 6 8 5 11 6 11 10 8 5 5 5 
9 6 7 5 5 9 8 6 5 11 8 7 9 8 6 9 8 6 5 10 7 12 10 9 9 11 9 10 8 11 8 12 11 9 12 10 8 7 11 7 12 12 10 5 9 6 8 7 7 6 10 5 7 11 8 8 11 10 8 7 10 12 10 10 11 7 12 5 7 10 
7 7 12 12 9 11 7 12 12 6 9 6 6 11 6 12 11 11 10 11 8 9 5 8 10 5 9 11 7 7 9 10 10 7 12 9 5 10 10 9 9 8 6 6 10 11 5 6 9 10 6 7 10 7 10 8 7 6 6 10 12 8 6 8 6 7 5 5 5 10 
11 5 9 11 5 7 12 7 11 9 12 5 6 5 12 11 9 10 11 5 9 6 5 8 8 11 9 6 6 7 11 11 9 9 11 8 7 8 6 5 9 6 10 12 11 5 8 11 9 9 5 10 12 6 9 6 12 11 5 6 8 8 6 12 5 12 7 6 12 9 
6 6 7 12 5 6 12 8 12 8 10 10 5 5 12 11 8 12 5 9 9 5 11 7 6 7 6 6 5 7 11 11 6 10 12 11 12 12 10 5 10 10 6 7 11 5 11 12 11 8 9 12 12 12 6 12 11 10 5 7 5 9 12 5 12 8 8 12 7 6 
12 12 8 8 10 7 7 11 9 9 8 11 8 12 8 11 10 7 6 6 10 8 7 5 8 7 10 10 5 5 6 12 11 6 8 12 9 11 9 7 6 10 8 5 11 9 12 10 6 9 5 11 12 8 11 11 7 10 7 6 8 9 9 6 7 10 9 12 9 9 
10 9 9 8 11 6 10 12 8 9 11 9 9 8 12 7 10 11 8 5 10 5 12 5 8 11 7 8 11 9 10 11 8 9 10 10 10 5 12 12 12 7 8 7 11 7 9 6 10 5 12 8 5 7 7 11 11 5 12 8 6 11 5 9 12 7 10 8 11 11 
9 10 8 5 6 12 9 6 12 12 12 8 10 12 7 11 9 10 10 10 5 11 10 9 10 10 7 10 9 11 7 8 11 5 12 11 5 7 12 6 12 10 9 5 11 7 8 11 11 11 5 11 11 8 7 5 8 6 7 11 6 10 7 12 7 5 9 9 12 8 
5 7 10 6 7 12 6 12 8 5 5 12 12 7 5 8 5 5 8 5 6 10 10 5 10 7 8 10 5 7 11 8 11 8 6 10 8 5 12 8 7 10 6 7 8 8 12 10 12 10 9 7 10 7 12 5 7 8 12 5 9 12 11 6 5 11 7 6 10 8 
5 5 6 10 6 12 7 12 7 6 12 12 12 5 5 9 5 9 8 9 11 5 6 9 12 10 5 6 5 8 7 12 8 10 11 5 7 9 10 12 7 12 5 11 8 7 6 9 12 9 12 8 6 10 10 6 5 5 10 10 9 10 6 10 6 7 7 11 7 8 
10 8 12 5 8 6 6 11 12 8 10 6 11 6 5 5 7 11 7 6 12 7 11 11 7 10 6 5 11 11 6 9 5 8 5 8 11 6 6 11 9 12 7 6 12 11 7 5 11 8 10 5 11 5 11 12 9 12 9 11 5 6 5 10 5 12 11 5 7 12 
7 6 12 5 10 12 9 6 5 10 8 12 5 10 7 11 7 12 6 8 6 9 7 12 11 5 9 11 5 5 5 6 9 5 5 5 11 5 9 9 6 5 5 9 8 6 8 11 10 11 5 6 6 8 7 5 10 9 9 6 12 7 12 12 6 7 12 10 12 11 
5 10 11 5 9 5 12 8 6 11 10 9 6 5 9 7 7 9 7 7 12 5 7 11 11 8 11 12 9 6 10 5 11 10 11 10 6 9 9 9 9 12 7 7 9 6 6 6 5 7 12 6 12 8 7 10 12 8 11 12 12 7 8 11 12 9 7 12 11 5 
6 7 9 6 11 12 7 9 5 6 11 8 9 6 8 7 12 11 6 5 12 8 6 6 12 6 8 6 7 12 8 8 12 12 6 8 11 9 6 6 8 6 8 12 5 8 8 9 5 6 8 7 6 7 5 10 6 5 8 11 10 9 5 12 11 8 9 12 10 12 
7 12 12 6 12 11 9 10 12 8 10 11 12 6 10 10 10 5 7 9 10 6 9 12 10 7 10 10 8 8 5 7 11 5 12 6 7 5 5 7 12 10 5 11 9 10 8 7 6 5 7 8 7 8 11 12 8 10 9 10 5 5 7 10 8 7 6 7 9 9 
8 12 9 8 11 5 7 10 7 8 7 11 5 12 8 9 9 9 5 5 9 8 6 11 6 11 8 11 10 8 10 9 10 11 9 9 7 10 6 8 8 5 7 7 10 5 12 9 10 11 10 7 10 12 5 10 10 12 9 9 9 10 10 11 5 11 5 7 7 9 
7 10 10 12 12 9 5 9 10 7 7 11 7 10 11 7 9 9 12 5 5 8 11 12 9 8 6 12 6 8 11 10 8 9 6 7 8 8 7 10 12 5 7 8 5 12 5 9 9 9 12 12 10 10 7 6 7 7 8 7 10 5 12 5 10 12 11 5 9 6 
7 7 9 9 12 10 10 6 7 8 7 10 9 11 10 5 6 8 5 10 8 11 11 6 10 11 5 5 10 7 9 9 6 9 9 12 11 10 8 8 10 6 10 12 12 9 12 10 7 11 9 7 9 8 7 11 12 11 10 10 11 12 7 10 12 7 11 6 6 7 
5 9 5 10 10 7 12 7 8 9 11 6 5 8 9 7 8 12 11 5 7 12 5 12 11 9 8 9 9 6 5 9 11 11 9 5 7 11 10 12 6 10 9 9 7 11 8 7 12 8 6 10 6 11 9 8 5 5 11 7 10 6 7 9 9 12 6 6 9 7 
5 8 6 12 10 5 9 8 7 8 5 8 6 9 5 7 6 6 5 8 12 10 7 12 5 6 7 5 11 5 8 12 6 12 8 9 6 9 9 9 6 10 10 12 10 10 6 7 5 9 11 8 12 9 6 9 7 8 12 6 9 10 12 10 5 6 12 7 12 5 
9 12 12 6 11 12 11 6 8 5 5 6 7 6 10 5 8 5 12 7 10 7 7 6 5 9 9 8 10 7 12 10 8 11 10 12 8 8 9 12 10 7 7 7 9 10 7 5 5 7 12 12 8 8 6 8 12 8 11 10 10 8 7 6 6 12 7 10 9 7 
11 12 6 6 10 11 10 12 10 9 6 9 8 6 6 8 5 8 7 9 10 11 5 12 5 12 10 8 12 10 6 11 9 6 11 10 7 10 8 11 5 9 9 9 8 6 5 8 5 7 8 10 7 11 9 9 6 9 6 6 9 11 7 10 5 11 9 11 6 5 
12 8 5 6 7 8 11 11 11 8 6 12 5 12 9 10 7 9 8 7 9 8 5 5 12 5 12 10 8 8 6 11 7 11 12 7 9 6 10 5 9 8 7 7 8 7 9 9 8 10 6 5 11 12 8 9 6 11 9 12 8 10 8 12 7 12 10 12 6 11 
12 12 7 8 8 9 7 11 7 7 10 12 6 12 5 11 11 6 11 6 10 8 9 9 11 9 6 11 6 5 5 6 10 9 6 7 10 9 12 7 10 12 7 9 8 10 5 5 6 5 12 12 7 6 12 5 8 9 11 8 9 11 8 9 12 11 12 6 5 7 
6 12 10 9 6 8 6 10 12 10 8 12 10 6 9 6 7 6 6 12 5 10 11 6 6 10 9 10 10 5 8 12 12 11 9 12 7 8 5 9 10 9 10 5 11 12 8 9 11 11 6 11 6 10 11 12 7 10 10 7 9 12 12 7 8 9 12 8 9 10 
8 9 8 12 12 8 9 6 11 6 9 6 8 5 5 8 9 7 11 8 6 9 8 11 9 8 9 9 6 10 6 6 12 9 12 9 5 11 10 12 11 5 7 5 11 10 10 12 6 6 9 6 5 8 6 9 6 7 7 10 5 12 5 12 12 9 8 9 5 8 
8 5 7 7 7 9 8 10 5 6 10 10 12 10 9 5 5 8 11 5 10 11 9 5 6 11 6 10 10 12 5 6 10 10 8 11 7 10 6 6 6 5 12 10 9 6 8 6 12 6 9 9 10 5 11 6 9 12 10 11 12 9 5 6 8 11 5 9 9 7 
6 5 5 10 5 6 9 8 10 6 11 12 8 12 7 8 11 6 6 8 9 12 5 10 12 7 10 8 7 10 11 10 7 8 10 5 12 6 12 9 8 10 10 10 7 5 10 12 8 5 6 12 11 5 12 5 11 9 8 9 6 5 7 9 10 5 5 6 10 11 
10 8 10 12 9 7 7 12 9 9 10 11 7 11 7 7 11 11 9 12 10 5 9 10 12 5 6 7 7 5 7 12 12 7 7 11 8 5 8 9 5 6 11 9 10 12 6 10 9 12 7 9 8 6 8 10 10 6 12 11 6 9 10 9 8 12 7 8 7 10 
8 5 7 12 9 6 7 6 7 12 6 8 5 7 10 10 5 11 9 11 12 11 11 12 11 11 8 8 12 9 6 7 10 7 5 11 12 10 7 10 11 7 10 6 10 7 8 10 5 8 9 6 5 6 7 12 12 9 10 11 11 9 5 12 12 7 9 11 5 6 
8 8 10 10 5 7 6 8 10 5 11 6 10 5 8 12 8 10 10 11 8 5 7 5 12 8 7 6 9 12 11 9 12 8 11 5 7 12 10 10 9 5 5 7 12 9 12 6 8 5 8 10 8 5 6 7 12 5 10 11 7 5 7 11 10 10 6 9 8 10 
6 5 11 8 11 10 7 10 10 11 6 7 11 5 12 12 8 6 11 9 6 6 10 8 9 5 9 5 12 5 9 12 9 10 9 7 6 7 12 8 9 11 9 6 6 12 11 11 6 10 11 5 10 7 10 11 8 6 11 11 5 10 8 9 12 8 12 10 6 7 
9 10 10 6 11 11 7 8 5 8 8 12 10 9 7 7 7 7 5 6 7 10 8 6 6 8 7 7 10 9 10 9 7 9 5 5 11 6 6 7 10 11 5 11 10 12 12 5 8 11 7 5 5 11 6 11 12 10 8 8 5 12 11 5 7 5 9 7 9 7 
12 12 10 6 6 7 9 8 10 10 7 9 7 12 5 5 6 9 8 7 10 10 12 10 8 12 7 6 7 5 5 6 9 12 5 7 10 9 9 11 9 5 11 7 5 10 7 10 9 6 12 7 11 5 7 12 10 5 9 12 6 6 7 10 12 9 11 8 10 7 
9 6 8 6 5 6 8 8 11 8 7 12 6 10 12 9 5 10 8 8 12 7 7 10 7 12 6 10 12 7 5 12 9 9 8 5 11 6 8 5 9 8 7 11 8 7 12 7 8 12 11 6 7 6 9 9 5 5 7 7 8 12 12 5 9 12 8 11 6 7 
6 9 9 10 10 9 9 7 12 6 7 10 11 6 12 10 5 12 9 10 5 9 7 9 7 12 9 7 9 7 6 9 10 12 11 6 7 8 9 10 11 7 10 11 7 8 10 11 10 10 12 6 11 7 10 5 5 8 9 9 10 10 12 11 11 7 7 12 7 7 
7 8 10 9 9 9 7 5 9 9 10 12 12 8 7 10 7 7 7 10 9 11 12 10 6 6 10 9 6 11 9 7 5 9 8 12 12 10 5 11 9 12 10 8 10 7 10 8 8 8 12 8 9 5 6 9 6 10 7 10 6 12 6 7 10 12 6 8 12 7 
6 5 10 11 12 8 7 12 11 11 11 8 5 5 9 7 10 7 10 7 8 11 9 7 5 7 6 11 12 6 7 7 5 8 12 8 8 12 9 7 10 11 10 7 9 6 10 9 5 10 12 5 8 11 5 12 7 7 10 12 9 5 6 12 8 6 7 9 5 10 
10 8 9 6 11 12 9 5 10 10 9 12 10 11 5 10 12 11 12 8 12 8 6 5 10 12 7 6 11 6 12 12 9 6 6 6 8 8 5 9 10 11 6 12 6 11 8 9 5 11 11 9 5 7 10 7 9 8 11 8 8 9 5 9 5 11 9 10 8 12 
12 10 11 12 11 11 7 11 8 7 7 5 5 11 5 8 6 10 5 8 12 5 7 9 7 10 8 5 11 11 11 5 6 9 11 5 9 8 5 12 6 12 12 9 9 12 5 5 9 6 12 12 9 12 6 5 10 6 9 5 12 8 9 6 12 5 12 6 8 11 
8 5 9 9 11 7 8 6 11 12 12 12 8 12 11 6 7 6 7 5 8 10 11 9 10 6 6 6 5 7 7 5 8 8 10 12 12 7 9 9 9 6 7 11 7 7 9 9 8 12 6 8 5 6 8 6 6 12 11 12 5 7 6 12 5 11 8 8 7 9 
5 11 5 10 9 11 11 6 12 7 11 7 6 5 8 7 5 8 5 9 12 8 6 7 6 10 7 8 12 10 12 12 12 6 9 10 11 5 11 9 11 7 6 6 8 7 9 7 7 6 7 5 9 10 7 7 7 7 6 12 6 12 11 9 5 9 12 5 12 8 
7 8 7 10 11 11 11 11 8 12 9 9 12 8 9 8 8 7 8 10 10 10 5 5 12 8 8 5 5 10 5 12 7 11 8 7 9 12 8 11 5 7 9 7 12 10 12 12 9 6 10 11 12 9 10 5 8 9 7 9 6 10 5 9 11 9 5 6 8 10 
7 6 8 7 7 11 8 10 11 5 10 6 12 10 10 8 12 5 5 11 7 5 6 5 5 8 11 12 6 8 8 5 7 12 10 6 12 10 6 10 6 12 11 5 7 8 5 9 12 12 12 8 11 10 5 10 12 8 7 10 5 12 8 12 8 6 9 10 8 6 
8 8 12 7 12 12 11 12 6 10 9 11 6 6 9 7 11 11 11 10 7 12 7 10 11 9 11 11 7 12 10 6 12 5 6 8 5 11 7 6 11 11 12 8 9 6 9 12 8 6 10 12 12 9 7 10 6 10 8 11 10 12 11 10 12 8 11 7 7 9 
12 7 6 6 5 5 7 8 12 9 12 12 8 9 12 11 11 5 10 8 6 7 12 10 10 10 6 11 12 11 8 8 9 6 6 10 11 10 6 11 10 7 7 5 6 6 8 8 11 10 7 11 6 6 11 5 8 7 12 12 9 12 9 6 7 11 10 6 6 5 
8 9 10 5 10 9 11 5 9 9 8 9 5 11 8 8 9 7 12 9 5 12 9 10 11 12 5 7 12 11 7 8 12 8 12 11 11 8 8 5 5 6 10 11 5 7 11 6 5 6 7 6 9 11 5 6 5 10 12 8 11 9 6 10 10 9 10 10 11 9 
12 6 6 7 8 7 5 9 7 7 7 11 9 8 8 9 12 7 6 8 11 9 7 8 11 12 9 12 10 9 11 5 8 9 10 12 11 6 6 7 5 11 7 6 9 6 10 6 6 5 8 5 11 7 8 7 12 5 11 9 12 8 9 12 12 12 11 12 10 6 
9 10 5 10 5 6 8 9 7 9 5 8 10 10 12 12 6 7 12 5 7 7 9 8 7 6 7 10 8 8 6 9 12 9 6 5 9 5 5 8 7 11 7 9 11 7 5 7 9 9 9 12 5 8 8 8 11 10 9 8 9 8 6 6 9 6 9 11 11 9 
9 11 10 12 12 8 5 12 7 9 9 11 11 11 6 10 10 8 7 10 12 8 6 12 11 6 7 7 5 5 11 11 11 10 8 12 5 11 7 9 9 8 7 5 12 9 8 6 7 9 10 12 5 9 7 12 5 8 6 6 11 10 9 11 12 6 9 11 10 12 
9 6 12 6 9 9 9 7 12 12 6 10 12 9 7 12 12 7 11 12 5 9 11 10 5 9 11 6 6 8 10 10 11 10 7 11 8 5 5 11 10 11 8 11 5 9 8 8 5 7 5 11 6 8 12 5 8 12 9 10 5 5 5 6 5 6 11 5 5 11 
5 7 11 12 12 12 5 12 8 5 10 10 5 12 8 5 6 12 8 5 6 11 8 8 5 6 7 10 7 6 6 9 12 11 5 8 11 6 12 9 8 11 11 9 8 7 11 7 11 6 7 12 9 8 5 10 7 12 10 6 12 6 5 8 8 5 10 5 5 8 
10 10 8 11 8 11 9 12 7 5 8 11 11 9 11 9 6 10 6 8 12 10 10 11 8 7 9 7 8 12 9 11 7 5 7 12 10 10 6 12 5 8 8 12 6 12 11 7 9 10 8 9 6 5 8 7 9 8 8 9 9 12 7 6 11 11 6 6 7 12 
7 6 11 8 8 8 6 5 10 9 8 8 5 7 9 8 7 10 7 9 5 9 11 7 8 9 6 11 12 10 8 10 5 11 10 12 11 7 5 11 8 7 10 5 6 10 11 11 6 10 10 11 7 9 8 11 12 12 8 7 10 7 6 12 8 9 10 6 7 9 
10 7 12 9 7 9 11 11 6 6 6 9 9 6 7 8 7 9 10 8 10 5 7 5 7 10 7 10 12 12 12 7 5 9 6 8 7 12 11 9 8 9 7 6 6 10 12 7 8 9 11 12 10 6 12 5 5 12 11 6 6 7 11 9 6 9 7 12 10 6 
7 12 11 12 8 10 8 6 7 5 11 11 7 8 10 10 9 6 7 9 11 11 10 7 12 5 5 7 7 11 8 6 6 12 6 6 9 12 7 12 7 10 8 6 5 5 8 9 5 8 5 10 8 11 6 12 6 5 10 10 5 7 9 5 9 10 8 8 11 12 
11 10 5 7 7 11 5 10 6 11 8 12 6 7 9 6 12 6 10 8 5 11 10 7 5 11 7 5 11 10 6 10 5 9 9 10 8 11 8 7 11 7 11 9 12 8 7 10 11 12 7 6 6 10 5 11 12 8 9 6 6 12 9 7 11 9 10 5 11 11 
6 5 6 7 6 7 6 5 10 9 10 7 6 8 5 7 7 12 6 12 7 12 9 5 5 10 6 9 9 8 8 6 6 11 9 9 9 6 12 5 9 10 11 7 7 5 10 10 8 9 12 6 8 7 12 7 9 11 7 11 5 10 8 11 9 9 11 5 10 7 
6 10 12 6 5 12 9 6 6 10 7 11 12 7 5 7 7 8 6 11 12 5 7 11 9 9 6 7 12 5 12 9 12 10 5 12 8 6 12 9 7 9 12 8 8 8 5 5 11 9 12 9 6 8 6 11 5 9 6 6 12 8 5 5 7 6 9 12 12 12 
10 8 7 5 8 10 6 6 9 8 6 10 10 5 6 12 11 11 10 11 8 5 11 5 6 9 5 5 11 6 9 7 8 11 12 7 11 8 8 12 8 9 9 10 9 8 11 8 6 10 10 7 6 5 9 5 6 7 7 9 9 11 7 7 9 8 8 6 12 11 
12 9 11 6 12 11 8 9 12 6 6 8 11 5 5 5 6 8 5 7 6 8 11 10 7 12 10 9 9 12 12 10 12 12 10 9 8 11 8 8 11 12 11 6 7 12 7 5 11 6 5 8 8 11 10 12 7 6 6 6 9 7 11 5 7 6 12 10 11 11 
8 6 7 11 7 10 5 6 12 5 6 6 12 9 7 10 6 7 8 5 11 5 7 8 8 5 5 7 9 7 7 11 9 10 8 11 7 7 12 9 11 6 8 10 10 5 9 5 6 5 11 8 9 8 11 7 11 9 6 7 10 10 10 11 10 12 6 12 6 10 
6 6 5 7 10 8 8 9 8 12 11 6 6 8 9 6 12 12 5 9 10 5 7 11 6 10 12 12 9 5 10 5 10 12 9 8 10 9 5 7 10 6 12 8 10 5 11 8 12 7 6 5 9 11 7 8 10 9 7 11 9 8 11 7 8 5 8 10 10 5 
10 7 9 12 10 5 8 7 6 5 10 7 5 6 11 7 11 11 6 8 10 8 6 11 10 9 8 7 10 12 9 11 7 7 12 6 12 5 7 5 11 5 7 6 11 11 8 10 11 11 9 7 5 12 8 7 7 10 10 11 6 6 6 5 11 9 11 12 11 6 
6 9 10 8 9 10 7 5 8 12 6 9 5 6 10 5 7 12 9 10 7 9 5 9 11 9 7 12 6 6 7 10 7 9 9 7 9 11 10 10 11 5 12 12 9 5 7 5 11 9 8 9 5 9 6 11 7 8 10 9 5 11 7 8 9 6 11 9 7 11 
12 12 10 12 6 12 5 11 12 12 5 8 6 8 5 11 10 7 10 10 5 7 8 5 11 9 12 8 6 6 12 9 12 11 11 10 12 9 10 9 10 9 11 7 9 6 7 6 8 10 12 7 8 6 7 10 5 12 8 6 11 7 6 12 10 6 8 7 5 12 
6 7 8 12 7 7 9 11 12 11 9 6 5 6 10 6 10 11 10 9 5 10 9 11 6 5 8 5 7 11 10 12 10 5 7 5 7 8 7 8 10 10 12 10 5 8 11 8 10 7 5 8 11 10 8 10 5 12 11 8 10 6 11 10 6 11 7 12 5 9 
10 12 11 11 10 7 12 5 5 11 5 8 12 10 10 7 10 5 10 9 6 7 7 8 6 12 11 8 7 10 8 12 11 7 6 6 11 11 10 5 5 7 12 12 7 6 10 9 5 11 12 11 7 11 8 8 6 12 7 5 8 7 7 7 10 10 10 10 6 8 
7 8 6 5 8 12 7 5 12 8 9 12 5 12 6 12 12 7 9 10 11 10 9 9 12 11 6 12 9 8 12 6 12 6 5 12 7 8 12 5 6 11 7 9 12 10 12 8 11 5 8 12 8 7 11 10 6 8 8 5 10 8 12 12 7 6 5 12 11 8 
5 8 9 12 6 9 9 6 9 9 5 10 10 12 5 12 6 9 5 6 7 5 5 10 7 10 9 9 12 6 10 12 11 6 6 9 8 12 11 7 12 6 10 5 8 10 9 9 9 7 9 5 12 5 10 6 12 8 11 7 10 9 6 11 5 5 11 11 10 10 
12 7 5 8 10 8 9 12 6 5 12 11 10 12 7 12 9 12 12 7 11 8 8 5 6 6 12 7 10 9 6 12 11 5 6 5 5 9 6 12 11 9 8 5 8 12 7 11 10 11 7 5 11 12 6 11 10 5 7 12 9 5 12 9 8 8 12 8 11 9 
6 9 8 5 5 5 11 5 12 9 5 12 12 5 10 10 11 9 10 8 7 10 10 5 12 10 12 9 10 6 12 8 10 12 5 9 10 12 11 7 7 6 10 7 11 12 7 11 8 10 6 7 12 11 12 10 5 6 5 8 6 9 9 5 10 12 10 12 8 9 
9 9 8 10 9 12 6 12 12 7 12 11 6 9 5 6 7 5 7 5 12 12 8 8 8 10 5 9 7 8 6 12 11 5 6 6 11 10 10 12 8 6 8 6 10 8 10 12 11 11 11 7 9 7 9 11 10 5 11 11 12 11 5 6 11 9 10 9 6 11 
10 5 11 8 12 10 10 10 5 12 8 7 9 5 5 7 9 11 8 7 6 11 9 6 5 6 7 6 12 11 11 5 11 6 5 12 7 8 6 8 11 6 6 7 8 6 6 5 7 7 8 8 12 8 6 9 5 12 9 12 10 5 11 9 8 7 6 12 9 6 
6 9 7 10 5 5 9 10 6 9 12 7 12 8 5 11 11 11 6 9 7 11 7 6 12 7 7 8 6 6 11 6 11 7 7 9 5 7 11 10 11 11 7 12 11 6 10 10 9 6 7 12 11 10 9 6 8 6 9 10 6 11 5 8 11 8 11 10 6 6 
7 5 7 10 9 5 12 12 10 7 6 8 8 5 12 10 9 6 6 8 5 12 12 11 6 10 7 5 12 6 8 9 12 11 9 8 9 10 9 8 6 10 12 10 11 5 9 11 6 5 5 11 11 7 9 5 7 6 8 6 10 11 12 10 11 5 9 11 8 11 
9 11 6 9 9 12 6 11 12 5 9 11 7 8 5 9 5 10 8 12 12 11 12 12 8 7 12 9 6 12 6 9 12 5 9 6 7 6 9 7 12 8 9 9 11 7 8 12 9 11 8 10 5 12 11 6 6 9 6 10 10 11 10 11 10 5 8 9 12 7 
5 9 9 12 7 5 9 8 7 8 11 6 7 10 10 8 6 11 12 8 9 5 12 7 5 10 11 5 10 8 10 8 10 10 11 8 10 10 9 10 8 11 5 11 6 12 11 8 6 9 12 12 7 12 12 10 6 5 7 11 8 5 8 9 7 9 10 5 11 5 
11 7 11 7 6 12 5 6 7 12 10 11 12 5 5 6 10 10 6 12 6 8 9 7 6 10 12 7 7 11 10 8 7 5 9 12 5 7 11 10 8 12 11 6 6 10 6 12 7 8 12 7 8 12 6 7 12 11 11 11 8 10 6 10 5 5 10 8 12 6 
9 7 5 8 9 12 9 12 8 12 9 12 9 7 6 6 7 12 10 12 10 5 6 10 8 11 6 7 5 5 10 7 6 6 6 7 11 5 5 11 11 8 9 6 12 11 6 8 11 6 8 12 9 5 9 10 7 12 8 10 11 10 7 11 11 5 11 11 9 7 
9 7 8 8 7 5 6 11 9 8 11 5 6 12 9 12 10 11 12 12 12 8 11 8 11 9 8 7 12 10 12 12 7 8 7 10 12 10 7 8 8 7 6 10 12 12 9 9 7 5 6 12 11 7 6 6 6 11 12 9 10 5 12 11 6 5 7 8 6 5 
6 9 9 5 5 12 10 12 10 12 10 8 6 10 11 8 12 12 8 7 7 5 11 11 9 5 7 7 9 10 7 6 12 6 6 10 7 12 9 12 12 6 9 12 12 8 6 11 12 10 9 6 10 10 8 6 10 8 8 6 12 6 5 5 8 8 6 5 5 8 
7 11 6 6 6 8 7 6 10 7 6 9 9 8 5 8 10 12 7 6 10 10 9 6 10 10 11 6 8 8 7 10 5 10 9 12 8 5 7 10 9 6 11 8 8 5 7 8 7 6 9 7 5 11 7 10 5 12 12 8 6 9 12 10 12 9 12 8 7 12 
5 6 10 6 11 7 7 12 9 9 9 12 8 10 9 8 7 8 6 12 12 7 7 9 12 6 10 8 8 11 11 11 9 9 5 8 5 7 12 7 10 11 6 6 11 7 7 11 9 10 12 10 11 10 11 8 9 8 9 7 5 12 11 10 11 12 10 12 10 7 
8 12 11 7 8 12 10 6 5 10 12 7 9 6 8 9 10 5 8 8 8 6 10 12 9 11 9 6 8 10 10 8 12 12 12 12 5 5 7 8 5 6 8 8 12 8 12 12 12 10 12 12 6 12 7 10 5 12 6 7 9 9 12 8 7 7 12 10 7 10 
8 12 5 7 7 12 5 7 6 12 9 5 10 6 5 10 5 6 5 6 8 7 5 10 8 9 8 12 12 10 5 11 5 10 7 12 6 11 12 12 7 8 9 7 5 5 12 8 12 8 10 9 7 7 10 6 7 10 9 5 11 10 7 8 7 10 10 7 8 5 
9 7 6 9 12 8 11 10 11 6 11 9 12 5 5 6 9 11 9 12 9 8 10 5 5 9 6 5 6 6 11 11 5 8 12 5 11 7 12 12 10 11 11 8 11 10 7 5 10 9 5 6 7 6 8 8 7 5 9 11 10 10 7 12 6 7 9 6 12 6 
10 11 9 9 11 6 8 7 8 10 5 10 12 8 5 7 6 5 5 6 8 10 8 11 5 8 5 11 12 12 8 11 10 7 8 6 12 9 9 5 5 7 11 12 5 11 10 11 11 11 7 10 12 12 7 8 5 8 11 6 5 5 8 7 6 9 7 11 6 11 
8 12 9 12 10 8 9 5 6 9 8 10 5 10 5 8 7 11 6 11 6 6 5 11 10 10 6 8 6 8 8 12 11 12 10 7 12 6 7 9 9 10 5 11 8 5 11 7 8 10 9 9 8 12 12 6 8 12 10 5 6 12 10 10 12 5 8 10 7 6 
8 12 11 7 9 5 6 5 5 7 10 6 5 11 7 7 9 12 9 12 9 6 5 9 6 7 9 6 12 5 5 8 12 8 5 6 5 9 8 8 11 10 6 7 11 8 5 9 5 7 12 12 11 5 12 5 9 10 12 9 6 6 5 11 10 12 5 7 8 5 
7 7 6 8 10 5 10 8 9 8 8 7 11 10 9 10 12 9 6 12 12 12 5 7 6 9 11 8 12 12 11 11 9 10 6 8 7 7 11 12 10 5 9 10 5 7 11 11 11 5 11 12 9 8 10 7 10 8 6 5 11 11 5 11 8 9 10 10 6 6 
6 11 10 8 8 10 10 10 8 10 11 9 8 10 11 12 12 7 8 9 12 10 8 5 7 11 10 12 10 6 5 11 10 5 8 9 6 6 10 5 9 7 11 12 6 7 10 10 12 6 8 11 12 7 12 10 9 5 9 10 8 5 6 11 8 11 12 8 11 7 
5 6 5 8 10 7 5 9 6 8 9 12 10 8 7 5 8 10 10 8 12 12 10 6 7 9 7 11 6 12 6 11 11 7 5 7 10 10 12 10 7 7 12 10 6 6 5 11 11 5 11 5 11 10 8 9 10 12 8 7 6 7 8 5 12 6 8 11 10 5 
11 10 5 7 5 6 12 6 5 9 12 10 11 11 6 12 11 7 6 11 10 7 12 7 8 10 8 11 7 5 10 8 12 8 8 8 11 10 12 8 7 8 5 10 11 10 5 10 10 6 10 7 6 10 9 12 7 12 8 8 10 12 10 11 12 12 9 10 7 6 
6 12 5 7 5 6 10 11 8 11 7 9 8 8 11 8 11 8 5 10 10 12 8 8 10 5 6 6 6 12 8 9 11 10 12 6 12 11 9 12 7 9 7 5 7 6 10 9 11 10 9 12 7 6 10 9 10 7 8 7 8 7 7 11 9 9 7 5 10 12 
7 7 10 10 12 12 7 9 11 6 10 9 11 11 8 7 7 8 10 9 10 6 8 11 11 12 10 10 12 5 7 8 5 12 9 7 6 5 8 8 5 6 6 6 5 6 11 7 8 12 11 11 5 11 12 8 5 5 12 5 11 5 11 6 11 10 12 7 5 9 
10 5 9 9 9 9 12 5 10 6 12 5 11 5 9 7 6 6 5 5 9 10 5 6 6 7 8 9 12 12 7 6 5 6 6 8 9 10 11 9 12 11 12 12 11 6 5 9 5 12 10 12 7 9 10 7 8 11 5 9 7 12 7 7 9 12 5 10 8 8 
7 9 8 7 7 8 12 7 10 9 8 12 12 10 8 9 9 8 9 10 9 11 6 8 11 9 7 6 5 7 5 5 11 5 8 11 6 10 12 9 7 8 9 12 5 8 11 11 11 9 10 11 5 6 10 8 12 6 5 6 7 8 7 7 5 5 11 5 9 8 
5 9 5 12 7 5 10 6 7 8 7 11 9 8 8 10 9 12 9 5 12 10 11 12 8 7 5 10 9 5 7 12 5 10 12 8 10 7 6 10 6 5 6 5 8 7 11 8 5 12 10 6 5 11 8 11 7 5 5 11 10 5 9 5 6 11 11 9 10 9 
7 6 7 5 7 7 5 9 6 7 5 7 9 10 6 9 7 5 12 8 10 9 6 11 6 12 7 11 10 9 7 12 5 9 10 7 11 10 10 6 8 7 9 6 12 8 9 12 7 11 7 10 6 11 5 9 7 8 7 11 10 7 9 9 9 12 7 10 9 5 
5 5 9 8 8 9 11 8 5 11 9 12 8 9 9 9 7 5 12 9 8 11 11 11 8 6 11 5 6 7 11 8 8 8 11 11 12 8 7 11 9 8 12 9 7 6 11 11 12 7 12 8 9 11 12 6 5 11 10 7 8 6 6 12 10 5 11 7 12 11 
7 7 7 9 9 8 5 9 10 10 5 9 7 12 10 10 6 7 6 10 6 7 11 7 12 8 10 5 12 5 8 9 5 7 6 7 7 11 8 9 9 5 8 9 6 5 11 10 8 7 12 9 9 7 8 9 5 12 10 8 12 12 8 12 6 8 6 10 7 10 
9 8 6 12 6 9 9 11 12 9 11 12 8 10 9 6 8 6 9 8 9 5 11 12 12 10 12 12 7 9 9 12 9 12 10 8 8 7 7 7 6 8 7 8 8 11 6 12 9 12 6 5 7 6 10 5 5 12 7 10 9 6 12 9 6 6 12 8 12 12 
9 8 7 7 11 11 6 12 9 10 12 12 7 10 12 9 9 8 9 9 7 11 12 7 9 9 10 6 5 12 12 7 6 6 8 5 7 11 8 7 9 7 10 6 10 8 8 7 7 12 9 11 10 6 8 5 7 5 11 12 12 5 7 10 7 10 9 12 5 10 
8 11 7 11 10 9 7 5 12 8 5 9 6 8 11 11 5 8 7 11 11 7 10 10 12 11 12 11 11 10 10 8 5 7 11 7 11 7 8 12 6 12 10 8 6 10 8 10 12 8 8 6 8 9 6 11 5 11 12 10 12 8 9 11 7 12 12 10 7 6 
10 10 7 11 7 8 11 6 10 12 11 12 11 11 12 8 9 9 9 10 7 5 6 6 8 5 5 10 11 12 5 7 8 9 8 12 11 9 11 7 8 8 11 6 8 12 6 5 11 11 8 8 7 6 7 12 7 5 9 9 7 5 5 10 7 8 7 8 7 12 
8 12 10 6 5 12 6 8 6 8 11 9 10 5 9 12 9 9 7 12 10 8 9 6 7 7 10 7 6 7 11 8 8 12 10 7 7 7 6 8 12 8 9 11 7 8 8 8 11 6 8 8 8 9 9 6 11 5 7 7 11 9 6 5 5 8 6 10 11 7 
7 11 8 7 7 10 7 10 9 9 5 12 9 12 11 10 6 6 9 6 6 7 8 6 8 12 6 9 6 7 7 11 10 9 10 11 10 5 10 11 7 7 6 8 10 5 12 12 8 5 9 8 8 7 11 5 10 12 11 12 11 7 5 12 6 10 10 5 5 5 
8 11 8 11 8 5 5 5 9 6 8 11 11 12 5 7 6 7 12 5 12 12 12 9 12 11 12 7 8 5 6 8 10 10 12 11 10 10 7 11 11 10 6 8 7 10 12 8 8 12 6 7 9 7 11 5 12 6 12 7 5 11 5 8 6 7 5 10 12 6 
11 7 11 6 9 5 6 9 6 10 9 12 6 11 10 7 5 11 5 5 5 11 7 6 11 5 5 12 8 5 7 10 7 10 7 12 10 9 6 11 10 11 9 7 7 8 7 10 12 12 7 10 7 9 7 7 8 5 8 7 7 6 9 6 11 11 8 10 9 12 
8 6 9 5 8 12 7 7 8 9 8 7 10 12 11 11 6 7 11 10 5 9 10 12 11 10 8 10 7 9 12 7 5 11 11 7 6 5 7 7 6 11 9 5 6 10 9 9 10 11 5 12 6 9 9 7 5 6 6 8 11 8 6 9 11 10 7 9 11 8 
6 8 7 10 5 5 11 5 8 9 5 6 5 9 10 9 11 8 8 9 12 12 11 9 5 10 12 10 5 12 7 6 12 10 12 12 7 7 9 5 9 5 6 7 12 11 8 7 8 6 10 12 11 6 9 10 10 11 7 5 6 7 10 6 11 6 6 11 5 11 
8 9 12 12 12 5 9 10 10 12 9 9 12 8 10 7 12 12 12 11 12 9 10 11 5 10 8 11 11 12 8 10 9 11 8 7 9 9 5 12 7 8 6 10 7 10 10 6 12 7 12 10 10 7 8 6 6 8 6 9 5 10 7 11 10 9 5 5 12 11 
8 11 7 11 6 8 10 5 10 11 9 11 9 9 11 7 9 10 7 10 11 9 10 12 10 6 12 12 12 6 5 11 9 6 10 5 10 11 12 8 11 6 11 7 12 6 6 9 12 7 6 6 7 9 12 9 11 12 8 12 5 11 12 9 9 6 8 5 9 12 
7 10 5 8 10 5 12 12 11 12 10 11 5 12 11 12 10 10 8 12 5 9 7 10 9 12 7 9 9 12 12 10 10 12 7 8 6 11 10 8 10 9 11 8 10 6 7 7 12 8 9 6 10 11 11 6 12 5 12 9 5 10 10 5 5 6 10 7 7 10 
6 12 11 9 6 6 7 10 10 12 10 8 7 11 9 9 8 12 5 12 7 6 12 7 12 6 8 8 5 11 5 10 7 7 6 10 12 11 11 10 5 10 12 5 9 10 9 12 7 6 12 9 9 7 7 11 10 11 11 9 9 6 8 10 6 9 12 12 12 9 
6 12 7 10 10 5 9 11 10 12 8 11 10 12 9 12 12 5 11 7 6 11 5 8 9 12 10 11 11 9 7 7 7 9 9 11 12 10 12 6 11 9 10 11 5 12 8 5 5 7 8 7 9 12 10 8 6 6 12 12 12 7 12 6 8 8 11 5 10 10 
12 12 6 11 5 7 6 11 6 11 8 7 8 5 12 5 8 6 9 9 11 5 8 7 12 5 8 11 12 8 12 6 9 12 10 9 10 6 6 7 10 5 7 6 12 8 7 6 6 10 8 5 8 12 5 10 6 12 7 8 12 5 10 5 11 7 7 12 9 8 
11 9 5 11 8 11 11 8 10 6 12 12 5 9 11 11 5 5 11 11 6 8 5 11 5 9 8 12 6 5 9 6 7 8 6 6 5 8 6 6 6 7 12 5 7 7 11 9 6 11 11 11 11 11 12 10 11 8 11 11 5 9 11 7 9 6 6 5 12 11 
12 9 9 7 11 5 5 5 8 7 10 10 5 11 7 9 12 11 5 12 10 12 5 11 7 11 8 9 5 8 7 5 6 9 5 7 12 10 9 12 11 12 8 12 10 12 10 9 10 5 12 10 5 8 6 10 12 11 6 11 10 7 5 6 12 7 8 7 5 6 
10 12 12 8 8 7 9 12 5 5 9 8 6 5 6 6 9 5 10 6 10 9 5 11 6 6 5 10 12 7 6 8 8 5 11 12 10 12 11 5 6 11 7 5 5 12 10 6 12 5 10 12 12 6 7 11 10 5 10 10 7 6 8 9 11 6 6 7 6 10 
7 7 7 12 12 11 8 6 12 9 9 10 12 5 12 9 8 8 9 10 10 8 11 5 10 8 11 9 8 9 12 11 6 8 6 8 9 10 7 12 9 6 6 12 7 10 10 9 7 9 11 6 6 11 7 5 6 5 8 12 7 10 12 5 8 10 5 6 6 11 
9 7 12 5 5 10 12 10 6 8 5 6 8 9 6 11 11 11 9 8 10 8 11 11 6 9 12 12 11 8 10 5 8 12 11 7 5 6 10 6 8 12 9 7 9 11 9 9 7 10 6 10 9 5 6 11 10 7 10 7 7 12 6 8 11 6 6 11 5 6 
10 12 8 5 12 5 12 12 7 11 11 9 10 10 6 10 5 11 8 7 12 10 11 11 9 12 10 11 6 9 7 11 12 7 7 5 6 7 10 11 9 12 7 7 8 8 7 9 11 9 8 9 7 5 6 5 12 10 5 5 11 9 10 5 7 12 11 11 6 5 
12 9 7 9 11 5 6 5 6 8 5 7 11 12 6 9 8 10 7 9 12 10 12 12 6 11 11 5 5 6 12 8 8 6 8 12 7 11 12 8 9 8 6 5 7 9 7 5 9 9 9 10 8 11 10 9 11 7 10 9 6 7 9 7 8 10 5 12 11 9 
11 9 10 9 12 9 6 8 10 9 9 11 10 11 7 7 12 9 9 7 9 8 12 6 5 10 10 5 5 9 8 7 11 9 7 11 7 5 6 9 8 5 8 9 11 6 10 8 11 11 8 12 11 11 9 11 8 10 8 7 9 12 12 12 11 7 10 5 8 9 
9 12 9 10 6 8 12 11 10 12 7 7 9 6 5 9 11 5 8 6 9 7 9 12 8 9 12 11 10 8 7 11 6 8 12 7 12 11 12 9 5 5 7 5 10 5 10 10 12 6 8 6 12 6 12 9 5 7 5 6 6 12 11 5 12 6 9 12 8 9 
12 8 5 8 11 6 12 8 8 6 11 12 6 11 11 12 10 12 9 11 7 7 8 9 5 6 5 7 10 10 11 9 12 8 8 8 5 9 8 9 7 6 8 8 10 12 5 9 5 12 6 8 9 6 7 7 12 7 8 8 5 8 6 12 11 9 8 12 10 6 
12 6 8 9 11 10 5 9 10 12 10 9 11 5 12 11 11 6 9 7 5 12 10 6 7 10 9 12 11 11 5 6 10 8 11 8 12 9 7 10 10 7 12 12 7 9 8 7 12 5 11 6 12 10 10 5 8 11 7 9 11 6 11 8 8 6 7 10 11 7 
7 8 5 8 9 12 12 5 12 9 10 5 11 12 5 9 12 12 7 7 5 6 7 6 7 12 8 10 5 7 8 10 6 10 11 8 9 9 9 9 9 10 6 6 9 10 8 10 9 11 6 5 10 5 7 8 7 11 9 10 12 7 11 11 11 9 5 7 5 11 
6 5 6 9 6 8 12 7 5 5 9 11 12 6 7 5 11 7 11 12 10 8 5 11 12 10 7 11 9 5 5 11 11 8 12 6 11 10 5 12 5 10 11 11 9 10 11 7 11 10 12 7 5 10 8 10 11 6 10 10 8 9 8 8 8 12 10 9 5 6 
11 8 6 8 8 11 12 9 7 10 7 8 10 5 9 8 12 5 9 9 11 6 11 12 6 11 5 7 9 11 5 10 7 11 9 9 7 12 7 11 10 6 7 10 12 12 6 12 9 10 12 9 11 5 8 6 9 11 10 10 9 11 9 7 8 5 7 11 9 12 
9 7 5 11 11 8 11 7 12 12 9 11 6 7 9 9 9 7 6 8 7 5 9 9 11 5 7 7 6 7 6 5 11 7 8 10 12 10 6 11 11 10 9 8 5 11 5 10 12 7 8 10 5 7 9 6 10 12 12 8 8 5 5 7 11 9 10 10 8 7 
6 10 11 12 12 7 11 5 9 6 11 6 5 10 10 10 11 9 5 11 6 8 11 12 6 9 10 6 12 11 8 8 11 11 12 11 7 10 6 12 11 7 5 11 5 7 7 12 12 10 6 11 5 7 9 6 10 11 8 6 5 6 5 6 12 6 7 6 5 9 
8 10 11 12 9 7 9 9 5 6 7 9 12 5 11 6 9 9 9 5 5 8 6 10 5 7 9 12 10 7 12 10 8 5 10 6 9 10 9 9 10 8 9 7 7 6 5 5 11 6 10 8 10 5 6 7 10 11 12 12 6 12 12 7 6 6 8 12 12 12 
12 6 8 10 5 11 6 9 6 10 6 5 6 11 5 6 6 6 10 12 10 6 12 6 7 7 10 5 12 6 10 12 11 8 6 11 9 6 11 5 12 7 12 6 5 6 8 9 6 6 7 8 6 11 10 5 10 11 12 9 6 5 11 12 5 8 11 12 5 7 
6 9 7 11 12 8 6 10 9 6 5 7 8 9 5 10 10 9 7 10 12 12 8 7 7 10 11 5 9 6 11 6 5 6 8 7 6 5 9 6 10 7 12 10 5 5 10 11 11 10 6 12 10 12 7 6 6 7 12 7 7 6 8 11 9 12 7 9 11 11 
7 10 10 11 10 5 6 12 11 7 12 7 7 9 6 10 6 10 9 11 9 6 5 7 7 7 10 11 11 12 9 11 8 7 8 9 8 11 11 8 8 5 7 9 8 10 8 6 11 10 6 5 10 11 11 8 5 9 8 11 12 5 9 5 11 12 6 10 5 9 
12 8 10 5 11 8 12 6 8 8 6 6 6 7 6 5 9 8 5 10 12 11 12 6 11 8 9 9 11 6 10 9 9 11 9 8 8 12 9 5 7 7 8 6 10 7 6 5 7 8 5 8 12 12 9 6 8 6 9 6 7 12 6 10 10 10 12 12 6 5 
8 8 11 12 9 11 8 6 9 10 5 8 5 5 10 6 11 5 6 5 12 12 10 6 10 5 7 5 12 12 5 10 8 6 6 8 8 12 10 12 8 12 12 8 6 9 12 9 11 12 7 6 9 10 12 10 6 8 8 12 8 5 5 12 9 7 6 8 6 9 
6 9 10 11 10 8 8 10 12 5 8 10 9 9 9 9 5 9 9 5 6 6 9 9 6 11 5 12 5 7 10 11 6 12 8 8 8 7 10 10 8 9 11 7 6 5 12 8 5 11 12 12 7 12 7 7 8 7 10 12 9 12 5 9 9 7 9 10 7 6 
5 8 10 7 12 12 12 12 9 7 5 8 6 11 12 7 9 7 11 8 8 7 12 6 6 11 6 8 7 9 5 6 8 5 9 5 10 8 5 12 9 6 11 8 8 12 6 5 7 10 8 6 8 6 5 6 6 9 7 8 7 6 12 12 12 8 5 12 6 11 
8 6 11 6 8 10 9 7 11 6 11 7 5 8 10 8 12 12 5 12 11 7 11 8 10 11 8 9 6 11 7 5 5 10 8 6 5 7 10 10 5 12 10 6 12 7 5 5 9 8 10 11 10 12 11 7 9 10 5 9 12 12 6 7 12 8 7 6 8 7 
11 7 11 5 7 8 11 11 9 5 12 10 6 7 12 9 6 12 8 8 11 6 7 5 11 8 5 7 9 7 11 10 11 6 5 11 7 12 12 12 7 9 5 9 8 7 9 12 5 6 6 6 9 10 7 7 5 9 8 8 6 8 12 7 11 5 10 12 5 10 
5 9 7 8 12 6 9 11 9 6 8 5 5 12 8 5 12 10 12 9 5 12 5 9 5 8 10 6 12 8 7 11 8 12 9 11 9 9 8 11 5 7 6 9 12 10 7 6 6 6 9 8 12 9 7 11 5 11 8 8 10 9 5 6 12 11 12 9 12 10 
6 8 11 6 7 11 11 7 7 5 6 11 12 6 5 7 11 12 12 9 7 12 12 6 8 11 9 7 8 10 5 9 10 9 12 5 12 10 10 5 7 10 10 8 12 12 9 8 10 7 10 10 5 8 10 6 8 11 7 8 6 6 5 5 5 6 9 10 5 7 
9 10 8 6 11 6 10 9 6 10 11 9 7 6 10 7 12 10 12 5 6 5 6 6 10 8 7 8 8 6 9 9 8 7 10 8 10 5 6 5 5 7 7 12 11 12 7 6 11 10 5 9 6 8 7 9 5 8 7 6 11 9 9 8 8 12 12 8 5 5 
6 9 7 5 5 7 6 6 12 7 5 6 10 7 7 7 10 7 7 6 6 8 8 11 12 12 7 8 6 7 6 6 5 12 11 12 6 11 8 10 8 9 11 5 12 8 9 11 6 9 7 9 11 7 9 11 11 6 6 5 9 12 12 7 9 6 8 6 10 6 
9 9 12 12 6 8 11 11 12 12 12 6 12 11 7 10 5 11 6 5 6 9 5 7 6 10 11 8 8 9 8 10 9 10 7 9 12 8 6 8 8 10 11 6 8 10 9 9 11 9 12 9 5 5 10 9 6 5 10 9 10 7 9 7 8 7 10 7 7 11 
5 8 6 12 12 9 10 8 10 5 5 6 5 11 5 9 6 8 11 9 7 9 5 6 12 12 7 6 12 6 5 9 10 10 12 11 7 8 10 11 10 5 10 9 11 10 12 5 12 7 5 5 9 9 11 7 10 9 12 8 6 7 8 12 10 7 11 8 11 11 
7 11 8 9 10 12 11 6 12 8 10 11 12 11 9 7 11 9 10 6 9 5 8 9 6 10 8 5 12 9 8 8 11 10 5 9 5 5 8 8 12 11 8 6 8 9 6 6 5 6 5 12 12 5 9 12 9 5 9 6 6 6 8 9 5 6 8 6 11 6 
8 7 12 7 8 7 9 8 9 11 9 12 11 10 7 8 9 9 8 11 8 9 8 9 8 5 6 9 10 7 12 5 11 11 11 9 7 6 7 8 10 8 7 12 11 8 9 5 10 6 11 12 11 7 12 8 11 12 12 9 10 5 9 11 10 12 11 12 7 12 
11 9 8 12 8 6 5 6 9 6 9 6 10 10 10 7 9 12 7 7 8 7 9 6 8 7 5 11 11 7 8 8 11 11 12 7 10 10 11 5 9 9 9 6 5 12 6 9 6 5 12 5 10 10 7 12 10 11 11 7 11 9 10 11 8 5 5 10 6 8 
10 12 8 6 8 8 12 9 7 6 5 11 11 7 11 12 11 7 8 5 12 9 11 11 12 11 11 9 12 12 12 7 5 12 6 7 6 11 7 10 12 5 5 6 12 11 9 11 5 5 8 6 10 8 12 5 6 10 10 5 8 6 5 8 9 12 11 11 12 7 
6 7 6 6 6 5 6 11 5 8 6 8 12 6 10 12 12 7 9 8 7 9 10 6 7 11 9 12 7 9 10 5 10 8 12 9 8 10 10 7 8 11 6 8 10 5 7 5 12 9 5 11 8 7 10 6 12 8 11 12 10 10 7 12 9 12 7 7 12 11 
7 5 9 12 12 11 12 10 7 12 5 10 9 5 7 6 7 5 11 7 8 5 12 6 11 5 12 12 7 7 8 9 6 7 7 10 9 11 9 6 10 8 5 12 6 6 11 5 9 12 11 7 7 6 6 5 8 6 12 9 11 10 5 11 6 5 12 7 5 7 
8 10 9 9 5 5 11 12 12 5 9 10 6 9 8 8 6 6 12 9 7 9 11 6 11 11 8 5 7 9 7 8 11 12 12 8 6 5 9 9 9 6 7 7 11 6 5 9 5 11 7 6 7 12 9 5 11 7 12 9 7 9 7 5 9 12 10 12 7 6 
7 12 12 8 11 12 10 11 11 11 12 10 10 11 10 12 10 7 11 8 9 8 6 7 6 6 10 12 12 5 7 7 6 6 12 10 11 8 11 11 5 6 9 12 12 10 10 7 9 10 5 6 7 11 11 10 12 12 6 10 9 12 8 7 6 5 9 5 10 11 
6 5 9 8 6 9 7 10 6 7 11 8 7 9 8 9 6 12 8 5 5 8 10 8 9 7 6 12 12 10 6 5 11 8 7 11 10 8 8 12 6 10 11 9 11 9 9 10 7 11 11 11 7 12 6 9 10 7 7 8 11 7 7 7 10 5 8 7 12 11 
9 7 10 8 7 11 8 5 5 6 7 8 12 6 5 6 6 7 11 7 8 11 7 12 7 8 11 12 12 10 6 8 10 11 10 11 7 8 5 6 10 6 12 11 12 5 5 8 10 11 12 6 10 12 8 11 11 9 6 5 10 6 7 8 11 9 6 10 12 7 
12 12 8 9 7 11 11 8 8 9 9 12 5 6 12 11 7 10 6 8 12 7 11 10 7 11 10 7 6 12 6 9 12 7 8 7 8 10 8 7 7 8 12 11 6 5 7 9 10 11 5 7 11 12 6 7 6 9 10 7 10 10 12 5 5 7 10 9 8 6 
11 11 8 6 10 6 7 12 11 5 10 12 11 6 12 10 12 12 12 9 9 9 10 12 7 11 7 11 5 6 5 8 6 11 5 11 12 8 8 11 7 7 8 6 6 11 8 10 5 9 9 12 7 12 6 10 6 11 10 12 10 6 9 8 6 7 12 7 9 6 
9 9 11 8 11 8 6 8 5 12 8 6 5 10 6 8 7 11 10 6 6 10 8 10 10 6 6 8 7 9 10 10 11 8 8 7 10 12 12 5 5 8 5 12 8 11 11 5 11 8 11 11 12 5 8 9 10 10 12 5 5 10 7 11 12 6 6 12 7 8 
8 8 7 5 5 10 10 7 9 12 11 10 8 11 10 5 9 11 8 11 8 6 6 11 7 9 6 12 12 8 9 5 9 11 10 12 8 8 12 6 5 12 8 7 9 12 9 9 12 9 12 10 11 11 9 9 10 5 7 10 11 10 8 11 8 5 8 5 5 7 
12 7 10 5 8 7 8 8 10 11 9 10 5 7 12 5 8 7 9 6 9 8 11 10 12 10 12 7 8 8 5 6 11 11 6 8 5 12 10 7 11 9 7 6 5 10 5 11 10 12 12 12 10 5 11 8 5 9 6 8 10 5 8 6 10 10 9 12 6 12 
10 7 6 12 7 5 11 10 11 6 7 7 10 8 12 10 11 5 11 10 5 8 6 11 5 5 7 12 12 9 11 9 5 10 9 12 8 8 7 9 8 5 7 9 12 8 6 8 12 8 6 11 10 7 12 12 12 5 12 9 7 7 11 9 6 8 6 8 11 6 
9 5 12 8 11 10 10 7 8 5 6 10 6 5 5 6 12 6 6 5 8 8 9 7 8 12 11 7 11 10 7 8 10 7 7 7 9 10 11 10 10 9 8 9 11 8 5 12 6 10 11 6 11 10 11 8 9 12 12 9 10 8 5 5 8 7 8 11 10 9 
7 11 12 6 11 7 6 11 11 10 11 8 10 7 12 7 12 11 6 8 10 5 10 11 12 5 12 5 7 11 6 6 7 9 6 10 7 12 5 8 6 7 9 7 12 8 5 7 5 7 7 7 5 12 11 11 5 8 6 8 5 7 6 11 11 5 8 6 11 7 
9 5 7 11 9 9 8 10 5 10 6 12 12 10 12 5 5 7 8 7 7 9 10 8 8 6 10 5 10 10 7 8 11 11 5 6 12 12 7 11 12 7 6 10 6 9 8 8 8 9 12 9 5 9 5 5 6 8 5 12 12 6 12 7 9 10 9 9 8 9 
8 6 10 8 5 10 11 12 8 5 12 7 10 6 10 6 7 6 6 8 11 7 7 10 10 12 5 9 11 11 7 8 12 8 7 11 12 11 12 10 5 5 9 10 9 7 12 8 7 12 10 8 5 8 9 5 8 8 6 10 10 12 7 8 11 11 12 9 11 5 
10 12 7 7 7 10 10 11 5 9 6 6 9 6 11 6 11 9 7 11 11 11 6 12 10 11 12 6 7 9 9 9 11 11 5 12 7 7 12 10 12 7 11 12 11 11 12 9 6 12 6 11 6 5 9 12 7 7 8 9 9 5 7 6 9 5 7 10 7 8 
8 5 8 11 7 7 7 7 9 10 8 6 6 10 6 8 8 12 6 5 6 5 10 11 5 12 10 10 6 11 8 6 6 10 11 5 10 5 7 10 9 8 11 9 6 7 11 12 6 10 7 5 7 9 11 5 10 12 8 12 10 7 11 10 5 12 12 5 11 9 
10 12 12 11 6 12 7 11 5 8 9 8 9 7 10 5 10 9 6 5 9 9 10 12 6 9 6 8 11 11 10 8 8 12 12 12 8 6 9 5 12 6 9 5 6 10 8 10 9 7 10 7 7 11 7 12 11 6 8 8 8 6 9 12 9 11 7 9 11 8 
11 5 8 12 7 10 5 8 9 7 7 9 6 11 9 8 9 7 9 8 12 11 11 7 5 12 6 9 5 5 6 10 6 11 9 11 11 5 7 7 12 12 11 5 9 8 7 8 7 11 7 6 9 10 12 6 9 8 5 6 7 5 9 12 9 8 8 11 12 9 
10 8 9 10 7 5 12 6 9 5 9 10 7 9 8 11 12 11 11 9 7 10 5 11 12 5 5 11 11 11 10 11 7 10 10 8 10 7 6 5 7 6 8 11 8 9 8 8 9 6 11 6 12 12 6 6 7 7 9 12 11 5 7 5 6 7 12 6 12 12 
8 6 9 10 12 7 10 6 10 9 12 6 10 8 5 6 10 7 10 8 6 12 9 7 9 6 8 5 10 12 5 11 10 8 7 10 12 5 5 8 6 5 6 5 8 5 8 6 11 12 5 9 12 10 11 10 8 6 11 6 10 11 5 6 11 12 9 6 9 5 
9 6 11 12 5 9 12 7 7 5 6 7 8 10 10 6 11 6 5 6 9 8 12 10 12 11 11 9 8 6 10 7 6 10 10 6 11 11 7 6 8 10 6 8 12 10 8 9 7 10 7 5 8 11 9 10 10 11 11 7 10 9 8 12 12 10 10 11 6 10 
8 8 5 7 9 6 7 11 7 10 9 8 7 11 10 9 9 10 7 6 11 6 8 8 11 11 11 6 12 12 8 8 8 7 5 10 7 9 10 11 7 9 8 6 5 9 5 8 11 10 11 12 10 7 11 12 10 5 11 8 8 9 8 11 6 10 8 12 9 9 
6 11 7 7 11 5 8 6 11 10 8 10 7 12 9 9 9 11 5 8 5 7 12 8 5 5 11 10 5 5 7 7 9 11 8 11 12 5 9 10 11 5 7 11 9 8 8 12 12 5 5 6 7 10 11 11 9 12 7 6 6 5 8 10 5 11 10 5 10 6 
7 5 5 10 9 12 10 6 6 9 10 12 10 7 11 10 11 9 11 8 9 6 10 12 5 10 9 10 12 5 5 8 11 8 9 8 5 5 11 7 11 6 5 6 11 10 7 7 5 11 11 11 10 10 9 9 5 7 12 9 6 12 5 10 5 10 7 9 12 7 
11 11 8 6 12 5 9 6 5 9 8 8 9 11 9 11 11 5 9 10 8 9 9 9 10 5 12 12 7 11 5 9 9 9 5 6 7 7 12 6 11 7 5 8 5 10 7 8 9 8 8 11 12 8 5 5 5 9 8 5 9 7 10 11 7 11 9 8 6 12 
11 7 11 11 11 11 7 6 11 10 9 10 11 8 8 6 9 7 12 6 10 5 5 5 8 6 12 7 5 11 9 6 6 11 12 11 11 10 8 8 6 8 12 11 10 11 12 5 6 7 8 11 10 12 11 5 9 9 7 6 8 8 8 12 6 9 6 8 5 12 
6 7 7 10 10 10 12 11 8 11 12 5 9 10 7 11 12 7 5 12 10 8 11 6 11 5 11 10 9 10 8 10 10 5 8 8 12 8 10 9 12 9 9 10 8 9 10 9 6 10 11 7 12 5 5 5 10 10 12 5 12 8 12 10 5 8 6 11 8 6 
11 11 8 7 8 5 11 9 11 6 11 7 12 11 5 12 7 5 5 11 10 10 10 12 10 6 5 9 11 10 8 9 8 11 5 5 7 6 12 10 8 11 9 6 8 7 5 6 9 7 12 8 12 10 8 12 10 6 12 8 7 5 10 12 8 9 9 11 7 6 
10 12 12 7 10 7 6 12 12 12 10 10 8 8 11 11 7 9 11 8 8 5 9 5 8 6 12 12 5 8 7 12 12 6 5 10 12 10 6 8 11 12 11 6 7 12 7 7 7 11 6 6 11 7 10 8 9 6 12 12 10 6 8 8 12 9 12 5 9 6 
10 6 8 6 11 12 10 5 7 6 8 10 11 7 12 8 10 9 5 5 7 9 6 11 9 10 9 5 8 7 8 5 7 11 12 12 11 11 10 9 11 7 11 5 9 12 10 6 8 5 11 11 5 12 11 7 11 11 11 10 10 8 8 5 8 9 8 12 10 11 
5 8 12 10 6 6 8 12 7 10 12 6 5 8 7 12 7 12 5 10 10 8 9 9 11 6 10 7 10 7 9 5 5 12 10 7 10 11 9 7 10 12 7 11 10 11 5 9 12 9 8 8 6 7 6 8 8 10 8 5 11 5 8 8 9 11 12 7 8 5 
12 6 11 11 9 5 10 6 6 11 9 5 12 12 7 6 8 8 7 8 8 12 12 6 6 12 9 7 11 9 6 11 8 7 10 9 9 11 5 7 11 11 5 9 8 6 5 6 8 6 8 7 10 11 12 10 12 10 12 6 7 5 6 7 6 5 7 12 8 5 
12 7 12 9 10 5 5 6 8 7 6 12 11 8 7 10 10 8 9 9 12 8 7 11 7 7 5 5 10 5 5 11 5 6 8 11 7 9 10 5 8 9 9 9 9 11 7 9 8 9 6 9 8 7 11 12 9 5 6 9 11 12 9 6 9 12 7 11 12 12 
8 10 5 12 10 5 8 8 9 9 5 5 10 10 8 10 12 8 11 7 9 8 11 8 12 5 8 8 10 8 9 8 6 6 8 7 8 9 9 6 6 10 9 12 6 5 12 8 10 5 7 5 5 10 8 11 5 8 11 11 9 10 6 11 5 7 7 11 12 12 
5 7 5 10 12 6 9 9 12 10 12 5 12 9 10 8 11 11 12 8 8 5 11 10 11 6 12 7 12 8 5 6 10 9 7 11 6 11 12 7 9 8 11 7 10 10 9 9 5 9 11 12 9 6 9 7 9 9 5 6 5 6 12 8 9 5 12 12 7 10 
7 5 9 10 6 12 9 7 10 5 12 5 7 12 12 6 11 10 6 11 5 10 12 5 9 9 11 11 11 6 7 12 9 5 5 7 6 10 10 9 12 5 10 7 11 9 11 5 7 9 11 6 6 5 7 12 11 9 7 11 12 7 6 9 11 7 6 8 11 11 
11 8 8 8 6 7 12 10 5 10 8 7 9 8 8 6 8 12 10 9 12 12 8 9 12 9 12 10 10 6 12 7 5 11 6 6 7 12 5 7 10 6 12 9 6 10 10 6 6 6 7 8 12 7 7 12 10 11 5 6 11 7 9 5 8 12 5 8 7 7 
12 9 10 9 12 9 12 12 5 12 9 8 10 6 6 12 8 6 6 9 5 11 7 11 11 5 5 9 5 5 5 8 9 6 12 11 7 5 9 6 9 8 9 10 11 12 10 11 12 9 10 9 5 9 8 12 10 7 10 11 7 5 9 7 5 9 10 11 6 8 
7 7 5 11 6 6 8 9 8 12 10 5 12 12 5 9 12 8 5 12 9 10 11 8 11 11 8 7 11 11 8 7 5 8 9 11 8 10 12 5 8 6 11 8 6 10 12 11 5 9 5 11 8 6 8 7 11 6 9 10 8 9 6 12 11 10 6 10 7 7 
5 8 10 11 7 12 6 10 10 5 10 5 10 12 9 7 7 9 9 6 9 9 7 6 7 6 8 11 12 8 11 5 11 11 6 9 5 9 6 6 9 9 11 12 11 8 11 12 7 7 5 12 8 12 9 10 12 6 6 11 10 12 12 12 8 5 12 9 6 5 
5 12 6 6 8 8 8 5 5 6 9 7 7 8 12 12 6 12 5 11 12 12 9 6 11 12 9 7 12 11 9 10 10 5 12 5 9 8 10 6 9 5 5 12 8 10 8 8 7 6 9 5 10 12 9 6 6 12 9 7 7 6 7 7 7 9 9 5 6 11 
9 8 6 9 10 11 6 9 10 9 10 6 8 12 8 12 8 5 6 5 5 7 11 12 7 5 11 7 5 6 7 10 12 5 12 10 8 6 10 7 11 5 8 5 12 9 7 12 9 10 12 7 8 7 9 11 10 11 6 9 9 8 12 5 12 12 11 7 9 12 
5 10 10 6 10 11 11 11 5 12 10 5 6 10 8 5 10 12 7 9 8 5 5 12 6 12 8 6 11 9 10 5 5 11 7 12 7 8 5 11 11 12 12 7 6 6 5 11 12 7 7 7 9 12 8 9 11 6 9 9 12 8 6 10 12 9 12 5 6 11 
11 7 10 11 6 7 11 10 8 9 9 11 10 6 10 6 11 7 12 12 7 8 7 12 10 10 9 6 7 11 9 6 12 9 8 11 9 5 5 8 9 5 8 10 7 5 9 11 5 7 10 7 9 8 10 5 9 5 11 8 8 5 7 7 9 9 6 10 12 10 
11 6 7 9 8 10 7 5 7 11 7 8 11 5 7 11 6 11 9 11 12 8 8 12 8 7 10 5 5 8 8 12 7 5 11 12 11 12 9 12 5 5 8 10 9 6 10 8 12 5 10 5 11 6 7 7 11 6 6 7 12 7 12 6 8 12 12 7 8 8 
6 12 9 10 9 6 10 12 10 7 10 12 5 10 8 10 12 6 10 11 6 7 10 6 9 5 6 5 11 9 7 6 5 5 5 10 10 11 8 5 6 9 9 8 10 11 11 12 7 9 12 8 9 11 9 12 7 11 9 6 7 10 8 5 7 5 7 5 10 9 
10 11 7 5 10 9 8 7 12 11 10 9 10 11 8 5 8 10 5 7 9 8 10 10 11 7 12 6 9 11 9 9 8 12 5 11 12 6 8 6 11 8 10 5 10 5 10 12 7 8 12 9 6 11 9 10 8 10 11 8 9 11 9 10 10 8 7 12 6 9 
9 8 8 11 10 6 5 6 8 9 6 6 11 10 9 7 6 9 7 7 12 9 9 6 7 12 7 9 5 6 10 8 12 6 11 12 8 11 11 5 10 11 12 11 11 9 8 12 9 8 9 5 9 11 8 12 6 7 10 6 8 12 7 12 9 7 5 11 12 12 
5 12 7 10 12 9 11 7 12 9 9 5 12 6 7 5 6 5 12 12 8 6 8 11 5 5 7 12 12 7 7 9 9 9 8 6 11 6 12 10 6 7 7 11 9 8 9 8 11 9 9 10 10 10 12 5 12 10 6 11 9 10 9 11 8 5 12 8 10 11 
5 12 12 6 10 7 9 5 5 11 7 7 6 10 8 10 5 9 12 5 8 6 5 10 9 9 11 8 12 7 9 8 7 5 8 6 11 11 10 11 11 6 10 9 11 10 10 6 10 8 5 12 10 5 6 8 8 11 9 10 7 12 8 12 10 11 8 7 10 6 
6 10 12 9 12 5 7 12 8 5 12 9 7 8 7 6 6 12 5 10 9 10 6 5 8 9 5 8 6 8 6 8 11 12 8 5 5 12 10 8 11 8 11 12 10 9 12 11 12 5 9 12 5 10 9 12 7 5 9 12 9 11 8 9 11 8 6 9 5 5 
6 12 9 8 6 9 7 7 12 11 7 12 11 12 12 8 7 9 7 9 5 5 9 6 7 10 5 5 6 5 5 10 9 10 12 11 5 9 12 9 5 7 9 10 12 7 6 5 8 10 6 5 10 5 5 10 11 11 9 12 10 10 11 9 11 10 10 9 9 11 
10 9 7 6 9 5 12 7 10 9 5 9 6 9 8 11 7 7 6 10 7 5 8 7 9 11 5 10 5 12 10 7 10 5 12 8 7 5 10 11 10 11 6 6 5 12 6 8 6 12 6 9 7 7 8 12 5 8 6 12 12 10 7 6 10 6 9 6 11 12 
7 12 6 5 11 7 5 7 12 10 10 10 11 7 8 12 11 10 9 8 8 8 7 5 9 7 12 11 8 6 5 8 10 9 12 5 10 6 5 11 11 12 12 10 6 5 5 10 8 8 11 11 8 12 5 11 8 10 6 6 9 11 5 11 12 10 5 12 6 10 
5 6 11 11 10 10 7 9 11 10 8 6 5 8 8 10 8 12 11 8 10 5 12 10 11 11 12 7 9 10 5 12 5 8 11 9 5 10 5 6 11 12 11 5 6 9 8 9 7 10 10 8 7 10 7 5 7 9 11 9 8 6 7 11 5 11 12 5 5 12 
9 9 5 8 8 12 6 12 7 10 10 12 6 10 5 11 5 11 9 12 8 7 11 10 5 7 5 5 5 7 11 6 10 12 9 6 8 11 12 10 6 11 9 9 7 6 12 8 12 12 10 6 12 9 8 12 7 8 5 7 7 8 5 10 9 6 8 5 10 11 
10 10 5 7 12 10 12 5 12 11 5 9 8 5 7 8 8 5 12 7 5 9 10 7 5 6 5 7 8 6 7 10 7 6 11 11 12 7 6 6 5 10 7 9 5 10 8 11 12 5 5 11 5 11 5 12 9 10 7 8 11 9 7 11 11 12 8 9 7 8 
12 10 7 7 10 12 7 5 8 10 11 12 10 5 5 5 9 8 11 8 6 8 7 6 9 11 7 5 6 8 6 12 7 8 10 8 8 11 8 6 6 6 12 9 10 11 6 6 5 10 9 7 11 7 6 5 5 12 9 9 10 8 10 12 7 8 6 6 7 5 
6 12 11 6 9 6 5 7 6 8 10 10 5 6 6 6 7 5 12 5 10 8 7 10 9 9 11 10 11 8 7 10 11 9 7 10 9 9 12 9 7 9 7 9 6 6 6 12 9 8 6 6 10 9 10 5 5 9 11 7 10 8 9 11 6 11 8 11 12 11 
7 7 7 10 5 6 12 7 12 9 6 12 10 8 10 6 6 9 12 12 8 6 9 12 5 7 7 11 9 7 10 11 5 11 8 10 11 9 7 9 7 5 5 10 9 10 8 5 9 7 8 12 10 7 10 5 10 6 6 9 8 9 11 11 7 5 9 11 10 10 
7 11 8 9 6 9 11 12 6 7 11 6 7 7 8 11 11 11 8 8 11 12 6 6 7 9 12 11 9 11 10 10 12 7 7 12 9 11 7 7 10 12 5 6 11 7 11 9 6 6 9 6 6 6 10 8 6 7 5 7 10 11 10 8 6 11 11 7 6 6 
5 10 6 11 7 8 11 10 11 9 9 6 10 7 7 5 5 6 8 11 9 8 11 11 11 5 5 8 12 9 5 11 6 5 9 6 8 10 7 8 7 12 6 10 6 12 6 10 6 8 5 5 9 7 12 11 12 7 9 5 11 10 6 10 10 9 10 11 9 7 
7 11 7 9 12 11 11 12 11 5 6 7 5 7 5 11 5 10 6 8 11 12 8 10 10 11 8 5 11 11 9 12 11 10 12 8 11 9 9 7 6 5 5 10 9 8 12 12 6 10 8 8 9 11 10 10 7 6 9 9 11 6 9 11 11 12 6 9 10 12 
9 5 8 12 10 10 7 7 7 10 7 9 11 6 12 12 10 9 6 10 12 5 10 12 9 11 7 10 12 5 11 12 11 7 7 8 5 5 9 5 5 6 8 8 6 10 5 5 8 7 8 8 10 10 8 12 8 12 7 12 7 11 5 8 6 12 5 10 7 5 
5 10 7 7 9 7 10 12 10 7 11 5 11 8 10 7 5 7 6 7 12 10 6 12 9 9 11 12 8 10 8 10 5 6 12 6 11 5 7 12 5 9 11 10 9 10 5 5 9 5 12 11 12 11 10 7 5 7 9 8 10 8 7 10 7 8 5 9 12 12 
12 11 5 5 9 6 8 6 11 11 12 6 10 9 8 8 11 12 10 10 9 7 9 12 5 7 5 9 9 10 5 10 10 9 9 9 5 10 10 11 11 9 7 10 7 7 9 10 8 11 8 10 10 9 7 5 10 8 6 10 9 9 7 8 8 12 11 6 6 5 
6 10 6 7 8 9 12 7 5 7 9 5 7 6 5 6 11 12 5 6 10 9 5 12 8 6 7 6 10 12 5 7 12 11 11 6 8 10 9 9 6 7 7 9 8 8 10 7 5 9 6 8 9 6 12 5 10 12 7 6 6 11 9 9 11 6 11 5 8 6 
5 11 10 12 10 7 9 6 8 12 5 12 6 6 11 11 7 12 12 9 7 5 7 10 11 9 5 11 5 12 6 5 8 7 11 12 9 8 12 9 7 11 11 5 5 8 8 6 5 7 5 7 7 10 5 11 10 10 9 10 10 12 12 7 11 12 8 9 5 11 
7 9 9 6 7 11 10 7 8 9 7 8 7 12 8 5 8 12 7 9 7 10 10 12 8 12 6 11 9 9 6 8 12 5 11 12 9 7 6 10 11 10 5 6 9 9 10 6 8 6 10 8 8 12 12 12 12 11 8 11 6 12 11 8 10 7 8 5 9 9 
8 10 9 9 6 10 11 5 12 6 6 9 10 6 10 8 9 5 7 5 10 12 6 12 12 10 9 5 6 10 7 9 9 5 10 8 10 11 5 10 7 12 8 12 8 11 6 6 8 5 9 10 11 7 12 8 10 6 8 8 5 10 11 7 9 6 7 5 10 9 
7 6 10 8 7 9 11 8 12 5 10 7 10 10 12 10 5 7 5 12 9 8 6 6 6 10 7 10 6 10 6 12 9 10 6 11 12 6 12 12 5 7 6 8 9 5 5 7 10 10 12 5 11 12 9 12 6 12 11 11 9 5 5 5 11 6 11 12 5 12 
10 7 7 10 5 10 8 10 5 6 11 9 8 8 6 6 5 6 5 11 7 8 6 7 8 11 6 10 8 11 12 11 6 10 12 7 6 12 7 11 12 6 8 12 8 6 10 12 11 12 9 8 8 9 7 7 6 6 8 6 6 9 7 10 8 12 10 6 10 7 
12 6 11 7 9 10 5 6 7 7 10 12 12 10 9 6 10 7 8 7 10 9 12 5 8 11 7 5 11 6 9 9 8 12 10 9 7 12 7 8 6 7 11 8 12 11 8 8 9 5 6 5 5 5 10 7 6 12 11 6 5 9 10 12 11 5 8 5 8 11 
5 12 5 12 5 8 11 9 5 7 11 10 7 9 7 8 10 8 8 6 6 6 10 5 6 8 5 8 6 10 6 5 7 11 5 5 9 10 8 5 9 9 8 6 11 9 10 11 10 7 8 9 5 5 9 11 12 12 7 6 12 8 7 10 6 12 7 11 7 8 
11 7 11 8 8 9 12 7 12 5 10 12 5 5 11 12 10 11 5 8 7 8 8 8 5 12 10 7 9 7 6 9 12 7 5 11 11 11 7 10 7 8 11 7 7 9 5 10 5 5 8 12 7 12 5 9 7 9 10 5 5 7 6 6 10 5 12 11 9 11 
7 11 10 10 5 9 6 7 6 7 10 8 6 9 5 10 9 11 12 11 7 5 9 11 9 6 8 8 11 7 10 10 9 9 12 12 7 9 10 5 12 11 9 6 7 6 11 12 5 6 6 8 9 7 7 5 5 9 11 9 7 7 6 8 8 12 7 6 9 8 
12 12 7 7 10 5 10 11 8 8 8 11 12 8 7 12 6 11 10 7 12 8 11 11 5 5 10 5 10 8 5 5 10 12 9 10 5 6 7 8 11 8 11 9 6 5 9 11 5 6 9 9 11 5 5 12 7 9 7 11 5 9 9 8 5 12 7 5 10 8 
7 6 6 10 5 9 12 6 8 12 6 6 9 6 8 8 5 9 5 11 9 6 8 11 5 9 5 6 12 6 10 5 10 12 8 7 7 10 6 10 12 8 8 11 11 6 12 8 12 10 5 5 5 6 11 12 10 9 11 8 5 7 11 11 8 11 9 6 8 12 
12 10 12 5 11 5 7 10 5 7 10 8 9 5 5 12 6 5 7 7 5 11 5 8 6 12 7 10 9 9 9 7 7 6 9 6 7 11 12 9 12 11 6 10 7 12 9 7 10 6 5 11 5 7 10 7 12 6 10 9 8 6 10 12 5 6 10 8 12 7 
11 11 10 5 9 8 9 9 9 7 5 6 12 6 10 12 12 6 12 9 7 8 6 6 10 10 7 9 8 5 10 7 11 9 6 5 10 11 5 6 12 5 8 7 11 7 11 9 12 5 5 7 7 8 11 9 10 10 6 8 10 12 9 12 5 10 7 10 10 10 
5 9 10 8 12 7 11 6 10 7 10 10 9 7 9 8 8 7 9 10 8 12 10 5 10 5 8 6 7 5 8 5 8 11 12 9 7 7 11 11 6 6 5 7 7 8 5 9 11 7 8 12 6 11 5 9 11 12 5 6 5 7 5 5 6 12 10 6 11 7 
12 7 7 6 6 11 6 11 5 9 5 11 6 7 9 5 5 7 5 7 12 9 9 6 9 8 7 12 11 9 6 7 6 9 5 7 12 7 8 8 6 10 7 9 12 12 8 12 10 7 9 7 12 7 10 10 11 9 11 11 8 9 10 6 8 10 8 9 8 10 
12 7 11 12 7 10 10 10 10 6 11 10 5 12 6 8 10 5 11 5 10 8 8 7 6 6 10 9 8 11 10 12 10 7 10 5 7 6 7 9 9 5 9 7 11 6 9 5 8 5 11 6 12 12 12 10 10 5 5 6 5 6 9 5 10 9 11 7 5 12 
12 10 12 7 12 6 10 12 6 5 5 12 9 11 9 7 11 10 5 12 9 9 7 10 5 6 12 5 7 10 11 6 8 12 11 12 10 8 9 8 12 9 7 8 5 12 9 9 6 8 9 10 5 11 6 7 7 6 9 11 6 12 8 10 12 7 6 6 6 12 
10 8 12 8 7 10 8 10 12 10 5 10 5 9 10 11 10 12 7 6 7 11 7 7 12 9 7 11 5 12 6 10 12 5 5 10 5 9 9 12 11 9 7 11 9 7 7 10 12 11 12 12 7 5 11 10 7 11 10 9 8 5 11 11 7 7 8 7 9 7 
9 11 12 8 5 8 5 5 5 6 10 10 7 10 9 8 9 6 9 8 12 8 7 10 12 5 11 6 5 8 12 10 8 5 9 5 6 11 10 11 12 9 6 10 7 8 6 5 10 10 10 7 6 9 10 11 10 11 8 9 11 12 12 11 5 12 8 9 11 11 
6 9 11 11 6 11 5 5 12 12 6 6 10 10 8 11 9 8 12 10 6 9 11 11 11 10 9 7 11 11 11 8 10 7 10 10 12 5 9 9 5 5 12 10 9 7 9 6 5 8 11 12 5 6 12 6 7 7 11 7 8 5 7 11 7 12 11 8 7 7 
10 12 8 8 12 7 7 7 10 10 12 12 6 8 5 8 7 12 10 9 12 11 9 5 6 11 11 10 11 12 6 10 9 6 12 12 7 12 12 9 10 8 8 5 7 6 7 7 11 5 11 10 11 11 5 12 9 8 7 7 5 7 11 7 5 8 11 11 5 10 
8 7 10 7 7 9 11 7 9 10 9 10 10 8 9 8 12 10 8 11 12 12 7 8 5 11 6 10 12 11 5 7 12 7 9 7 11 8 12 10 12 11 9 9 6 12 6 9 6 7 10 11 9 8 9 7 12 9 6 10 7 5 8 5 6 10 8 9 10 12 
10 7 9 8 10 5 9 6 9 6 11 11 8 8 5 5 12 5 8 8 11 10 12 8 6 12 8 8 7 11 6 11 12 7 6 10 5 11 10 5 11 7 11 5 9 11 10 9 8 8 9 7 5 9 11 6 6 10 8 9 5 8 6 7 11 9 5 9 9 5 
9 11 11 5 6 6 6 11 7 5 12 10 7 7 5 8 12 5 8 9 8 5 10 5 10 6 6 5 12 12 7 10 6 6 10 7 12 6 7 8 12 9 8 11 10 8 11 5 7 6 5 8 7 11 8 12 10 8 6 12 5 12 6 11 10 7 7 6 5 5 
11 11 9 5 6 10 10 10 6 11 12 9 5 8 12 12 12 12 5 7 11 5 7 10 7 6 11 6 11 8 9 11 10 10 5 8 11 7 8 5 7 7 11 6 7 8 9 9 9 6 5 10 12 8 10 12 9 5 10 11 6 7 9 7 5 8 11 12 10 10 
10 8 5 11 12 5 12 8 5 7 5 9 10 8 10 6 6 11 5 8 7 5 7 11 11 10 12 10 8 7 9 12 9 12 9 6 8 5 11 9 8 9 8 5 10 10 12 6 11 6 11 5 11 5 6 11 9 12 6 10 5 10 8 12 6 9 10 8 5 7 
5 9 10 6 11 10 6 8 11 8 9 7 10 6 12 11 12 7 9 5 12 7 10 5 8 10 8 7 9 10 5 11 9 11 11 5 6 9 6 10 6 12 8 12 11 11 12 7 9 7 5 5 5 9 7 7 9 7 6 6 5 11 6 9 8 12 11 7 8 9 
10 7 6 11 8 6 5 10 9 9 12 11 11 12 10 9 5 10 10 10 10 5 7 11 10 9 10 6 10 12 10 10 11 9 10 12 9 5 9 5 5 9 6 12 5 9 11 6 10 12 12 11 11 6 7 11 8 10 6 8 9 12 11 5 7 6 11 7 11 9 
7 12 7 6 7 10 10 5 7 8 8 6 6 11 8 7 12 10 7 5 5 10 6 6 12 9 8 7 9 5 7 9 5 5 7 9 6 11 10 8 6 8 5 8 9 8 11 9 7 8 9 10 6 5 10 12 12 6 12 11 11 5 11 6 6 10 12 10 11 9 
5 10 10 5 11 10 5 5 11 11 7 5 5 9 10 8 6 12 12 5 5 12 10 8 8 8 8 10 8 9 7 11 11 10 8 7 8 11 9 7 8 7 5 10 11 10 8 11 8 7 12 5 10 8 5 12 7 7 12 6 10 6 10 10 12 10 11 7 6 5 
5 8 10 11 9 6 11 5 9 7 10 5 11 6 10 9 5 11 7 11 9 5 10 8 11 12 8 8 9 12 12 6 10 7 9 8 10 10 5 9 5 11 11 5 9 9 7 5 9 12 7 12 8 7 8 8 11 12 7 5 10 6 10 7 8 12 5 6 8 5 
9 7 11 7 10 9 7 5 8 5 10 8 9 9 8 12 12 6 9 7 9 9 7 6 8 7 6 8 7 5 12 7 7 7 11 12 9 7 5 10 5 8 8 6 12 11 10 5 7 10 6 7 6 12 7 10 6 8 5 10 5 5 6 8 8 9 7 9 7 8 
11 8 6 8 10 6 8 10 6 9 7 12 10 11 7 5 12 5 12 8 12 11 8 5 5 9 10 12 12 6 12 12 7 8 11 11 9 9 12 6 11 8 5 11 12 11 10 5 11 12 10 8 12 9 9 6 10 9 6 10 5 11 8 10 12 9 12 10 12 6 
10 7 9 11 10 9 12 8 9 12 7 9 8 8 5 6 6 8 5 8 5 9 8 9 11 12 8 12 10 5 12 5 9 12 9 9 12 12 12 9 10 10 5 11 6 8 6 10 9 11 5 7 5 10 5 7 5 8 12 7 11 12 8 6 9 6 11 10 5 5 
9 6 7 7 8 10 12 8 7 11 8 7 10 5 8 5 5 6 6 7 7 12 8 6 9 10 11 6 6 7 11 11 6 8 7 11 6 7 11 7 10 11 5 11 5 10 12 9 8 5 6 9 9 11 10 5 6 8 5 9 11 7 8 8 8 6 9 5 7 9 
9 7 12 10 7 9 6 7 11 8 5 12 5 6 12 11 7 7 8 9 8 10 10 10 11 10 10 8 7 6 12 8 8 6 8 6 6 7 12 11 12 8 5 11 12 6 6 12 8 5 7 11 12 8 10 9 11 10 10 6 8 6 5 5 6 5 12 9 9 6 
8 6 7 10 7 11 9 8 7 6 6 6 10 8 10 10 11 11 10 8 8 9 12 5 9 7 5 11 8 10 10 5 9 8 11 6 12 11 5 5 8 9 8 12 10 8 8 9 6 8 7 12 6 9 11 10 9 6 12 10 5 10 8 6 8 10 10 12 11 11 
9 5 8 6 5 5 6 9 8 5 11 9 10 6 9 12 5 7 12 11 10 8 11 7 11 7 12 12 11 11 5 12 11 8 8 5 7 11 7 5 8 6 9 12 11 5 11 12 10 10 11 5 9 6 9 12 12 9 6 12 6 5 9 5 5 6 8 12 5 12 
12 12 10 11 9 11 10 10 12 8 10 12 5 12 8 12 7 6 9 12 6 12 12 8 9 6 6 6 7 5 7 9 6 12 5 6 10 6 7 6 12 8 5 5 11 8 7 10 7 7 11 8 11 11 11 5 10 8 6 9 6 7 5 9 5 7 8 5 5 12 
11 6 9 5 12 12 5 10 6 7 6 6 10 5 6 9 12 11 6 10 12 7 12 11 7 6 8 12 5 9 10 5 12 5 6 6 5 11 10 9 5 5 7 11 7 10 6 7 7 12 5 12 10 8 10 8 5 6 8 12 11 10 8 9 11 10 9 11 9 8 
11 6 12 10 8 7 8 8 12 12 5 6 6 6 7 12 8 6 7 10 12 6 10 7 7 9 9 12 11 5 9 12 7 8 11 7 9 9 7 8 7 8 12 11 10 9 11 10 5 5 5 10 5 10 10 10 8 12 12 12 11 11 11 7 7 7 10 12 11 9 
10 7 8 12 6 9 9 12 6 12 9 6 7 6 10 8 11 9 11 10 6 10 10 5 9 9 10 11 10 8 6 8 11 8 7 7 9 8 10 8 8 8 6 8 6 5 12 9 5 5 7 12 5 6 7 12 10 9 9 5 9 5 9 5 8 10 11 9 7 10 
5 11 10 7 9 11 8 9 10 12 9 6 5 9 11 7 11 7 5 9 11 12 8 9 5 8 11 12 12 11 6 6 12 8 10 8 5 8 7 8 5 10 5 12 5 9 7 6 5 6 12 7 10 8 8 5 9 10 11 7 12 12 8 11 12 12 9 5 7 6 
9 11 5 9 10 6 6 5 8 12 6 10 6 12 11 10 7 9 6 10 8 11 8 12 12 10 8 9 7 12 10 5 8 9 9 11 9 6 8 11 8 7 6 10 11 8 8 9 7 5 11 8 10 8 11 12 10 11 5 6 5 7 12 6 10 12 10 8 8 10 
12 6 6 7 12 6 11 10 9 5 7 8 9 12 9 5 10 11 10 6 6 11 9 12 5 8 9 10 7 6 9 11 10 11 10 6 8 6 6 12 5 7 6 12 8 7 5 11 8 9 12 10 9 9 5 11 6 11 12 5 9 7 10 8 9 12 12 10 12 11 
12 12 5 6 6 7 7 8 6 11 11 6 8 8 6 7 8 6 7 8 11 11 7 11 5 11 10 8 12 5 5 12 5 11 9 10 6 10 7 8 12 11 11 11 6 9 6 5 9 11 7 6 6 5 10 8 9 10 12 8 10 5 6 10 9 9 8 11 6 12 
7 5 7 11 10 7 6 10 9 11 10 12 7 5 12 10 10 8 5 7 8 10 7 11 5 11 9 5 10 10 6 7 8 9 8 5 5 11 8 6 6 10 10 7 6 5 7 12 6 10 11 8 6 8 9 6 10 9 11 9 8 6 6 9 9 12 5 7 7 5 
5 12 6 10 9 5 5 7 7 9 7 7 10 5 5 10 9 8 6 12 8 11 10 8 6 12 11 5 7 11 5 7 11 11 8 9 7 5 12 10 10 10 12 6 10 8 5 7 8 7 9 10 9 12 7 7 6 6 6 12 7 7 10 9 12 12 5 9 12 9 
10 7 9 7 6 7 11 7 8 7 12 12 10 5 12 12 8 11 7 7 9 9 11 12 12 9 6 7 5 9 8 7 7 12 12 8 12 10 5 12 11 10 7 7 10 5 11 11 12 12 7 9 12 12 5 9 11 9 11 12 7 10 11 8 12 11 11 12 7 8 
8 5 9 9 7 8 8 8 5 8 12 11 7 10 9 6 12 8 8 9 9 11 11 10 5 12 9 12 7 5 6 8 12 11 7 10 6 6 5 8 9 5 8 7 8 12 5 7 7 7 11 7 10 11 10 11 6 11 5 5 6 9 10 11 10 5 8 8 10 11 
8 5 9 8 7 8 8 5 11 5 8 7 11 5 5 6 12 5 7 12 9 8 10 9 11 7 8 5 10 8 5 5 10 5 12 10 9 7 9 6 9 10 6 8 9 10 9 10 8 6 6 9 5 5 9 12 8 6 7 9 5 12 6 5 11 10 10 11 8 11 
9 6 7 5 9 10 12 7 8 8 7 9 12 8 8 10 5 12 10 8 8 10 10 11 5 11 10 11 11 10 9 12 10 7 6 7 9 12 5 11 9 7 8 11 10 10 10 9 5 7 8 11 9 8 9 6 10 6 8 9 7 8 7 11 11 7 6 7 6 8 
12 6 12 9 12 5 7 7 12 10 8 7 11 9 12 11 9 12 5 8 12 10 6 6 8 7 11 7 6 5 8 12 8 8 9 12 11 8 10 6 6 11 8 10 10 10 8 11 11 5 6 7 7 9 8 10 12 8 12 7 6 9 7 9 9 10 8 9 12 12 
5 9 7 6 12 9 6 12 12 7 6 9 5 12 8 11 5 5 12 6 5 7 8 12 12 7 8 11 10 8 8 7 7 6 8 10 12 11 7 9 10 8 11 9 10 7 8 10 6 6 8 10 6 6 9 5 5 5 5 12 5 9 6 11 7 6 8 8 8 10 
12 8 9 6 10 12 6 8 6 5 9 7 7 11 7 6 12 12 11 5 7 11 10 12 7 7 7 9 8 6 8 12 6 10 9 9 10 11 7 6 11 12 7 6 9 10 8 5 7 10 7 5 7 10 10 8 10 12 6 7 8 7 12 10 12 6 10 9 11 12 
6 10 7 8 9 12 8 6 9 12 10 6 7 6 12 9 11 6 8 9 12 7 7 8 5 12 7 12 12 5 7 9 12 12 9 8 5 9 9 7 11 11 6 8 5 8 7 7 6 6 8 6 9 10 5 11 9 10 6 12 7 6 11 10 7 12 10 12 5 5 
7 5 12 9 11 9 7 10 8 11 12 8 11 11 5 9 11 7 9 11 10 7 11 12 10 5 9 10 9 5 8 7 8 9 5 8 8 8 7 6 6 8 12 12 9 9 9 9 9 12 6 9 10 12 8 7 10 12 9 6 7 10 5 8 12 10 7 6 6 5 
12 10 10 11 5 9 9 7 11 5 6 11 6 10 7 12 6 7 11 6 6 7 12 11 6 9 12 8 8 12 12 9 5 7 11 6 9 8 12 6 12 12 11 11 10 7 9 5 6 12 6 12 10 6 7 8 10 8 8 12 10 10 11 11 12 5 9 9 7 9 
9 12 5 5 7 12 11 7 7 9 6 5 10 5 12 11 8 10 9 5 7 5 11 8 10 11 8 12 6 10 7 12 9 11 12 9 11 7 8 12 10 8 8 11 9 9 12 6 8 8 11 10 10 11 5 5 10 9 9 11 8 11 9 9 11 11 10 8 7 11 
8 12 9 8 10 6 8 9 10 7 7 11 8 5 8 7 7 11 11 6 7 12 7 11 5 8 8 10 8 10 10 8 5 9 5 11 6 6 9 11 6 5 12 10 8 8 10 8 9 8 12 9 10 5 12 11 11 8 8 10 5 7 5 7 6 9 5 9 10 10 
12 10 8 9 8 5 11 9 7 6 10 5 6 11 11 7 7 9 11 10 10 11 8 6 7 6 11 5 10 8 8 12 9 11 8 11 10 12 9 8 8 9 12 9 8 11 8 10 7 7 5 6 6 11 11 8 9 8 12 12 12 10 7 10 6 8 6 11 11 8 
11 7 5 10 6 6 11 9 10 5 5 5 9 12 6 12 5 5 10 10 9 8 10 6 7 5 6 8 11 9 11 8 7 5 5 8 8 10 6 5 9 10 8 10 8 11 7 5 6 5 11 6 10 7 5 5 8 5 7 11 5 12 9 12 6 9 9 12 10 7 
10 8 6 7 9 6 8 5 12 7 6 8 11 11 7 10 12 6 10 9 10 10 5 6 5 5 9 12 8 5 5 11 7 9 7 5 7 9 10 8 11 9 5 6 11 9 8 9 8 9 5 11 6 12 12 5 8 10 6 6 11 11 7 6 12 8 6 12 11 12 
7 5 12 11 11 6 11 9 5 12 8 6 9 9 11 9 8 10 10 11 7 7 9 6 9 10 9 6 10 11 12 6 5 12 8 5 8 9 10 10 7 10 5 6 6 12 11 10 11 12 10 9 11 6 11 7 11 5 8 10 10 12 11 7 6 12 7 8 12 7 
9 5 12 5 6 8 12 12 12 6 12 5 9 11 9 12 9 5 6 9 6 12 8 5 8 8 9 7 8 11 7 8 7 8 6 11 12 5 11 9 6 5 10 11 7 9 11 10 10 8 8 12 6 12 11 7 10 7 5 11 11 6 10 11 5 5 11 5 7 12 
12 10 10 8 7 7 11 12 8 5 6 9 11 7 5 11 11 10 10 7 12 9 10 10 11 10 10 12 5 10 6 5 5 8 8 6 10 9 5 11 8 8 6 7 6 9 6 8 8 6 7 5 5 9 11 6 12 11 7 11 10 12 10 8 7 12 7 7 11 9 
6 6 11 10 10 10 8 12 7 12 10 11 10 11 8 11 6 10 11 7 12 12 12 9 10 6 11 12 7 11 10 7 6 5 9 10 9 11 11 6 8 6 9 8 11 8 5 6 12 7 10 6 8 6 10 11 7 6 8 8 10 11 7 10 12 9 10 9 12 9 
6 8 11 6 5 6 9 5 12 12 12 12 7 7 12 10 12 8 8 8 5 10 5 6 10 11 9 9 6 7 11 12 9 10 5 12 6 5 12 9 5 11 7 9 12 12 7 7 10 9 6 12 12 8 11 5 11 11 12 6 5 12 5 12 11 12 9 9 12 5 
5 12 8 12 5 7 8 11 10 5 11 5 9 11 12 11 10 6 10 7 6 6 8 8 10 10 6 5 12 12 7 5 12 6 6 7 5 5 10 5 12 5 9 6 8 5 12 11 10 12 8 10 7 11 5 10 11 5 10 7 9 6 8 7 8 8 5 11 8 11 
12 10 6 5 12 10 12 8 6 8 12 12 11 11 6 5 5 12 8 6 5 8 6 5 5 9 10 9 6 9 5 10 5 9 7 7 10 10 12 6 9 10 8 8 12 9 12 10 9 12 8 12 8 9 11 11 8 12 10 9 10 10 5 8 5 12 8 11 12 6 
9 6 5 8 5 7 12 5 8 12 7 11 12 7 11 10 9 8 7 8 7 9 7 12 8 8 12 9 9 8 10 6 10 9 10 12 12 9 9 7 10 11 9 8 11 7 6 10 8 10 12 5 9 8 7 8 5 7 10 9 9 6 12 9 8 5 9 12 12 7 
5 7 12 5 6 5 6 5 10 11 7 11 6 10 9 6 8 5 12 7 8 12 9 5 11 9 10 12 8 9 6 8 7 12 12 12 5 8 5 8 5 11 7 10 12 8 7 12 12 5 6 7 12 10 8 6 5 12 9 6 8 10 9 12 6 8 10 8 8 10 
7 8 9 11 7 8 8 7 10 9 10 6 11 7 7 11 7 8 12 11 5 10 9 9 6 11 12 9 7 7 6 11 5 6 12 11 8 12 9 7 11 5 10 9 10 8 10 6 5 11 6 5 5 8 12 12 5 6 8 8 11 11 7 11 6 9 8 11 9 6 
7 8 9 8 12 6 12 9 11 12 11 8 5 12 10 8 7 12 5 12 10 12 5 11 11 10 10 9 11 10 11 7 10 10 5 11 7 5 9 10 12 5 9 6 8 6 11 11 12 9 6 6 10 7 5 8 10 7 11 7 7 10 6 5 10 12 6 5 5 5 
8 12 11 9 6 5 6 5 9 8 9 11 10 11 8 8 5 8 12 11 7 9 11 9 9 10 7 7 5 7 6 7 9 6 10 8 10 5 9 7 11 7 8 10 6 11 12 6 10 6 9 6 6 10 7 8 5 6 9 11 10 8 8 12 5 8 7 9 7 7 
8 5 10 8 8 5 5 6 6 10 7 7 9 8 9 7 11 6 9 8 8 8 12 8 12 10 12 11 12 5 10 10 11 6 6 12 8 5 5 5 6 12 10 5 5 9 8 10 7 5 6 8 5 6 12 7 10 9 5 6 8 12 6 7 10 12 6 11 10 10 
6 7 12 11 11 7 11 8 10 10 11 11 11 6 6 12 9 6 10 11 9 9 11 6 9 5 5 5 11 11 5 12 9 5 9 9 11 5 12 7 7 8 7 10 9 11 5 11 12 12 5 6 7 12 5 11 11 12 12 10 12 6 9 11 6 5 11 12 10 8 
9 12 9 10 11 8 8 6 8 11 12 9 9 11 8 8 6 10 5 12 8 11 10 11 6 6 12 9 12 5 7 7 8 8 5 11 7 5 7 7 9 12 10 6 8 10 11 12 6 5 7 6 7 8 12 11 12 6 12 9 10 12 11 10 11 10 6 8 11 11 
6 7 6 6 6 10 8 11 9 9 5 10 8 9 10 8 11 12 11 11 5 11 7 9 5 10 9 12 10 11 8 8 6 5 9 8 7 5 11 6 10 6 11 10 9 6 10 5 6 9 12 5 8 9 9 11 6 6 9 12 9 11 12 6 7 9 9 11 5 8 
8 10 5 11 8 12 9 11 5 5 6 7 5 12 12 11 10 12 5 6 5 11 12 8 9 11 9 12 5 8 10 10 6 9 11 8 5 10 9 10 12 9 11 8 7 7 10 7 9 10 11 10 12 9 11 11 5 8 10 12 7 12 11 11 7 9 11 6 8 10 
8 11 8 8 12 11 11 8 10 7 6 6 8 11 6 6 5 11 10 12 5 12 6 10 11 12 10 11 6 12 11 5 7 12 8 12 10 8 7 5 11 10 9 8 11 8 11 10 11 8 7 9 8 9 10 9 7 12 7 6 11 10 12 11 6 7 11 11 12 8 
5 7 6 9 10 7 5 10 11 12 12 11 11 5 11 5 11 8 10 11 6 12 11 9 5 12 12 11 11 7 11 10 11 6 10 11 9 5 5 8 6 5 9 10 8 9 8 7 9 8 10 9 7 11 6 8 12 8 9 9 7 6 6 6 11 9 8 8 6 8 
12 10 12 5 9 8 5 5 12 7 12 9 7 7 10 12 11 7 11 6 6 8 7 9 6 5 11 10 7 8 9 9 9 8 5 12 5 10 10 9 9 6 5 11 11 12 7 7 11 7 9 8 11 8 11 7 11 5 5 7 8 12 10 8 5 11 10 10 5 10 
7 12 7 11 10 6 11 8 6 12 5 6 6 12 8 9 11 10 12 9 8 9 10 11 9 5 7 10 9 6 8 7 12 8 6 7 12 9 10 12 8 11 10 7 9 10 11 12 7 8 10 6 12 8 6 5 7 7 8 5 12 9 7 10 9 11 5 8 12 5 
5 7 11 11 9 7 12 12 7 8 7 10 12 6 9 11 12 11 10 7 8 5 9 12 9 9 6 6 12 8 8 10 7 10 9 5 11 8 6 9 10 6 11 8 11 8 7 12 11 12 12 5 6 9 10 12 7 6 11 9 12 7 10 8 6 11 8 9 7 9 
7 8 5 5 11 10 6 5 6 9 12 8 11 9 11 9 5 12 8 9 9 11 5 11 8 7 10 12 10 7 6 11 8 10 7 5 8 7 6 11 6 11 6 8 9 11 6 6 12 11 5 9 6 6 6 6 12 6 12 5 5 7 8 12 7 7 8 6 8 9 
10 5 7 10 10 11 12 11 8 7 6 8 6 6 11 8 8 8 5 7 12 12 11 8 12 6 5 7 10 9 5 6 11 8 10 6 7 9 6 8 8 12 10 12 10 8 9 10 10 7 11 8 9 11 11 11 11 9 10 9 10 5 5 7 9 6 5 6 6 11 
6 11 7 6 10 7 9 8 6 12 5 5 6 10 12 9 12 8 12 12 7 7 11 10 10 11 11 6 9 11 7 8 12 12 5 12 5 9 12 5 12 6 8 9 5 12 12 7 8 7 8 7 10 7 11 9 10 12 10 8 7 6 9 8 8 11 9 6 11 10 
11 7 10 7 12 12 10 8 10 12 6 8 6 10 5 10 10 9 7 8 5 5 5 12 5 11 10 8 12 12 12 9 5 6 7 9 9 12 12 12 6 8 6 11 7 6 6 8 9 10 8 9 5 12 5 8 10 10 10 10 5 7 8 7 11 11 5 10 6 12 
12 9 7 11 8 7 11 10 7 8 8 12 5 5 9 5 6 9 9 12 8 10 5 6 7 12 5 6 11 11 12 9 8 7 5 6 12 5 9 6 7 12 6 8 6 5 10 9 7 6 9 10 12 8 11 10 10 8 10 5 9 11 10 5 9 6 9 8 11 5 
9 10 5 10 12 5 10 8 8 7 10 8 11 11 6 12 8 9 7 11 10 10 7 12 9 7 7 6 11 10 11 7 12 7 11 11 9 12 11 8 10 7 6 7 6 7 6 6 12 5 7 12 6 12 5 12 8 7 11 6 10 10 5 10 10 5 8 7 6 12 
9 11 9 9 11 11 11 6 5 5 6 6 11 12 6 12 11 5 8 6 11 7 7 10 10 8 11 10 12 6 11 5 10 10 12 6 9 12 10 9 9 11 6 10 9 11 9 8 9 5 9 11 9 9 9 10 8 7 5 8 7 7 7 7 7 5 12 5 8 9 
10 7 11 6 5 11 11 9 8 10 7 12 10 6 11 12 9 8 9 8 11 6 9 11 10 11 8 12 8 7 8 12 12 8 12 7 11 9 7 6 10 10 6 12 11 8 11 8 7 6 11 11 11 12 10 10 6 8 5 6 9 11 9 11 7 5 11 5 7 10 
7 10 8 7 12 11 5 8 7 12 10 12 8 7 6 11 10 12 8 6 7 5 6 9 11 7 12 5 7 10 10 8 10 12 10 9 11 11 8 6 9 10 11 8 6 6 11 10 10 9 10 6 12 7 8 9 6 7 10 8 10 12 12 10 7 5 7 8 9 10 
11 11 8 8 9 12 7 6 10 10 8 9 12 7 6 5 7 12 11 5 10 6 11 12 12 9 8 5 8 5 8 9 7 6 12 7 12 8 10 8 5 9 5 11 6 9 11 6 10 9 8 7 12 8 10 10 10 12 12 12 12 7 6 7 12 7 5 6 6 10 
7 12 9 9 10 8 7 5 5 12 10 8 7 6 7 6 6 6 7 11 11 9 12 6 5 6 9 6 11 7 5 12 6 10 9 10 5 8 7 10 11 5 6 10 6 10 12 6 9 8 11 7 5 6 7 10 12 12 6 12 6 8 9 5 7 9 11 10 8 11 
7 8 12 11 7 6 7 11 10 10 10 7 5 6 10 9 6 12 10 10 12 8 6 11 11 6 10 11 7 11 9 9 7 8 10 12 12 12 8 8 10 9 10 5 6 10 10 11 8 12 9 8 11 11 11 6 11 5 7 6 6 5 10 9 6 9 12 9 6 5 
11 11 11 11 7 8 5 11 6 12 6 8 8 6 10 11 5 9 8 12 6 11 8 6 10 12 5 11 10 9 5 8 7 10 6 9 10 8 11 8 12 12 8 10 7 11 10 10 5 6 11 11 7 10 12 8 9 10 11 6 12 6 8 5 12 6 10 10 11 7 
8 9 5 10 5 9 6 9 11 8 9 11 11 9 11 10 11 10 7 11 9 11 10 6 8 12 10 7 8 7 11 12 11 6 10 7 5 6 5 6 12 12 10 10 9 6 8 5 12 5 11 7 7 9 12 10 12 6 8 12 8 6 8 6 12 8 9 11 10 7 
12 11 5 6 9 9 12 10 7 9 8 8 7 5 12 9 11 10 5 10 8 7 9 9 11 6 5 6 12 6 9 6 12 8 7 6 12 8 5 6 9 7 7 11 11 7 8 9 5 6 10 9 10 6 12 8 5 12 11 8 9 8 5 11 11 12 10 12 5 9 
11 9 12 7 8 6 5 11 12 11 11 5 12 10 12 10 8 9 5 8 9 7 10 8 12 5 10 9 5 9 11 11 8 11 10 8 11 10 6 10 8 7 6 9 10 5 7 11 6 6 10 9 12 10 6 8 6 12 10 5 9 5 5 5 9 5 10 12 9 6 
6 12 11 12 12 8 5 10 11 9 6 7 6 9 7 9 12 6 12 8 9 9 5 6 5 8 8 5 12 9 10 11 5 8 6 10 6 11 5 10 9 11 7 10 8 6 8 12 6 11 6 10 9 5 10 6 10 12 5 6 7 8 5 7 12 7 9 9 5 9 
9 12 7 11 9 9 8 9 7 12 11 7 11 8 8 9 7 12 12 9 7 5 5 9 11 12 9 10 11 9 8 12 10 8 6 7 5 11 5 10 6 8 11 9 12 5 8 12 5 9 11 6 7 12 5 12 12 10 6 7 12 11 6 10 7 7 7 8 11 9 
9 8 10 9 6 11 8 6 8 8 12 12 7 5 5 10 7 8 7 7 9 6 5 7 9 5 9 8 8 5 10 10 11 5 5 6 12 11 8 5 8 11 11 5 8 12 8 8 11 6 12 5 12 9 6 11 8 11 7 11 11 8 11 6 11 7 7 7 5 10 
0 1 0 0 0 0 0 0 0 0 0 0 0 0 0 0 0 0 0 0 0 0 0 0 0 0 0 0 0 0 0 0 0 0 0 0 0 0 0 0 1 0 0 0 0 0 0 0 0 0 0 0 0 0 0 0 0 0 0 0 0 0 0 0 0 0 0 0 1 1 
0 0 1 0 0 0 0 0 0 0 0 0 0 0 0 0 0 0 0 0 0 0 0 0 0 0 0 0 0 0 0 0 0 0 0 0 0 0 0 0 0 0 0 0 0 0 0 0 0 0 0 0 0 0 0 0 0 0 0 0 0 0 0 0 0 0 0 0 0 0 
0 0 0 1 0 0 0 0 0 0 0 0 0 0 0 0 0 0 0 0 0 0 0 0 0 0 0 0 0 0 0 0 0 0 0 0 0 0 0 0 0 0 0 0 0 0 0 0 0 0 0 0 0 0 0 0 0 0 0 0 0 0 0 0 0 0 0 1 0 0 
0 0 0 0 0 1 1 0 0 0 0 0 0 0 0 0 0 0 0 0 0 0 0 0 0 0 0 0 0 0 0 0 0 0 0 0 0 0 0 0 0 0 0 0 0 0 0 0 0 0 0 0 0 0 0 0 0 0 0 0 0 0 0 0 0 0 0 0 0 0 
0 0 0 0 0 1 0 0 0 0 0 0 0 0 0 0 0 0 0 0 0 0 0 1 0 0 0 0 0 1 0 0 0 0 0 0 0 0 0 0 0 0 0 0 0 0 0 0 0 0 0 0 0 0 0 0 0 0 0 0 0 0 0 0 0 0 0 0 0 0 
0 0 0 0 0 0 0 1 0 0 0 0 0 0 0 0 0 0 0 0 0 0 0 0 0 0 0 0 0 0 0 0 0 0 0 0 0 0 0 0 0 0 0 0 0 0 0 0 0 0 0 0 0 0 0 0 0 0 0 0 0 0 0 0 0 0 0 0 0 0 
0 0 0 0 0 0 0 1 0 0 0 0 0 0 0 0 0 0 0 0 0 0 0 0 0 0 0 0 0 0 0 0 0 0 0 0 0 0 0 0 0 0 0 0 0 0 0 0 0 0 0 0 0 0 0 0 0 0 0 0 0 0 0 0 0 0 0 0 0 0 
0 0 0 0 0 0 0 0 0 0 0 1 0 0 0 0 0 0 0 0 0 0 0 0 0 0 0 0 0 0 0 0 0 0 0 0 0 0 0 0 0 0 0 0 0 0 0 0 0 0 0 0 0 0 0 0 0 0 0 0 0 0 0 0 0 0 0 0 0 0 
0 0 0 0 0 0 0 0 0 1 0 0 0 0 0 0 0 0 0 0 0 0 0 0 0 0 0 0 0 0 0 0 0 0 0 0 0 0 0 0 0 0 0 0 0 0 0 0 0 0 0 0 0 0 0 0 0 0 0 0 0 0 0 0 0 0 0 0 0 0 
0 0 0 0 0 0 0 0 0 0 1 0 0 0 0 0 0 0 0 0 0 0 0 0 0 0 0 0 0 0 0 0 0 0 0 0 0 0 0 0 0 0 0 0 0 0 0 0 0 0 0 0 0 0 0 0 0 0 0 0 0 0 0 0 0 0 0 0 0 0 
0 0 0 0 0 0 0 0 0 0 0 1 0 0 0 0 0 0 0 0 0 0 0 0 0 0 0 0 0 0 0 0 0 0 0 0 0 0 0 0 0 0 0 0 0 0 0 0 0 0 0 0 0 0 0 0 0 0 0 0 0 0 0 0 0 0 0 0 0 0 
0 0 0 0 0 0 0 0 0 0 0 0 1 1 0 0 0 0 0 0 0 0 0 0 0 0 0 0 0 0 0 0 0 0 0 0 0 0 0 0 0 0 0 0 0 0 0 0 0 0 0 0 0 0 0 0 0 0 0 0 0 0 0 0 0 0 0 0 0 0 
0 0 0 0 0 0 0 0 0 0 0 0 0 0 0 0 0 0 0 0 0 0 1 0 0 0 0 0 0 0 0 0 0 0 0 0 0 0 0 0 0 0 0 0 0 0 0 0 0 0 0 0 0 0 0 0 0 0 0 0 0 0 0 0 0 0 0 0 0 0 
0 0 0 0 0 0 0 0 0 0 0 0 0 0 0 0 0 0 0 0 0 0 1 0 0 0 0 0 0 0 0 0 0 0 0 0 0 0 0 0 0 0 0 0 0 0 0 0 0 0 0 0 0 0 0 0 0 0 0 0 0 0 0 0 0 0 0 0 0 0 
0 0 0 0 0 0 0 0 0 0 0 0 0 0 0 1 0 0 0 0 0 0 0 0 0 0 0 0 0 0 0 0 0 0 0 0 0 0 0 0 0 0 0 0 0 0 0 0 0 0 0 0 0 0 0 0 0 0 0 0 0 0 0 0 0 0 0 0 0 0 
0 0 0 0 0 0 0 0 0 0 0 0 0 0 0 0 1 1 0 0 0 0 0 0 0 0 0 0 0 0 0 0 0 0 0 0 0 0 0 0 0 0 0 0 0 0 0 0 0 0 0 0 0 0 0 0 0 0 0 0 0 0 0 0 0 0 0 0 0 0 
0 0 0 0 0 0 0 0 0 0 0 0 0 0 0 0 0 0 1 0 0 0 0 0 0 0 0 0 0 0 0 0 0 0 0 0 0 0 0 0 0 0 0 0 0 0 0 0 0 0 0 0 0 0 0 0 0 0 0 0 0 0 0 0 0 0 0 0 0 0 
0 0 0 0 0 0 0 0 0 0 0 0 0 0 0 0 0 0 1 0 0 0 0 0 0 0 0 0 0 0 0 0 0 0 0 0 0 0 0 0 0 0 0 0 0 0 0 0 0 0 0 0 0 0 0 0 0 0 0 0 0 0 0 0 0 0 0 0 0 0 
0 0 0 0 0 0 0 0 0 0 0 0 0 0 0 0 0 0 0 1 0 1 0 0 0 0 0 0 0 0 0 0 0 0 0 0 0 0 0 0 0 0 0 0 0 0 0 0 0 0 0 0 0 0 0 0 1 0 0 0 0 0 0 0 0 0 0 0 0 0 
0 0 0 0 0 0 0 0 0 0 0 0 0 0 0 0 0 0 0 0 1 0 0 0 0 0 0 0 0 0 0 0 0 0 0 0 0 0 0 0 0 0 0 0 0 0 0 0 0 0 0 0 0 0 0 0 0 0 0 0 0 0 0 0 0 0 0 0 0 0 
0 0 0 0 0 0 0 0 0 0 0 0 0 0 0 0 0 0 0 0 0 0 1 0 0 0 0 0 0 0 0 0 0 0 0 0 0 0 0 0 0 0 0 0 0 0 0 0 0 0 0 0 0 0 0 0 0 0 0 0 0 0 0 0 0 0 0 0 0 0 
0 0 0 0 0 0 0 0 0 0 0 0 0 0 0 0 0 0 0 0 0 0 1 0 0 0 0 0 0 0 0 0 0 0 0 0 0 0 0 0 0 0 0 0 0 0 0 0 0 0 0 0 0 0 0 0 0 0 0 0 0 0 0 0 0 0 0 0 0 0 
0 0 0 0 0 0 0 0 0 0 0 0 0 0 0 0 0 0 0 0 0 0 0 0 1 0 0 0 0 0 1 0 1 0 0 0 0 0 0 0 0 0 0 0 0 0 0 0 0 0 0 0 0 0 0 0 0 0 0 0 0 0 0 0 0 0 0 0 0 0 
0 0 0 0 0 0 0 0 0 0 0 0 0 0 0 0 0 0 0 0 0 0 0 0 1 0 0 0 0 0 0 0 0 0 0 0 0 0 0 0 0 0 0 0 0 0 0 0 0 0 0 0 0 0 0 0 0 0 0 0 0 0 0 0 0 0 0 0 0 0 
0 0 0 0 0 0 0 0 0 0 0 0 0 0 0 0 0 0 0 0 0 0 0 0 0 1 1 1 1 0 0 0 0 0 0 0 0 0 0 0 0 0 0 0 0 0 0 0 0 0 0 0 0 0 0 0 0 0 0 0 0 0 0 0 0 0 0 0 0 0 
0 0 0 0 0 0 0 0 0 0 0 0 0 0 0 0 0 0 0 0 0 0 0 0 0 0 0 0 0 0 0 0 0 0 1 0 0 0 0 0 0 0 0 0 0 0 0 0 0 0 0 0 0 0 0 0 0 0 0 0 0 0 0 0 0 0 0 0 0 0 
0 0 0 0 0 0 0 0 0 0 0 0 0 0 0 0 0 0 0 0 0 0 0 0 0 0 0 0 0 0 0 0 0 0 1 0 0 0 0 0 0 0 0 0 0 0 0 0 0 0 0 0 0 0 0 0 0 0 0 0 0 0 0 0 0 0 0 0 0 0 
0 0 0 0 0 0 0 0 0 0 0 0 0 0 0 0 0 0 0 0 0 0 0 0 0 0 0 0 0 0 0 0 0 0 1 0 0 0 0 0 0 0 0 0 0 0 0 0 0 0 0 0 0 0 0 0 0 0 0 0 0 0 0 0 0 0 0 0 0 0 
0 0 0 0 0 0 0 0 0 0 0 0 0 0 0 0 0 0 0 0 0 0 0 0 0 0 0 0 0 0 0 0 0 0 1 0 0 0 0 0 0 0 0 0 0 0 0 0 0 0 0 0 0 0 0 0 0 0 0 0 0 0 0 0 0 0 0 0 0 0 
0 0 0 0 0 0 0 0 0 0 0 0 0 0 0 0 0 0 0 0 0 0 0 0 0 0 0 0 0 0 1 0 0 0 0 0 0 0 0 0 0 0 0 0 0 0 0 0 0 0 0 0 0 0 0 0 0 0 0 0 0 0 0 0 0 0 0 0 0 0 
0 0 0 0 0 0 0 0 0 0 0 0 0 0 0 0 0 0 0 0 0 0 0 0 0 0 0 0 0 0 0 1 0 0 0 0 0 0 0 0 0 0 0 0 0 0 0 0 0 0 0 0 0 0 0 0 0 0 0 0 0 0 0 0 0 0 0 0 0 0 
0 0 0 0 0 0 0 0 0 0 0 0 0 0 0 0 0 0 0 0 0 0 0 0 0 0 0 0 0 0 0 0 0 0 1 0 0 0 0 0 0 0 0 0 0 0 0 0 0 0 0 0 0 0 0 0 0 0 0 0 0 0 0 0 0 0 0 0 0 0 
0 0 0 0 0 0 0 0 0 0 0 0 0 0 0 0 0 0 0 0 0 0 0 0 0 0 0 0 0 0 0 0 0 1 0 0 0 0 0 0 0 0 0 0 0 0 0 0 0 0 0 0 0 0 0 0 0 0 0 0 0 0 0 0 0 0 0 0 0 0 
0 0 0 0 0 0 0 0 0 0 0 0 0 0 0 0 0 0 0 0 0 0 0 0 0 0 0 0 0 0 0 0 0 0 1 0 0 0 0 0 0 0 0 0 0 0 0 0 0 0 0 0 0 0 0 0 0 0 0 0 0 0 0 0 0 0 0 0 0 0 
0 0 0 0 0 0 0 0 0 0 0 0 0 0 0 0 0 0 0 0 0 0 0 0 0 0 0 0 0 0 0 0 0 0 0 1 0 0 0 0 0 0 0 1 0 0 0 1 0 0 1 0 1 0 0 1 0 0 0 1 1 1 0 0 0 0 0 0 0 0 
0 0 0 0 0 0 0 0 0 0 0 0 0 0 0 0 0 0 0 0 0 0 0 0 0 0 0 0 0 0 0 0 0 0 0 0 1 0 0 0 0 0 0 0 0 0 0 0 0 0 0 0 0 0 0 0 0 0 0 0 0 0 0 0 0 0 0 0 0 0 
0 0 0 0 0 0 0 0 0 0 0 0 0 0 0 0 0 0 0 0 0 0 0 0 0 0 0 0 0 0 0 0 0 0 0 0 0 1 0 0 0 0 0 0 0 0 0 0 0 0 0 0 0 0 0 0 0 0 0 0 0 0 0 0 0 0 0 0 0 0 
0 0 0 0 0 0 0 0 0 0 0 0 0 0 0 0 0 0 0 0 0 0 0 0 0 0 0 0 0 0 0 0 0 0 0 0 0 0 1 0 0 0 0 0 0 0 0 0 0 0 0 0 0 0 0 0 0 0 0 0 0 0 0 0 0 0 0 0 0 0 
0 0 0 0 0 0 0 0 0 0 0 0 0 0 0 0 0 0 0 0 0 0 0 0 0 0 0 0 0 0 0 0 0 0 0 0 0 0 0 1 0 0 0 0 0 0 0 0 0 0 0 0 0 0 0 0 0 0 0 0 0 0 0 0 0 0 0 0 0 0 
0 0 0 0 0 0 0 0 0 0 0 0 0 0 0 0 0 0 0 0 0 0 0 0 0 0 0 0 0 0 0 0 0 0 0 0 0 0 0 0 0 1 0 0 0 0 0 0 0 0 0 0 0 0 0 0 0 0 0 0 0 0 0 0 0 0 0 0 0 0 
0 0 0 0 0 0 0 0 0 0 0 0 0 0 0 0 0 0 0 0 0 0 0 0 0 0 0 0 0 0 0 0 0 0 0 0 0 0 0 0 0 1 0 0 0 0 0 0 0 0 0 0 0 0 0 0 0 0 0 0 0 0 0 0 0 0 0 0 0 0 
0 0 0 0 0 0 0 0 0 0 0 0 0 0 0 0 0 0 0 0 0 0 0 0 0 0 0 0 0 0 0 0 0 0 0 0 0 0 0 0 0 0 1 0 0 0 0 0 0 0 0 0 0 0 0 0 0 0 0 0 0 0 0 0 0 0 0 0 0 0 
0 0 0 0 0 0 0 0 0 0 0 0 0 0 0 0 0 0 0 0 0 0 0 0 0 0 0 0 0 0 0 0 0 0 0 0 0 0 0 0 0 0 0 0 0 0 0 0 0 1 0 0 0 0 0 0 0 0 0 0 0 0 0 0 0 0 0 0 0 0 
0 0 0 0 0 0 0 0 0 0 0 0 0 0 0 0 0 0 0 0 0 0 0 0 0 0 0 0 0 0 0 0 0 0 0 0 0 0 0 0 0 0 0 0 1 0 0 0 0 0 0 0 0 0 0 0 0 0 0 0 0 0 0 0 0 0 0 0 0 0 
0 0 0 0 0 0 0 0 0 0 0 0 0 0 0 0 0 0 0 0 0 0 0 0 0 0 0 0 0 0 0 0 0 0 0 0 0 0 0 0 0 0 0 0 0 1 0 0 0 0 0 0 0 0 0 0 0 0 0 0 0 0 0 0 0 0 0 0 0 0 
0 0 0 0 0 0 0 0 0 0 0 0 0 0 0 0 0 0 0 0 0 0 0 0 0 0 0 0 0 0 0 0 0 0 0 0 0 0 0 0 0 0 0 0 0 0 1 0 0 0 0 0 0 0 0 0 0 0 0 0 0 0 0 0 0 0 0 0 0 0 
0 0 0 0 0 0 0 0 0 0 0 0 0 0 0 0 0 0 0 0 0 0 0 0 0 0 0 0 0 0 0 0 0 0 0 0 0 0 0 0 0 0 0 0 0 0 0 0 0 1 0 0 0 0 0 0 0 0 0 0 0 0 0 0 0 0 0 0 0 0 
0 0 0 0 0 0 0 0 0 0 0 0 0 0 0 0 0 0 0 0 0 0 0 0 0 0 0 0 0 0 0 0 0 0 0 0 0 0 0 0 0 0 0 0 0 0 0 0 1 0 0 0 0 0 0 0 0 0 0 0 0 0 0 0 0 0 0 0 0 0 
0 0 0 0 0 0 0 0 0 0 0 0 0 0 0 0 0 0 0 0 0 0 0 0 0 0 0 0 0 0 0 0 0 0 0 0 0 0 0 0 0 0 0 0 0 0 0 0 0 1 0 0 0 0 0 0 0 0 0 0 0 0 0 0 0 0 0 0 0 0 
0 0 0 0 0 0 0 0 0 0 0 0 0 0 0 0 0 0 0 0 0 0 0 0 0 0 0 0 0 0 0 0 0 0 0 0 0 0 0 0 0 0 0 0 0 0 0 0 0 0 0 0 0 0 0 0 0 0 0 0 0 0 0 0 0 0 0 0 0 0 
0 0 0 0 0 0 0 0 0 0 0 0 0 0 0 0 0 0 0 0 0 0 0 0 0 0 0 0 0 0 0 0 0 0 0 0 0 0 0 0 0 0 0 0 0 0 0 0 0 0 0 1 0 0 0 0 0 0 0 0 0 0 0 0 0 0 0 0 0 0 
0 0 0 0 0 0 0 0 0 0 0 0 0 0 0 0 0 0 0 0 0 0 0 0 0 0 0 0 0 0 0 0 0 0 0 0 0 0 0 0 0 0 0 0 0 0 0 0 0 0 0 0 0 1 0 0 0 0 0 0 0 0 0 0 0 0 0 0 0 0 
0 0 0 0 0 0 0 0 0 0 0 0 0 0 0 0 0 0 0 0 0 0 0 0 0 0 0 0 0 0 0 0 0 0 0 0 0 0 0 0 0 0 0 0 0 0 0 0 0 0 0 0 0 1 0 0 0 0 0 0 0 0 0 0 0 0 0 0 0 0 
0 0 0 0 0 0 0 0 0 0 0 0 0 0 0 0 0 0 0 0 0 0 0 0 0 0 0 0 0 0 0 0 0 0 0 0 0 0 0 0 0 0 0 0 0 0 0 0 0 0 0 0 0 0 1 0 0 0 0 0 0 0 0 0 0 0 0 0 0 0 
0 0 0 0 0 0 0 0 0 0 0 0 0 0 0 0 0 0 0 0 0 0 0 0 0 0 0 0 0 0 0 0 0 0 0 0 0 0 0 0 0 0 0 0 0 0 0 0 0 0 0 0 0 0 0 0 0 0 0 0 0 0 0 0 0 0 0 0 0 0 
0 0 0 0 0 0 0 0 0 0 0 0 0 0 0 0 0 0 0 0 0 0 0 0 0 0 0 0 0 0 0 0 0 0 0 0 0 0 0 0 0 0 0 0 0 0 0 0 0 0 0 0 0 0 0 0 0 0 0 0 0 0 0 0 0 0 0 0 0 0 
0 0 0 0 0 0 0 0 0 0 0 0 0 0 0 0 0 0 0 0 0 0 0 0 0 0 0 0 0 0 0 0 0 0 0 0 0 0 0 0 0 0 0 0 0 0 0 0 0 0 0 0 0 0 0 0 0 1 0 0 0 0 0 0 0 0 0 0 0 0 
0 0 0 0 0 0 0 0 0 0 0 0 0 0 0 0 0 0 0 0 0 0 0 0 0 0 0 0 0 0 0 0 0 0 0 0 0 0 0 0 0 0 0 0 0 0 0 0 0 0 0 0 0 0 0 0 0 0 1 0 0 0 0 0 0 0 0 0 0 0 
0 0 0 0 0 0 0 0 0 0 0 0 0 0 0 0 0 0 0 0 0 0 0 0 0 0 0 0 0 0 0 0 0 0 0 0 0 0 0 0 0 0 0 0 0 0 0 0 0 0 0 0 0 0 0 0 0 0 0 1 0 0 0 0 0 0 0 0 0 0 
0 0 0 0 0 0 0 0 0 0 0 0 0 0 0 0 0 0 0 0 0 0 0 0 0 0 0 0 0 0 0 0 0 0 0 0 0 0 0 0 0 0 0 0 0 0 0 0 0 0 0 0 0 0 0 0 0 0 0 0 0 0 0 0 0 0 0 0 0 0 
0 0 0 0 0 0 0 0 0 0 0 0 0 0 0 0 0 0 0 0 0 0 0 0 0 0 0 0 0 0 0 0 0 0 0 0 0 0 0 0 0 0 0 0 0 0 0 0 0 0 0 0 0 0 0 0 0 0 0 0 0 0 0 0 1 0 0 0 0 0 
0 0 0 0 0 0 0 0 0 0 0 0 0 0 0 0 0 0 0 0 0 0 0 0 0 0 0 0 0 0 0 0 0 0 0 0 0 0 0 0 0 0 0 0 0 0 0 0 0 0 0 0 0 0 0 0 0 0 0 0 0 0 1 0 0 0 0 0 0 0 
0 0 0 0 0 0 0 0 0 0 0 0 0 0 0 0 0 0 0 0 0 0 0 0 0 0 0 0 0 0 0 0 0 0 0 0 0 0 0 0 0 0 0 0 0 0 0 0 0 0 0 0 0 0 0 0 0 0 0 0 0 0 0 1 0 0 0 0 0 0 
0 0 0 0 0 0 0 0 0 0 0 0 0 0 0 0 0 0 0 0 0 0 0 0 0 0 0 0 0 0 0 0 0 0 0 0 0 0 0 0 0 0 0 0 0 0 0 0 0 0 0 0 0 0 0 0 0 0 0 0 0 0 0 0 1 1 1 0 0 0 
0 0 0 0 0 0 0 0 0 0 0 0 0 0 0 0 0 0 0 0 0 0 0 0 0 0 0 0 0 0 0 0 0 0 0 0 0 0 0 0 0 0 0 0 0 0 0 0 0 0 0 0 0 0 0 0 0 0 0 0 0 0 0 0 0 0 0 0 0 0 
0 0 0 0 0 0 0 0 0 0 0 0 0 0 0 0 0 0 0 0 0 0 0 0 0 0 0 0 0 0 0 0 0 0 0 0 0 0 0 0 0 0 0 0 0 0 0 0 0 0 0 0 0 0 0 0 0 0 0 0 0 0 0 0 0 0 0 0 0 0 
0 0 0 0 0 0 0 0 0 0 0 0 0 0 0 0 0 0 0 0 0 0 0 0 0 0 0 0 0 0 0 0 0 0 0 0 0 0 0 0 0 0 0 0 0 0 0 0 0 0 0 0 0 0 0 0 0 0 0 0 0 0 0 0 0 0 0 0 0 0 
0 0 0 0 0 0 0 0 0 0 0 0 0 0 0 0 0 0 0 0 0 0 0 0 0 0 0 0 0 0 0 0 0 0 0 0 0 0 0 0 0 0 0 0 0 0 0 0 0 0 0 0 0 0 0 0 0 0 0 0 0 0 0 0 0 0 0 0 0 0 
0 0 0 0 0 0 0 0 0 0 0 0 0 0 0 0 0 0 0 0 0 0 0 0 0 0 0 0 0 0 0 0 0 0 0 0 0 0 0 0 0 0 0 0 0 0 0 0 0 0 0 0 0 0 0 0 0 0 0 0 0 0 0 0 0 0 0 0 0 0 
0 0 0 0 0 0 0 0 0 0 0 0 0 0 0 0 0 0 0 0 0 0 0 0 0 0 0 0 0 0 0 0 0 0 0 0 0 0 0 0 0 0 0 0 0 0 0 0 0 0 0 0 0 0 0 0 0 0 0 0 0 0 0 0 0 0 0 0 0 0
0.28 0.12 0.29 0.2 0.19 0.26 0.19 0.13 