53
10
134 95 57 148 142 60 88 84 132 74 79 117 127 98 110 133 59 122 128 59 108 53 71 125 134 131 84 92 62 111 82 110 79 134 103 61 50 60 86 57 133 137 142 99 90 102 113 115 139 84 61 138 138 
92 114 138 62 73 130 150 53 66 69 71 73 117 143 116 129 104 98 71 138 52 137 63 100 93 96 117 149 134 70 115 119 90 131 141 70 62 86 51 74 125 78 80 90 74 145 129 98 100 53 116 134 102 
126 106 134 121 149 97 110 51 104 93 66 119 100 85 70 62 61 71 127 63 101 92 89 127 114 67 73 114 51 105 76 141 121 85 72 107 76 108 104 99 109 100 139 52 86 105 118 136 146 108 116 135 55 
87 126 86 124 143 62 82 104 91 92 76 89 132 103 129 53 57 77 84 95 101 101 77 126 55 109 119 120 139 141 100 50 70 141 146 139 82 117 57 72 136 134 90 58 138 90 79 91 104 60 52 140 117 
96 108 71 77 51 55 134 113 144 94 76 85 142 101 61 148 83 145 131 98 62 75 125 128 57 133 82 119 86 84 57 62 127 116 119 119 79 69 130 114 118 107 104 84 109 130 117 73 121 81 53 146 84 
84 122 70 110 53 95 95 78 107 97 122 130 129 124 127 82 62 88 85 147 144 83 104 145 144 124 125 57 56 77 131 145 94 61 80 109 88 96 67 121 73 79 69 104 102 101 69 132 97 54 70 60 81 
57 119 110 146 125 73 79 79 51 84 84 129 93 78 54 83 71 78 107 139 125 72 70 94 135 127 70 116 82 119 138 150 139 112 148 88 100 61 66 111 126 149 146 93 90 85 146 56 92 68 71 140 70 
67 62 85 143 120 66 143 76 127 147 98 142 108 69 104 51 53 55 142 112 120 52 96 133 126 135 97 73 86 103 60 55 126 54 62 70 148 97 101 51 90 149 142 84 140 56 117 132 83 108 63 134 90 
142 68 97 128 149 138 146 65 120 107 76 135 121 135 66 122 102 100 88 112 121 111 96 138 146 129 118 91 145 50 106 103 88 148 80 52 74 150 85 118 61 148 89 128 114 70 92 149 68 79 70 94 106 
139 127 98 127 149 122 148 121 64 126 70 110 92 75 147 149 50 97 124 70 118 62 85 105 52 100 146 83 129 84 133 107 140 109 143 76 120 124 99 109 108 124 116 109 54 95 77 142 71 118 148 140 114 
124 94 112 123 78 70 88 51 98 115 97 110 92 98 80 68 77 123 84 71 106 114 96 119 122 83 66 119 122 106 88 120 114 53 105 113 70 114 58 50 108 104 97 94 123 73 106 103 73 83 56 103 85 
107 102 74 56 83 115 53 81 106 55 89 70 86 107 76 65 65 98 83 75 100 124 77 84 120 95 115 91 117 121 65 119 57 110 83 78 81 114 55 117 66 89 94 56 83 97 98 112 89 103 67 58 99 
62 124 86 91 109 100 119 80 91 72 100 105 99 51 76 118 93 61 67 58 75 76 61 65 76 69 74 59 51 61 118 97 123 79 69 74 94 117 70 68 106 85 93 84 79 66 79 71 50 66 101 110 89 
55 60 65 68 57 87 60 56 66 58 54 94 65 105 113 79 83 96 77 109 75 53 84 84 79 74 82 110 67 93 95 123 118 77 118 117 115 92 102 75 74 90 94 93 50 71 72 55 105 119 91 81 62 
81 55 91 59 101 121 100 56 75 91 93 66 101 107 87 66 84 83 116 68 82 53 102 104 102 124 120 108 77 122 74 92 79 103 51 93 61 91 74 123 94 75 110 122 67 70 65 111 115 105 51 112 79 
59 66 100 86 119 68 56 57 95 60 103 73 54 62 58 117 51 54 71 106 68 123 106 87 58 61 70 118 106 83 111 88 100 100 117 56 58 52 84 95 96 59 59 54 79 106 113 93 87 125 74 95 108 
108 64 110 122 105 50 56 53 53 125 89 81 54 100 51 86 88 64 52 54 99 61 59 93 69 67 78 70 75 93 54 93 121 114 83 64 122 56 113 98 69 53 51 92 74 112 91 78 68 77 63 86 103 
120 103 70 117 64 83 100 108 123 105 77 94 80 54 51 123 79 62 84 103 104 105 103 66 83 125 53 52 55 76 106 56 118 82 53 102 59 56 125 68 81 115 62 98 55 83 63 90 120 85 105 91 98 
67 68 104 81 84 81 63 61 88 83 102 60 101 106 110 65 97 97 74 74 77 79 99 111 55 68 89 115 121 108 124 74 106 61 60 123 68 57 78 100 70 50 65 116 66 73 111 73 91 56 79 103 85 
80 59 107 53 62 57 123 59 85 108 88 113 76 108 109 58 88 77 104 94 102 108 98 95 58 95 104 61 94 107 55 82 124 99 99 62 77 118 64 77 101 61 101 52 63 122 114 77 88 92 123 81 122 
110 106 103 165 185 152 170 137 176 150 188 154 135 165 132 163 137 174 146 114 132 147 145 130 182 101 120 107 113 157 150 162 164 137 171 199 192 109 176 104 148 145 152 138 182 188 184 107 119 132 100 156 196 
19 14 18 12 23 24 12 17 23 23 23 20 17 23 16 13 16 23 25 16 12 18 21 15 17 25 25 18 24 24 12 25 14 14 15 21 23 15 16 20 13 19 25 23 13 13 21 18 21 25 17 20 16 
24 20 15 14 25 19 20 22 17 18 14 15 13 24 14 19 15 20 12 17 24 20 22 23 13 13 12 18 24 25 18 19 20 14 22 23 13 17 21 17 17 19 18 13 23 22 23 24 13 13 20 18 21 
24 23 20 20 20 18 14 18 23 15 14 19 21 24 19 13 23 13 18 13 25 20 13 21 17 24 12 17 19 15 17 19 23 22 12 14 18 20 25 17 25 20 18 22 18 21 24 12 15 12 17 14 14 
20 24 18 18 18 22 13 19 15 15 16 21 22 15 24 13 14 12 23 20 23 17 23 19 14 21 21 25 15 25 12 22 13 20 22 23 17 18 21 20 12 15 23 18 13 13 15 25 23 16 16 25 24 
13 24 15 12 23 20 12 12 23 12 13 19 22 20 15 13 13 17 16 13 25 24 19 25 14 17 25 13 25 23 14 12 19 19 12 22 25 17 14 17 20 13 25 24 13 18 22 23 12 19 15 18 20 
16 22 17 23 23 16 14 12 23 16 15 15 14 16 12 16 17 18 25 15 17 15 19 18 23 13 17 19 21 25 19 20 12 12 18 12 14 24 17 17 19 25 19 16 13 19 21 22 21 14 21 21 19 
15 18 12 22 14 25 19 17 12 12 15 22 12 17 16 24 16 24 25 19 17 16 19 20 15 17 22 22 19 15 13 14 23 17 16 21 17 14 12 21 13 16 16 15 24 16 15 19 16 24 12 22 12 
25 23 17 17 24 18 25 15 25 22 14 21 19 23 13 14 16 25 17 13 14 20 16 18 23 25 22 20 13 21 22 16 17 23 18 25 21 21 16 13 23 19 23 25 22 15 19 17 16 14 17 18 18 
23 17 17 24 13 20 12 25 25 17 21 16 14 16 19 18 25 23 15 12 20 14 17 14 17 25 20 16 14 21 21 12 21 13 18 21 20 18 16 25 21 17 13 20 15 12 24 13 21 23 18 13 12 
14 25 16 24 22 21 14 20 12 18 16 17 15 19 13 20 24 22 23 16 25 13 25 20 15 18 14 14 23 20 21 22 12 13 17 21 19 15 17 15 19 17 13 19 15 23 16 17 12 15 14 18 21 
8 9 7 10 11 9 10 9 7 10 6 7 7 6 7 5 7 10 5 8 5 6 9 9 5 5 5 9 12 7 9 12 8 5 11 5 6 5 6 11 11 8 7 11 7 7 12 6 7 5 5 5 10 
9 8 9 7 10 8 8 5 8 5 5 10 9 10 6 8 9 11 12 5 6 5 7 9 11 11 8 6 10 6 11 11 8 12 5 10 11 12 10 11 7 9 10 8 10 5 12 10 5 8 12 11 12 
9 9 6 8 12 10 12 10 5 11 9 10 12 10 6 10 10 7 7 12 10 11 8 11 11 8 12 9 5 9 7 12 11 11 5 6 8 5 9 6 12 12 10 9 9 10 11 5 9 8 10 7 11 
9 12 11 5 8 7 12 12 5 7 5 10 5 5 7 7 8 5 11 11 6 7 11 10 12 9 5 10 11 11 8 9 11 11 9 11 6 9 7 10 7 5 6 6 5 8 9 8 11 9 12 9 10 
9 9 8 8 8 9 12 11 9 6 7 9 12 6 12 10 12 10 10 8 8 8 8 5 5 6 12 6 11 8 7 7 6 11 11 7 9 11 8 5 6 10 11 11 9 10 8 10 6 5 10 7 8 
11 8 12 11 12 10 10 12 6 12 5 8 9 10 8 10 9 6 11 9 12 5 10 9 5 8 8 9 8 10 12 5 7 6 11 12 12 11 6 5 7 9 5 5 11 6 12 5 12 5 12 10 12 
7 5 12 6 12 12 11 10 11 8 7 11 8 9 7 5 6 10 12 11 6 6 7 8 6 9 8 12 5 9 9 9 6 5 10 7 12 12 6 5 5 9 6 8 9 6 12 9 12 7 11 10 10 
8 5 9 11 9 5 9 8 9 6 5 12 9 11 6 6 10 9 7 7 10 10 7 7 10 11 6 5 12 8 12 6 12 7 6 12 11 10 11 11 12 9 6 9 9 7 12 5 5 12 9 9 8 
11 6 10 6 12 5 8 9 5 8 9 8 5 7 10 8 9 9 9 10 10 5 5 5 7 9 7 6 7 11 5 5 9 5 12 9 8 6 5 7 9 7 12 7 7 12 5 7 9 12 8 12 9 
10 7 6 9 5 12 12 10 12 8 8 5 6 10 12 5 9 5 12 12 9 6 6 5 12 12 8 10 12 8 9 7 5 7 11 6 7 5 7 5 5 5 9 5 7 7 5 12 6 8 11 5 6 
8 7 7 9 8 12 11 9 10 10 10 5 6 12 7 8 10 7 8 7 10 9 10 10 8 6 5 12 6 9 6 6 9 9 5 9 8 10 6 11 6 5 11 11 12 10 10 8 10 5 11 8 7 
7 5 5 8 7 9 12 5 8 6 9 10 5 7 5 5 10 10 9 11 12 11 8 8 12 9 7 6 8 6 8 5 11 12 9 5 7 6 6 8 7 5 6 11 9 5 12 6 12 8 12 10 7 
8 10 11 10 10 5 6 9 9 9 12 6 9 5 7 5 6 10 5 7 12 6 11 7 8 8 12 9 6 12 10 12 12 9 12 5 7 10 8 6 5 10 11 7 11 11 7 12 8 8 12 6 9 
9 11 7 6 7 6 8 5 9 12 5 6 7 12 12 7 5 7 9 8 10 11 6 9 9 5 9 11 7 7 6 5 7 10 7 8 10 5 9 5 11 7 9 5 10 10 7 9 7 9 10 12 10 
11 12 5 8 8 6 9 9 11 7 8 7 9 9 7 9 9 5 6 9 12 9 11 11 7 7 7 8 7 7 7 10 12 7 6 8 9 11 9 12 11 8 11 11 7 5 10 12 9 11 9 5 11 
12 7 10 11 11 8 8 8 10 11 9 6 10 12 9 7 6 11 8 12 9 12 9 5 9 8 11 6 12 12 5 11 10 9 7 5 11 12 6 5 11 6 9 8 10 7 10 11 9 7 7 9 10 
5 10 11 7 11 5 7 6 9 10 5 12 9 10 5 7 11 12 5 8 10 8 10 9 7 5 12 11 5 8 8 12 12 6 8 6 10 11 5 11 6 12 8 8 7 10 5 8 5 8 9 11 6 
7 5 6 12 8 11 5 5 10 9 6 11 12 5 7 12 5 7 11 5 10 5 9 11 8 10 5 10 11 8 11 10 6 9 10 6 12 8 5 7 6 5 8 9 6 9 9 11 11 6 12 5 6 
11 12 5 12 7 7 11 5 11 9 6 5 5 11 6 9 10 5 11 12 12 10 5 10 12 12 6 5 10 8 6 6 11 11 5 6 10 12 6 5 10 12 10 12 10 11 10 6 10 5 9 12 5 
5 9 9 8 9 5 10 10 6 7 11 12 5 12 6 11 6 12 5 12 12 6 10 7 10 11 5 7 12 10 5 9 8 12 11 11 6 8 12 7 7 10 5 7 10 8 11 11 5 6 11 10 9 
10 8 5 6 10 12 10 10 12 9 7 12 6 7 5 6 7 9 8 10 6 11 12 11 10 7 10 7 10 8 11 12 6 6 12 9 5 12 10 7 8 6 8 8 7 7 7 6 11 10 6 7 11 
7 10 7 11 8 7 6 10 12 8 12 10 12 11 11 6 5 8 12 7 5 12 12 7 9 9 8 10 6 8 6 9 7 10 6 9 7 11 10 12 7 8 10 7 10 10 10 11 6 12 8 7 6 
10 8 6 6 10 11 5 7 7 8 8 12 11 9 6 12 5 9 10 8 12 12 11 7 11 8 6 9 5 11 10 9 10 5 12 6 11 7 5 11 10 12 9 6 6 7 9 6 6 5 11 9 11 
12 7 12 11 5 6 12 11 6 7 5 5 10 10 9 11 5 8 11 10 11 10 5 10 8 9 6 5 5 6 8 6 10 12 9 5 7 10 8 8 8 5 11 11 8 6 7 11 12 8 7 7 11 
12 8 8 5 8 5 11 10 5 6 5 12 8 6 7 8 12 5 9 9 6 11 11 5 9 7 10 12 11 7 8 6 8 8 8 5 5 9 8 11 7 11 7 12 5 11 9 7 11 11 9 9 9 
5 6 11 12 10 9 6 11 11 6 12 12 6 9 8 8 10 11 8 12 6 5 10 10 7 12 5 7 9 6 9 6 9 12 10 5 8 8 9 7 10 8 11 10 7 12 6 9 10 5 10 12 9 
6 12 6 12 8 9 8 9 8 8 5 6 11 8 6 9 6 5 6 5 7 5 8 6 8 8 8 7 5 7 7 10 11 12 11 8 12 11 6 9 8 7 6 6 6 7 5 5 11 10 10 12 10 
10 8 10 6 5 5 11 12 9 5 10 12 9 8 12 8 11 10 10 6 5 9 7 11 7 12 11 9 9 10 7 10 8 9 10 5 6 8 12 9 8 7 9 8 12 5 8 6 10 10 12 9 10 
6 10 11 6 10 12 5 10 6 6 7 9 10 7 6 9 9 11 5 11 11 6 7 12 10 11 11 7 7 6 9 6 6 7 5 6 7 8 10 11 6 8 8 12 5 9 8 9 9 7 7 10 10 
11 10 9 7 6 10 10 9 10 8 10 7 5 10 6 11 7 6 6 10 7 6 10 9 8 12 11 6 10 8 5 5 6 9 11 12 10 9 12 9 6 12 5 10 6 9 7 6 9 9 10 10 9 
8 10 6 12 10 9 9 10 8 5 10 8 11 11 9 5 8 12 5 11 5 7 8 8 11 8 8 5 12 7 6 7 7 12 12 12 9 10 11 8 6 9 11 9 9 8 6 7 8 10 7 9 12 
9 7 12 7 9 9 5 7 6 7 8 10 8 11 10 10 6 10 12 11 9 6 9 10 11 12 10 9 7 6 7 8 10 9 10 6 10 9 7 9 6 11 6 10 7 11 12 12 6 8 6 6 6 
5 7 7 10 9 5 10 10 9 7 10 10 12 9 8 12 8 12 10 8 11 7 6 8 12 10 8 9 11 5 8 7 7 5 8 7 7 7 12 11 10 7 10 10 10 11 12 6 6 11 12 10 8 
12 7 12 7 6 5 7 5 11 9 12 11 9 12 10 12 9 6 11 8 8 7 9 10 6 11 9 11 6 5 6 8 5 5 9 10 7 12 8 5 6 8 5 11 12 11 9 10 11 9 9 11 10 
10 7 12 11 12 11 8 11 5 12 5 10 7 9 6 12 5 5 11 7 5 11 6 6 7 6 7 12 12 5 11 5 10 12 7 10 8 6 11 11 5 10 5 11 6 12 12 6 7 5 7 6 9 
5 12 6 5 8 5 6 8 7 8 9 8 9 5 11 6 10 6 6 12 10 10 7 9 8 10 5 11 9 9 10 12 12 5 6 8 8 11 7 5 8 10 5 12 6 5 5 7 5 7 12 12 11 
11 7 9 7 10 9 8 8 9 5 5 7 9 12 5 5 8 8 10 7 9 10 5 9 7 10 11 9 8 5 10 6 8 11 5 9 11 9 7 10 7 5 5 6 8 9 7 7 6 9 8 5 5 
8 11 12 12 8 9 5 8 8 8 10 9 11 6 12 12 7 7 7 11 11 11 9 11 5 12 7 12 10 6 8 6 7 7 6 10 8 9 10 6 7 6 7 6 7 12 10 7 9 9 8 5 7 
8 9 8 7 12 12 10 11 5 10 12 6 9 7 10 9 5 7 12 8 12 5 7 6 6 10 11 8 12 12 5 8 12 5 8 9 9 6 8 11 12 11 8 7 8 8 12 5 10 12 9 11 8 
5 12 10 5 5 8 12 10 12 12 8 6 5 12 9 8 5 6 11 12 10 8 8 5 8 9 10 11 10 5 10 5 6 5 9 8 10 6 12 8 6 8 5 6 10 10 8 11 10 12 11 5 7 
6 10 8 7 7 10 6 7 8 12 9 9 10 12 8 9 5 10 8 12 11 8 5 11 12 6 10 12 11 11 6 10 8 5 7 6 8 11 11 6 10 8 12 5 11 10 12 10 5 12 10 6 11 
9 11 8 8 11 5 11 9 11 7 12 8 9 5 12 10 5 11 12 11 7 8 10 9 5 5 6 6 11 5 10 10 8 8 10 8 6 11 8 7 10 10 11 5 5 8 9 7 10 6 11 11 9 
10 8 10 11 10 12 8 7 10 10 6 5 10 8 11 9 12 10 6 9 12 10 6 10 9 6 5 9 11 10 11 6 5 8 7 5 12 5 12 8 9 6 9 7 12 10 8 10 9 10 12 8 8 
6 5 8 7 10 6 9 10 9 9 5 6 9 9 11 11 7 8 5 9 12 10 7 12 9 9 10 10 6 11 7 11 9 9 7 11 5 9 11 5 9 6 8 8 11 6 5 6 12 5 8 10 6 
9 5 10 12 5 8 6 8 9 6 8 10 10 7 12 8 6 7 10 9 11 5 9 7 8 11 6 12 12 7 5 11 6 9 7 11 12 6 6 7 8 12 5 10 8 8 11 10 5 12 9 9 6 
5 9 12 6 12 10 5 11 11 10 12 9 10 11 6 6 10 9 12 7 11 10 8 11 9 7 11 6 12 11 10 9 8 9 10 8 9 11 9 12 11 8 8 10 10 5 6 11 6 8 6 5 9 
9 12 11 11 9 11 9 5 7 11 11 5 9 9 5 10 8 8 5 9 8 7 9 7 6 10 11 8 10 5 12 7 7 6 8 6 9 11 6 8 6 12 11 6 8 10 7 7 10 8 8 11 9 
9 6 10 5 11 7 8 8 10 11 5 7 7 10 10 6 10 5 5 8 6 11 9 7 12 5 8 9 11 12 11 12 7 9 11 11 7 5 8 10 12 10 10 6 6 10 7 9 8 6 12 12 8 
10 7 5 8 7 12 12 8 9 7 9 8 10 10 8 8 6 7 7 11 9 7 7 11 6 12 9 6 10 5 11 10 8 8 11 5 5 5 12 8 7 7 7 12 10 6 11 6 11 12 8 7 8 
5 8 7 7 10 7 11 7 7 12 12 5 12 9 11 7 9 8 10 6 5 6 12 7 9 5 7 10 8 12 9 8 10 9 9 6 9 10 8 7 11 8 7 9 10 6 10 6 9 9 6 6 8 
7 7 11 9 5 5 5 11 12 8 7 6 11 9 10 9 11 11 8 9 7 10 12 11 10 11 8 12 6 12 7 7 10 5 12 7 11 8 10 5 7 12 6 11 6 8 10 10 10 6 12 9 8 
6 6 7 6 5 6 12 8 5 9 11 6 7 12 10 9 6 11 5 6 6 5 8 9 5 8 11 6 9 9 11 11 10 7 6 10 8 9 7 6 8 12 12 12 12 9 12 5 9 7 12 8 5 
5 12 5 8 11 6 7 10 9 6 10 6 7 8 5 5 7 6 9 6 8 9 12 12 5 11 7 8 5 11 6 9 12 8 9 10 10 9 6 11 11 12 10 10 7 5 8 11 10 9 9 5 6 
12 5 8 7 8 8 12 7 8 8 11 12 12 6 10 7 5 11 11 6 11 5 7 5 12 11 10 8 8 5 8 12 11 7 7 7 11 8 12 12 11 5 10 11 7 11 8 9 9 6 11 12 12 
11 12 10 6 5 11 11 11 6 12 11 7 11 9 5 12 6 8 12 6 6 6 11 11 9 12 8 7 5 10 12 6 12 9 7 11 6 5 9 9 11 11 12 8 9 6 8 11 10 8 7 7 10 
8 11 6 8 7 12 5 11 8 6 11 7 7 10 11 7 8 12 11 5 12 6 6 8 7 11 7 6 5 5 8 10 7 11 9 7 8 5 12 6 5 10 9 12 5 5 6 8 5 11 9 11 7 
8 9 9 11 11 9 7 6 7 7 6 11 11 12 7 8 11 12 6 10 8 9 12 11 7 11 8 11 6 11 6 12 12 8 11 11 9 9 8 12 11 12 5 5 10 7 7 6 7 5 5 6 9 
11 7 10 7 11 8 10 5 9 6 12 9 12 7 6 5 7 7 6 10 9 7 11 10 10 8 10 7 7 8 10 11 7 12 9 7 6 7 10 8 10 10 7 7 5 5 12 7 11 12 12 12 12 
5 8 10 12 9 12 12 9 10 12 7 5 12 8 6 12 6 12 7 8 11 11 5 11 12 5 8 12 8 6 10 7 7 9 11 6 11 5 7 12 8 6 6 12 6 7 12 5 5 7 10 9 8 
10 5 6 12 10 6 12 11 5 10 8 12 8 11 8 6 12 6 8 5 8 6 5 11 7 9 8 11 12 9 6 10 11 6 5 6 10 10 9 12 8 6 8 5 12 11 10 9 9 11 5 7 8 
8 8 10 7 5 7 8 9 5 6 8 7 8 9 10 5 5 12 12 7 12 6 9 5 11 12 12 5 12 11 6 8 5 5 5 8 8 8 5 9 12 11 11 12 12 11 7 12 6 5 10 11 6 
12 9 12 12 5 9 7 11 9 11 8 12 12 9 8 11 12 10 9 7 11 10 12 8 8 6 6 12 11 7 10 11 8 5 8 12 6 5 7 7 9 6 6 12 12 8 10 12 11 6 11 7 7 
6 7 5 11 7 11 9 7 10 7 11 11 12 9 12 7 11 5 8 9 6 12 7 6 10 11 12 12 10 6 10 7 7 12 11 11 9 11 12 10 12 7 5 5 6 8 5 8 8 10 6 10 12 
10 12 10 6 5 11 8 6 10 10 11 12 11 11 7 12 7 5 10 5 12 11 6 5 12 6 9 7 5 8 11 7 6 11 8 5 7 10 8 9 8 5 11 6 12 11 8 9 7 11 7 12 5 
12 6 6 5 6 9 6 7 8 6 8 10 12 8 6 9 7 10 11 6 5 6 12 8 5 6 8 9 8 11 10 11 8 12 12 12 7 10 5 7 5 9 6 5 7 9 10 12 12 6 5 7 9 
5 7 6 7 9 8 7 11 12 6 5 7 9 12 8 8 10 6 5 8 5 10 8 12 5 9 7 8 6 7 8 9 8 6 6 11 8 10 8 5 12 9 11 10 5 9 9 9 10 6 9 7 10 
12 9 11 10 10 10 10 8 8 11 5 7 10 8 8 5 5 5 12 9 10 5 7 8 9 8 10 10 8 12 11 8 11 10 12 9 6 5 12 6 9 7 5 10 11 5 6 6 10 12 9 12 10 
12 7 10 12 11 11 9 9 5 12 7 8 11 7 10 12 9 5 6 9 5 9 8 8 5 12 12 9 7 12 12 8 7 10 10 12 5 12 9 12 5 11 6 10 11 5 12 5 6 5 9 9 12 
9 11 10 6 12 7 9 6 5 11 5 6 9 10 6 11 5 8 7 10 6 6 10 10 12 9 8 10 12 6 8 12 5 9 8 10 5 6 10 7 5 7 9 10 10 8 5 7 6 7 10 6 7 
7 7 8 5 7 6 7 10 7 7 5 5 11 11 8 7 11 6 12 10 9 11 10 7 5 6 8 7 6 6 9 12 9 10 6 9 7 6 12 7 10 6 8 9 8 10 9 10 12 10 5 6 9 
12 6 6 8 12 6 8 12 11 9 7 12 11 11 6 9 9 10 11 8 12 12 10 10 6 11 6 10 9 8 7 7 11 7 9 11 5 10 10 11 8 8 6 7 9 7 6 12 7 7 6 9 10 
9 6 7 6 8 12 5 8 7 7 10 9 12 7 12 9 11 11 9 6 5 11 12 12 11 8 10 7 5 8 5 7 8 6 8 11 8 10 5 10 10 5 12 5 5 8 12 9 9 5 7 12 9 
5 9 6 5 11 9 10 12 10 11 12 8 11 5 5 10 9 9 5 7 9 11 8 11 11 11 5 5 6 5 11 11 12 7 12 8 9 10 7 11 10 5 8 9 11 6 11 6 10 11 9 8 10 
8 10 12 10 9 12 6 8 10 10 11 8 6 9 9 9 5 7 10 9 9 12 12 8 11 6 12 11 9 7 12 10 11 10 11 12 6 7 12 9 8 10 10 9 5 11 10 11 10 9 9 8 8 
8 8 9 11 5 5 6 12 7 12 8 11 9 5 9 9 5 8 11 5 11 6 7 5 10 10 7 8 6 9 5 10 11 5 6 7 9 8 9 11 8 7 12 10 6 12 9 11 7 9 5 10 12 
10 10 7 7 10 5 9 6 8 10 6 6 12 6 7 9 5 6 8 11 5 6 6 10 7 5 12 12 7 7 7 6 11 10 9 10 9 5 11 8 9 6 6 8 12 11 11 6 5 12 9 7 6 
7 8 12 6 11 12 5 11 9 12 8 11 7 11 10 7 7 7 12 9 9 8 10 5 12 11 8 6 10 8 5 11 5 8 5 10 12 11 10 11 11 9 11 9 10 7 7 12 12 12 12 10 10 
5 11 7 9 6 6 11 10 11 5 11 9 6 5 10 8 8 10 10 5 5 6 5 9 11 11 9 10 12 5 11 11 5 12 11 10 6 9 9 11 10 6 6 11 9 11 7 8 5 6 5 7 9 
10 8 5 9 12 5 10 5 10 5 11 8 12 8 7 9 8 10 5 7 9 5 12 10 7 7 10 8 5 6 9 5 7 9 7 7 10 8 5 9 8 7 10 5 12 7 9 8 12 5 8 8 5 
7 10 9 10 12 8 9 8 12 11 9 12 8 5 5 6 11 9 6 10 9 8 6 12 6 6 10 12 11 12 7 10 12 7 6 12 6 8 10 6 7 6 5 9 6 9 5 7 5 8 12 6 11 
5 9 11 7 7 9 9 10 9 10 10 5 9 9 12 11 12 10 8 8 8 8 7 10 10 6 6 6 8 5 5 6 10 7 10 10 5 11 10 5 7 10 11 9 10 10 11 5 11 8 5 6 10 
11 6 12 7 7 11 7 11 8 6 9 5 7 8 5 6 9 8 9 7 6 5 8 9 8 9 11 5 5 6 9 5 6 6 5 10 9 5 7 8 12 9 5 7 11 6 10 12 11 11 8 7 8 
9 11 6 12 5 6 9 9 11 10 7 9 5 11 10 12 5 6 7 10 8 8 9 9 11 9 5 9 10 9 8 6 6 9 8 6 7 5 9 12 11 8 10 12 6 9 7 8 10 12 8 10 8 
12 9 10 8 8 11 11 6 12 11 9 6 10 9 6 8 8 12 6 7 11 5 6 7 12 9 12 5 10 10 11 12 9 8 6 5 9 12 8 6 10 6 9 6 6 8 12 8 7 10 6 6 12 
7 9 8 6 8 10 6 7 7 7 10 5 7 5 9 12 10 9 11 10 11 6 8 6 5 7 6 11 11 5 9 10 10 11 11 6 12 8 12 12 7 12 10 10 5 7 12 7 12 6 12 12 9 
8 12 9 8 8 11 11 8 11 8 5 5 5 5 5 5 7 7 8 8 11 5 8 9 11 8 12 10 7 10 9 7 6 10 8 10 7 6 8 7 8 10 5 8 7 8 9 12 6 8 11 11 12 
11 5 5 10 10 10 12 12 5 8 7 9 9 10 9 12 8 9 9 12 7 11 11 8 12 12 7 7 7 5 8 7 11 11 8 5 5 10 10 12 12 9 8 9 9 7 6 7 9 6 6 6 8 
6 6 10 9 6 7 8 11 7 7 12 6 9 10 9 7 11 12 9 8 12 10 6 11 7 9 7 8 7 7 7 5 7 9 11 6 5 5 11 5 8 9 10 11 8 11 9 8 5 10 9 8 10 
5 8 7 11 11 6 5 5 10 7 5 5 12 12 11 11 7 6 5 8 12 10 11 7 11 12 9 8 12 5 5 10 9 6 12 10 10 10 10 7 9 6 9 8 7 5 9 8 7 10 9 8 10 
12 6 6 10 9 10 5 11 12 6 5 6 9 11 12 8 12 12 5 10 12 8 8 11 5 8 10 11 6 12 7 9 8 11 5 8 9 10 11 5 8 12 10 12 9 11 10 11 11 6 8 7 9 
11 6 6 6 7 11 5 12 12 5 11 6 10 5 5 12 10 10 11 7 6 9 11 6 5 11 5 9 6 6 7 12 10 9 10 6 7 11 12 10 10 11 7 5 12 5 9 10 9 11 6 10 5 
10 11 8 8 7 5 12 12 10 10 6 12 9 5 6 7 8 8 9 5 8 12 7 9 5 5 10 8 5 12 9 9 6 5 6 5 7 10 5 9 9 7 7 9 7 9 6 8 12 8 9 6 12 
12 10 8 6 7 6 6 8 7 12 9 12 7 10 12 9 6 12 12 5 8 7 11 10 12 5 9 6 6 10 12 8 6 7 10 7 9 12 12 5 5 11 6 12 11 10 12 8 8 9 7 5 12 
5 7 10 8 5 11 7 9 11 8 11 10 5 7 8 9 5 10 11 8 5 7 7 7 7 5 9 8 12 7 10 11 11 8 8 12 12 6 6 9 6 9 5 8 6 6 10 9 9 7 10 7 11 
5 12 5 9 9 6 6 12 6 11 6 7 12 11 7 11 9 11 6 9 8 6 8 8 7 12 7 7 11 11 10 5 7 11 11 7 5 6 10 10 12 8 11 10 11 11 11 10 5 6 9 5 5 
7 10 12 11 6 5 9 8 12 9 11 6 5 11 11 12 10 12 6 9 9 11 12 6 8 7 9 9 8 8 10 7 7 6 10 10 9 10 5 11 8 12 5 10 9 12 11 12 8 5 8 12 7 
6 5 5 11 11 8 6 8 12 7 7 6 5 10 11 12 5 12 7 12 11 10 10 7 6 8 5 10 11 8 5 9 5 12 7 11 7 6 11 6 6 6 12 5 5 12 7 7 8 6 10 10 6 
12 7 7 9 10 8 8 7 6 5 7 6 10 12 9 11 12 9 11 12 5 7 11 7 7 5 11 10 10 12 9 5 9 8 10 5 8 5 9 10 9 12 10 10 7 6 12 7 10 8 6 7 5 
7 9 12 12 6 6 11 10 6 10 8 10 6 7 10 12 11 5 10 10 9 9 10 11 10 12 12 8 7 7 8 6 5 5 10 11 9 11 11 12 8 11 7 6 8 7 8 12 11 12 9 9 5 
12 5 6 11 9 8 6 6 7 6 7 9 9 11 12 7 7 10 9 9 6 11 7 7 9 7 9 12 6 5 6 7 12 10 7 7 12 12 11 6 5 8 10 10 5 5 7 8 12 9 9 9 11 
10 11 10 5 7 11 7 12 8 8 8 8 11 8 6 12 9 8 7 9 8 5 8 7 10 11 11 9 6 12 10 8 5 11 10 11 8 10 11 6 9 8 7 8 7 7 9 9 5 5 8 12 5 
9 12 9 9 9 9 6 10 10 10 7 5 7 7 12 11 5 9 10 7 7 5 5 6 5 8 12 10 10 10 5 7 6 6 10 10 9 9 12 6 10 9 8 8 7 8 7 6 5 9 10 12 11 
10 5 7 10 10 12 6 7 5 12 6 12 6 11 12 11 12 10 8 5 8 9 8 11 6 12 10 11 10 5 7 12 5 11 12 5 8 9 11 11 8 9 10 10 10 11 9 7 9 8 10 11 6 
12 12 10 8 12 8 5 12 12 8 12 6 12 12 8 9 12 8 8 11 5 11 10 5 10 8 5 9 7 10 12 5 8 12 5 7 6 7 11 9 6 7 9 7 10 8 9 6 12 12 12 7 7 
9 10 5 8 9 12 12 6 10 8 10 6 7 12 10 10 6 7 6 11 12 5 5 12 6 9 6 9 9 8 12 8 12 11 10 6 12 5 9 5 8 6 7 5 7 7 10 9 7 7 6 11 7 
6 11 10 7 8 10 11 6 12 9 6 12 5 6 11 10 8 8 5 6 7 12 5 11 6 7 10 9 12 7 7 9 5 7 5 11 5 10 11 11 7 7 11 9 7 6 8 9 5 11 5 11 11 
8 7 11 8 8 5 11 6 9 6 8 9 9 12 11 10 5 8 8 11 6 7 12 11 5 11 10 11 7 5 7 10 12 9 7 7 5 10 7 5 5 9 5 12 10 8 5 5 12 11 5 6 5 
9 11 7 8 6 6 12 7 5 10 12 8 6 7 9 8 10 12 9 11 6 9 12 10 7 10 7 6 11 11 9 12 9 8 12 10 9 11 6 9 6 12 8 11 11 12 7 6 12 10 9 10 7 
10 10 8 11 11 8 12 8 8 12 12 7 9 10 9 10 11 10 5 7 5 8 5 10 12 8 10 9 9 7 11 12 10 6 5 12 7 8 5 10 5 6 5 11 8 9 5 11 12 8 12 9 5 
10 8 10 8 6 10 8 10 9 5 11 7 8 8 8 5 6 10 10 10 9 6 6 12 8 7 12 8 7 6 11 12 7 9 11 9 7 6 9 11 8 9 6 11 7 10 9 7 12 10 7 8 11 
8 8 12 8 7 11 5 9 10 5 10 6 11 6 5 12 7 12 5 11 6 12 12 5 10 6 12 8 7 9 5 5 10 7 10 9 12 10 5 12 9 7 8 9 11 10 6 5 5 10 8 12 5 
6 12 8 9 8 12 11 6 9 11 7 5 5 5 11 7 8 7 9 10 10 12 6 12 7 10 10 7 10 5 9 6 11 10 9 7 6 6 5 9 6 8 8 8 9 5 6 7 6 11 8 6 5 
8 7 12 6 11 11 6 12 10 11 8 11 6 8 11 8 12 5 8 8 6 10 12 12 10 10 5 11 9 9 12 8 10 10 11 6 7 7 9 9 9 10 12 7 8 12 6 6 5 5 10 8 12 
11 9 5 12 6 8 7 9 11 5 12 12 7 10 7 8 7 9 8 8 6 9 5 8 7 7 9 10 11 8 5 10 12 6 12 11 11 9 11 11 8 9 8 12 8 9 9 5 11 5 9 9 6 
8 8 6 7 7 8 9 8 10 7 7 5 12 9 7 9 8 5 7 6 7 12 12 11 7 5 6 11 6 5 11 12 8 5 10 5 5 12 11 12 7 6 5 6 10 5 8 8 12 7 5 6 7 
9 11 10 5 11 11 7 12 11 5 6 10 6 12 9 10 12 8 6 7 11 11 7 9 7 7 7 6 9 5 7 10 5 9 11 10 9 12 6 6 11 9 5 5 10 5 11 5 8 9 8 11 5 
9 7 8 7 10 8 5 10 8 11 8 11 5 7 7 9 9 10 12 5 6 9 10 9 11 10 8 8 12 8 11 5 8 7 8 6 11 9 10 10 12 8 9 8 9 5 12 10 10 9 8 10 12 
10 9 12 7 7 8 5 10 7 6 10 6 7 9 11 8 11 12 9 10 8 11 6 12 7 8 12 7 12 7 9 11 7 9 10 10 10 7 6 12 5 5 12 12 7 10 6 11 6 12 8 11 9 
9 12 6 11 11 8 9 10 12 11 11 9 11 11 10 11 5 11 9 10 7 11 10 7 11 8 10 10 10 6 5 11 9 11 8 10 6 5 6 5 5 7 12 8 6 8 9 10 9 12 8 5 5 
8 9 6 5 8 7 6 5 11 10 8 11 9 8 12 9 12 7 11 10 5 7 12 11 8 6 7 12 10 11 8 7 10 7 5 8 6 9 11 5 8 9 7 9 9 7 9 11 11 5 5 12 5 
10 5 9 11 8 9 6 5 9 9 12 9 5 12 11 11 7 10 12 11 10 7 8 8 5 8 5 12 6 11 11 8 6 10 9 10 9 9 6 11 10 9 5 6 12 11 7 6 11 8 7 7 12 
9 11 8 11 11 7 7 12 5 6 5 12 5 11 12 8 7 12 6 6 7 9 8 11 10 12 7 12 8 9 9 9 5 7 8 7 8 8 10 5 11 6 12 10 12 6 9 5 11 9 5 12 5 
8 7 9 8 9 6 10 9 8 11 8 11 7 8 11 8 8 7 11 12 10 6 10 8 11 9 8 5 5 9 7 9 12 12 8 7 6 12 5 10 12 12 9 10 9 9 5 11 8 5 5 9 11 
10 10 9 9 5 9 12 7 9 12 5 11 5 7 5 12 8 5 12 6 5 12 11 5 10 7 8 8 5 11 10 8 8 12 6 9 12 8 9 8 5 12 7 5 5 6 11 11 11 10 7 6 5 
9 7 12 11 8 9 7 6 5 7 10 9 6 9 10 7 5 12 7 5 7 8 11 9 5 9 10 12 5 11 11 12 9 11 6 12 7 12 6 8 11 8 9 12 10 8 5 12 8 5 5 10 5 
7 5 11 12 6 10 11 12 8 5 10 10 10 10 6 6 10 12 11 5 12 12 9 7 12 9 6 10 12 10 11 7 6 10 10 11 12 11 8 8 5 6 8 5 11 9 9 12 11 10 8 11 5 
11 9 5 5 7 10 9 8 5 8 11 11 10 7 10 9 11 12 10 11 12 5 10 5 10 11 9 7 8 6 5 9 8 10 12 10 7 10 6 11 6 10 11 7 7 8 9 6 5 6 8 10 7 
9 10 9 6 6 5 5 5 6 11 9 8 7 12 5 8 5 10 11 7 8 5 10 6 8 8 11 7 6 12 10 8 5 11 7 5 9 8 6 9 7 5 12 6 5 5 12 11 11 11 9 5 10 
11 12 10 12 7 7 10 5 12 11 6 8 7 7 6 12 10 11 5 9 12 12 8 6 7 8 7 5 11 12 11 9 11 12 9 6 7 12 5 10 10 12 10 10 5 9 9 8 11 9 9 12 6 
7 6 9 10 9 5 10 9 6 6 12 7 11 11 5 6 8 9 5 5 7 12 12 12 12 7 12 12 11 12 9 12 6 9 6 7 7 12 10 12 5 9 11 6 10 9 9 6 12 5 6 5 10 
11 5 6 10 8 9 11 8 7 7 7 9 9 6 12 9 5 5 6 10 10 7 8 7 11 11 5 8 10 6 10 6 8 5 10 9 11 5 9 7 10 6 5 8 5 8 10 8 8 12 6 5 9 
6 5 10 8 10 5 11 7 12 11 10 10 12 8 10 9 10 7 9 11 7 8 11 6 12 10 12 12 6 12 6 7 11 5 5 9 6 12 7 5 9 10 8 10 11 8 12 9 8 11 6 5 9 
7 9 11 11 10 5 10 12 8 5 12 11 8 6 5 8 12 10 12 12 6 6 8 9 10 9 12 5 7 6 6 12 10 11 5 12 12 11 9 5 10 9 7 8 6 7 5 6 12 5 11 5 8 
5 11 7 6 7 10 11 9 9 7 8 8 9 11 7 7 6 10 9 10 11 9 9 7 6 8 11 12 8 11 12 6 5 11 12 12 7 10 10 11 6 7 6 11 11 6 5 10 5 12 8 8 12 
10 6 11 11 7 12 12 11 11 10 9 6 9 8 12 9 5 8 12 6 7 5 10 9 6 5 7 9 8 11 12 9 8 8 10 8 10 11 12 6 12 6 9 8 5 11 6 5 10 7 12 9 6 
6 5 10 10 7 5 10 5 9 7 5 6 6 5 12 8 7 12 8 5 9 7 10 6 6 10 11 10 6 10 7 5 8 12 8 10 12 12 8 5 11 7 7 10 9 10 6 10 9 12 10 7 9 
9 5 5 8 9 10 12 6 8 8 11 11 7 9 8 10 12 11 5 7 5 6 5 7 11 7 7 7 12 12 9 8 9 9 10 9 9 11 9 6 5 11 9 7 7 6 9 12 5 10 7 7 10 
11 6 10 6 7 8 12 12 6 5 6 5 6 11 10 12 6 8 6 9 10 7 5 10 6 8 7 7 7 11 11 12 6 5 10 5 6 12 5 5 8 8 9 7 12 11 10 8 11 10 6 5 11 
12 12 9 11 11 5 10 8 8 9 5 7 12 5 6 11 12 12 5 9 12 11 5 10 8 9 7 10 7 7 7 7 9 12 5 11 10 5 6 5 7 11 12 5 9 5 11 7 8 8 5 10 9 
11 9 10 11 8 8 10 6 8 8 6 5 6 12 7 6 7 11 8 8 8 8 10 12 9 11 11 7 9 6 11 6 10 10 10 11 6 10 12 8 10 8 7 9 9 8 7 7 12 10 8 10 9 
11 12 6 10 6 12 9 8 6 12 12 7 8 11 9 11 7 8 12 11 8 12 12 5 7 11 12 11 9 12 5 5 12 12 7 7 12 5 7 12 7 5 11 10 11 12 12 8 6 6 11 5 6 
11 7 11 11 11 6 5 10 5 10 12 11 9 6 8 5 5 9 5 8 6 10 12 11 7 5 11 7 6 12 8 12 5 10 10 10 6 12 8 11 11 9 7 8 5 11 5 9 11 6 11 8 6 
9 11 8 10 11 7 10 8 8 10 8 9 12 10 6 5 7 6 6 6 9 12 11 6 8 7 8 8 7 7 9 6 9 9 10 7 7 9 7 11 7 5 12 9 6 12 6 8 6 6 9 5 11 
6 12 6 10 5 10 12 12 9 10 6 10 6 9 11 9 11 6 8 8 8 7 12 7 7 10 7 10 9 6 10 6 10 11 11 12 8 7 7 12 7 11 6 11 9 5 9 8 12 7 7 11 12 
8 9 8 11 10 10 11 6 12 11 11 10 8 6 12 6 7 9 7 11 12 5 5 10 7 8 5 12 11 8 10 8 9 9 8 8 6 8 8 5 11 9 10 5 11 6 10 10 11 9 6 12 5 
5 7 9 5 7 7 12 8 10 10 12 9 12 8 7 6 11 9 7 11 12 10 11 5 5 7 9 9 9 9 11 6 12 10 7 8 8 7 11 7 7 6 9 8 9 7 7 10 9 8 11 11 11 
11 5 12 9 11 5 11 7 7 6 7 11 6 11 9 9 12 10 9 5 12 6 6 10 6 9 10 11 10 9 6 8 6 10 10 11 5 5 7 12 9 7 8 10 10 5 6 10 7 7 12 5 12 
11 11 5 5 11 7 8 10 9 9 9 11 10 5 11 6 9 7 7 6 6 10 8 7 6 9 5 8 12 10 7 7 8 7 11 11 8 7 10 6 12 5 7 9 6 7 9 5 9 9 10 7 10 
11 7 12 5 9 9 6 9 9 10 5 6 10 12 9 5 11 7 6 9 10 10 9 5 6 12 11 6 7 11 12 11 12 5 10 10 5 5 9 12 11 8 5 12 5 8 6 12 12 8 11 8 8 
10 11 7 12 6 7 8 8 11 12 9 6 11 8 6 7 10 10 7 7 7 7 10 6 7 11 12 8 5 5 10 8 6 6 5 8 5 10 5 12 10 8 5 8 9 7 7 6 8 9 9 5 8 
5 9 6 8 7 5 9 6 11 6 8 8 10 6 10 10 12 7 11 8 7 6 9 7 6 8 10 7 6 11 12 11 5 8 6 12 11 8 5 11 6 5 9 6 8 10 10 5 12 5 5 5 9 
12 11 12 6 6 11 6 7 12 6 8 7 7 12 11 7 11 6 11 5 5 12 9 8 9 8 5 11 8 10 8 8 7 5 9 7 11 9 6 7 12 10 6 12 7 10 5 10 9 11 7 9 8 
7 8 9 12 12 12 8 7 10 10 10 8 6 6 8 6 12 8 12 11 8 7 11 7 6 9 12 7 12 7 9 5 12 5 12 10 6 8 12 10 5 11 7 7 8 11 10 8 12 10 6 10 9 
9 5 7 10 9 7 7 9 11 6 5 10 6 8 12 6 10 6 9 11 11 8 10 10 8 12 7 10 12 7 8 11 5 10 8 5 11 8 8 10 11 8 7 9 5 6 9 12 10 7 5 12 10 
5 11 12 5 7 5 12 8 12 6 7 11 9 9 7 8 10 11 7 6 6 11 8 8 6 9 8 8 6 5 9 7 5 9 6 9 10 10 11 12 8 10 5 10 11 10 8 8 11 7 8 6 8 
10 9 7 7 12 11 11 12 9 8 12 8 5 8 5 6 12 8 10 8 6 6 11 7 11 8 11 11 12 5 9 8 11 11 12 9 11 11 12 9 10 11 7 8 5 10 9 10 5 9 8 7 10 
8 7 6 5 7 8 11 10 6 8 11 6 6 6 6 5 10 11 12 7 8 9 10 11 5 5 7 5 8 7 11 12 5 12 8 7 5 9 11 10 11 10 12 11 10 12 11 10 6 8 6 8 9 
9 9 7 7 9 5 10 11 6 12 6 11 11 12 10 10 12 10 11 5 9 9 11 8 7 11 11 9 11 6 6 12 9 11 8 9 12 11 6 12 7 11 8 12 11 10 5 6 10 9 5 10 11 
10 5 6 7 11 7 9 12 5 8 11 7 8 6 12 7 10 9 10 8 8 8 6 6 11 8 9 10 7 9 11 9 8 10 5 11 6 6 8 10 11 6 5 12 9 9 6 10 9 9 5 10 10 
8 11 10 7 11 11 6 5 6 9 11 11 8 5 5 10 8 5 6 7 8 10 8 6 10 9 5 9 8 12 5 10 7 10 8 5 7 5 12 10 12 10 9 10 9 7 11 7 6 8 8 9 7 
10 11 6 8 11 8 10 5 9 9 7 6 11 8 6 11 5 5 7 12 8 11 6 5 9 6 6 8 9 8 10 11 5 5 10 11 6 11 11 9 11 5 10 12 6 10 10 7 5 9 12 5 10 
8 6 10 5 6 7 12 8 6 10 10 11 5 9 11 9 5 12 11 10 11 10 9 11 5 8 12 11 8 8 7 8 9 11 10 9 11 9 12 5 9 8 6 12 12 12 9 11 7 6 11 6 9 
8 6 10 10 8 9 9 10 11 11 9 6 12 5 7 5 5 7 8 10 5 6 8 10 10 12 6 9 9 9 8 8 12 9 11 10 11 6 6 6 6 8 7 7 10 9 6 11 10 5 9 9 8 
10 7 7 12 5 9 11 12 6 6 8 5 12 6 10 9 12 9 6 9 6 9 12 5 8 5 6 9 7 8 6 10 11 9 11 10 11 12 12 8 9 9 8 12 7 11 5 9 10 12 8 12 5 
7 12 12 9 6 6 10 12 5 9 11 8 7 5 11 6 7 6 12 10 10 10 8 9 11 10 12 8 6 12 5 6 9 9 7 5 8 11 12 5 9 9 10 10 7 6 8 6 10 7 9 10 7 
12 10 10 12 8 9 6 7 12 7 8 7 9 8 11 11 5 7 8 10 8 7 7 11 7 8 12 6 8 7 8 9 7 9 10 8 8 9 5 7 7 8 12 10 5 12 11 7 11 5 7 10 12 
11 9 9 5 12 7 9 9 5 12 9 11 6 10 5 10 11 12 6 12 9 8 8 12 6 5 12 6 11 10 7 6 6 7 11 11 11 8 12 9 12 7 6 7 9 9 5 6 9 12 12 12 9 
6 10 8 12 10 10 6 12 7 11 5 7 10 7 8 6 5 7 10 11 8 7 5 9 7 6 12 8 12 9 7 8 6 9 7 6 9 10 11 5 8 12 11 7 9 7 11 5 8 11 10 11 7 
6 11 6 5 10 11 10 12 6 5 8 7 11 10 5 11 10 5 9 5 12 6 6 12 10 5 7 9 6 10 11 5 10 10 10 9 8 5 7 12 9 5 7 8 10 9 9 6 11 12 6 12 10 
7 11 12 8 6 12 6 10 10 12 9 11 10 10 6 7 8 6 5 11 9 5 12 12 12 9 12 6 7 12 7 6 6 6 8 9 6 5 9 5 10 5 11 9 11 9 9 9 5 8 6 5 7 
11 8 11 11 6 5 9 7 12 5 7 11 8 8 5 12 10 10 9 9 7 11 12 12 5 12 5 11 12 7 5 8 8 6 5 5 7 7 5 12 6 7 7 6 9 12 12 10 10 7 5 8 10 
10 12 7 6 6 11 12 11 9 5 12 5 6 12 11 5 12 11 6 9 12 5 6 8 5 6 6 6 10 9 7 5 7 9 10 5 8 11 6 5 11 12 10 10 6 7 5 7 12 10 12 6 12 
10 5 6 10 11 9 6 10 12 6 8 11 11 6 10 9 5 10 9 5 9 12 6 8 6 11 6 5 9 8 5 7 12 9 10 12 11 11 9 8 8 5 5 12 10 11 12 9 10 8 8 8 6 
8 10 11 9 5 10 9 10 8 12 6 12 10 5 9 6 12 7 11 12 12 10 12 6 8 11 8 8 8 9 10 10 7 5 8 8 10 10 7 12 5 6 8 10 10 7 11 5 11 9 11 8 10 
7 11 8 7 9 7 8 10 5 6 5 9 8 6 11 12 6 8 7 7 9 5 7 8 7 10 6 9 7 8 5 8 5 8 6 6 12 5 10 5 11 9 7 6 11 5 10 9 8 11 11 5 6 
6 9 11 5 5 11 6 8 11 9 6 11 11 10 6 12 10 7 10 12 5 8 5 5 5 5 10 5 8 8 9 12 10 9 12 11 12 10 10 5 11 5 12 10 12 10 7 10 7 5 9 7 9 
8 7 6 7 5 6 8 7 6 9 11 9 8 11 6 7 5 5 6 9 9 10 10 11 8 8 5 11 6 10 5 6 7 12 8 10 8 7 7 9 5 6 5 12 5 8 9 6 10 7 9 11 6 
7 10 9 11 11 6 6 9 5 6 10 5 12 8 6 7 11 10 5 5 8 8 10 7 10 10 10 11 7 9 11 10 12 11 6 10 6 5 9 5 9 9 7 10 7 9 12 11 11 10 12 7 7 
12 11 8 11 9 11 7 6 12 9 6 9 12 8 7 10 9 11 12 7 7 5 7 5 8 11 10 7 7 12 9 10 10 8 7 9 7 7 6 12 11 11 11 6 6 9 9 7 11 12 5 7 7 
11 10 5 8 11 6 7 8 7 12 11 9 8 12 5 12 8 8 9 5 11 8 11 9 8 8 5 10 12 8 9 10 9 12 8 7 5 5 11 6 5 9 8 11 11 6 6 7 5 5 12 11 9 
12 8 12 6 12 12 7 12 5 5 7 7 6 6 5 8 9 10 8 12 6 10 5 9 7 6 8 7 5 7 12 11 9 12 7 10 5 11 10 11 12 11 7 6 6 7 11 12 9 5 7 6 5 
8 9 11 6 12 9 12 8 8 9 11 6 8 11 12 11 11 10 10 5 10 10 12 6 11 9 10 5 12 10 11 12 12 7 8 11 7 7 7 6 8 9 8 11 12 8 12 6 12 7 8 8 11 
7 12 5 9 6 8 5 7 10 9 5 12 7 9 7 8 5 5 7 7 5 11 8 8 5 11 6 6 10 5 5 6 6 11 10 10 11 9 9 6 7 10 7 9 8 5 8 7 9 8 12 12 5 
11 5 11 11 8 12 8 11 9 12 11 9 11 7 6 7 10 9 8 8 5 10 12 10 12 7 11 11 7 11 9 8 8 10 7 9 11 6 12 9 5 6 9 5 11 11 5 11 5 5 7 5 11 
6 10 6 6 12 6 12 10 5 12 6 10 7 10 8 5 6 8 5 8 9 10 5 12 6 7 7 9 5 9 8 11 11 6 12 12 8 6 12 10 11 6 9 10 12 5 8 5 10 5 7 10 6 
12 6 5 8 11 10 7 9 7 6 5 9 6 11 5 9 12 10 6 11 7 7 7 9 8 8 11 12 11 5 12 6 8 11 6 9 11 12 5 9 8 10 9 8 12 12 9 9 8 7 6 7 7 
8 10 6 10 9 8 10 10 10 5 7 6 10 7 9 5 6 5 6 6 10 8 8 6 6 9 6 10 10 11 6 5 5 9 12 5 10 11 6 9 12 5 11 5 12 9 9 10 8 7 6 7 6 
9 9 5 10 12 10 9 12 12 7 11 5 6 9 7 11 12 7 9 12 5 9 7 8 11 7 10 9 9 10 12 7 5 11 8 7 10 12 7 12 9 12 7 9 9 7 9 6 12 12 10 9 12 
8 10 6 6 12 12 10 5 11 5 5 10 7 9 6 12 12 10 11 10 12 10 9 8 12 11 9 10 7 12 12 10 10 7 8 8 8 9 11 11 7 10 7 11 11 6 7 8 9 11 9 8 7 
12 12 5 10 5 12 6 7 7 12 8 6 6 11 11 12 10 11 9 8 11 6 5 9 8 9 9 5 10 5 10 5 12 11 8 7 6 8 8 12 11 10 12 12 7 10 7 6 5 10 9 5 7 
9 10 7 7 12 12 7 6 8 9 6 12 5 7 5 7 5 9 6 7 5 9 12 9 11 10 8 10 9 11 6 7 9 8 7 11 10 11 7 9 9 12 10 10 11 12 11 8 10 8 5 12 6 
12 6 6 6 6 9 11 8 5 10 11 5 10 7 12 8 5 5 9 9 11 9 7 12 6 9 9 7 6 10 10 5 7 10 12 12 11 8 6 6 9 11 11 6 5 9 9 9 11 10 7 7 6 
11 11 9 6 7 10 6 10 11 9 9 9 8 12 5 7 7 5 12 6 8 7 12 11 12 11 11 11 12 11 12 6 9 5 10 11 5 11 5 12 9 9 11 10 9 6 8 12 5 6 9 5 9 
6 6 12 8 10 6 7 12 5 7 10 9 7 6 5 11 11 12 12 12 9 10 11 11 9 6 9 10 10 6 12 6 10 12 6 12 6 11 7 10 12 9 10 12 7 6 12 9 11 12 11 5 10 
7 11 7 7 6 7 6 8 11 6 7 9 7 11 10 7 10 9 7 9 10 7 11 6 9 9 7 11 12 8 10 12 9 11 6 6 9 5 9 10 7 8 5 12 7 10 9 12 10 7 9 12 9 
8 12 12 8 11 5 11 5 11 5 7 9 9 6 7 7 11 11 6 10 12 6 10 12 12 10 6 12 9 10 5 7 5 9 9 10 11 12 11 7 5 12 11 7 7 9 10 7 9 12 5 5 9 
11 5 5 7 11 5 7 5 8 12 11 7 9 12 8 7 10 10 9 5 9 7 10 5 5 6 9 8 12 7 8 7 5 11 10 5 5 9 12 5 5 9 6 5 11 7 10 9 8 9 12 11 11 
12 10 9 12 5 6 7 11 12 10 7 10 5 12 6 8 10 10 9 8 11 7 7 9 8 7 9 7 8 7 7 10 11 8 5 5 5 6 6 10 11 12 8 12 11 11 9 12 7 10 7 9 11 
7 6 10 8 7 5 5 7 11 10 6 10 12 8 8 7 8 6 7 6 5 10 9 5 6 6 10 10 12 9 7 9 6 9 6 7 12 7 12 6 8 11 6 9 6 11 5 11 5 6 11 11 6 
6 11 11 5 5 8 9 7 6 12 5 11 8 5 12 11 7 11 5 5 11 12 10 12 5 11 9 5 7 7 11 7 11 8 12 10 7 8 5 11 7 7 7 7 11 7 9 7 11 9 11 10 9 
8 11 9 6 12 8 7 7 10 6 7 9 10 9 11 11 8 6 10 11 8 6 9 11 12 12 5 5 8 9 8 5 8 5 11 6 8 9 11 8 11 11 7 9 8 10 8 9 10 11 9 10 7 
11 10 7 12 6 8 12 7 7 7 7 5 8 10 6 5 5 10 9 12 12 6 9 10 7 10 9 5 6 11 12 12 6 9 8 7 7 6 9 6 5 6 8 7 12 8 5 12 10 12 11 12 7 
5 12 8 8 9 12 9 5 6 10 8 7 7 12 6 6 7 11 5 10 6 7 6 9 10 12 5 8 8 5 10 5 11 7 10 12 12 10 5 9 10 11 9 6 12 5 7 5 5 10 12 8 6 
5 11 6 11 9 8 9 7 7 8 6 9 12 8 5 11 9 11 10 8 7 8 10 7 11 11 10 5 6 11 5 7 8 12 12 8 6 6 11 8 10 5 10 6 10 10 9 7 11 10 7 8 7 
6 5 8 12 11 6 9 8 10 10 9 10 11 11 12 11 5 7 12 12 9 8 11 9 8 9 8 7 10 10 9 10 9 5 8 10 5 9 9 7 9 7 11 11 6 11 5 6 7 5 10 8 12 
9 8 10 11 12 6 6 11 9 12 8 11 11 7 5 11 11 5 12 9 11 5 9 7 12 11 9 10 5 11 11 6 6 12 12 9 12 8 6 5 5 8 10 10 6 12 11 12 11 12 5 8 8 
9 6 12 5 7 12 8 7 7 7 8 5 8 8 11 7 6 9 9 6 6 7 8 8 8 6 7 11 6 12 7 12 12 9 7 8 9 5 8 10 5 11 8 6 11 12 10 6 9 7 5 12 5 
7 12 7 11 6 6 9 12 9 7 8 9 11 7 11 8 6 9 8 6 7 7 11 6 10 12 9 9 7 10 6 6 11 5 12 12 9 8 6 6 10 6 12 6 11 12 7 5 6 5 7 9 12 
6 10 8 10 11 8 5 9 9 5 9 10 5 7 11 9 5 9 11 9 6 8 11 9 6 11 7 6 11 8 7 9 11 12 10 10 5 11 5 5 8 10 5 12 11 8 9 5 5 12 12 6 6 
11 9 6 5 9 7 5 11 10 7 6 7 9 12 12 12 9 11 12 9 10 11 10 7 7 6 6 8 5 8 7 5 6 8 8 9 7 12 11 5 7 10 12 11 9 5 7 7 11 5 5 10 8 
10 10 9 11 9 10 6 6 8 6 5 9 7 9 10 6 7 9 9 5 8 10 6 12 6 12 6 9 11 8 5 11 11 6 9 6 11 12 7 5 11 10 5 12 6 9 8 6 8 5 7 5 8 
8 7 9 6 10 9 11 6 6 9 10 5 6 7 6 11 9 11 10 10 12 5 7 7 7 11 7 6 9 7 7 10 7 8 9 6 9 8 9 5 5 5 6 9 9 12 11 10 11 11 7 5 11 
5 10 7 11 12 9 10 5 9 11 8 6 8 5 5 10 11 10 10 8 11 7 6 7 6 7 8 9 5 11 11 7 5 12 9 5 9 11 11 8 6 9 7 5 7 10 12 11 10 8 10 12 10 
5 5 8 6 9 12 11 10 5 5 8 5 6 11 6 11 6 10 10 12 8 10 12 5 11 10 6 5 9 7 11 10 8 6 5 5 8 6 10 11 6 10 7 5 8 5 5 11 10 6 11 5 9 
7 12 10 7 8 11 12 6 9 12 11 7 8 5 9 5 8 5 6 6 11 11 6 10 8 10 7 7 8 12 7 12 6 12 6 5 6 9 7 6 8 8 5 12 12 8 12 8 7 12 5 5 7 
12 6 12 12 6 9 5 8 12 12 9 8 5 9 6 11 8 7 11 10 5 8 5 9 7 12 9 6 8 7 10 7 11 6 5 8 8 8 11 5 11 10 8 5 6 11 10 8 8 10 11 10 6 
12 11 8 9 11 7 10 8 11 6 10 7 7 6 5 8 11 11 7 9 11 8 12 7 12 9 12 10 9 7 6 8 10 5 8 6 8 12 6 12 11 10 9 9 7 8 10 7 12 11 8 7 6 
10 6 8 5 10 8 5 5 7 7 5 8 5 10 7 10 6 8 12 6 12 12 7 8 8 8 11 10 12 5 5 10 7 10 10 12 7 11 9 12 11 12 12 7 9 6 11 11 6 8 9 12 12 
10 11 8 9 7 7 5 6 9 9 9 12 9 12 11 6 6 7 8 11 5 5 8 10 11 10 10 12 8 10 5 12 12 12 9 10 6 8 5 8 10 5 10 12 10 6 8 8 9 6 8 6 12 
9 9 8 10 12 7 7 5 8 9 10 9 11 10 10 5 8 10 11 8 8 5 6 6 9 5 5 11 6 12 5 7 7 12 11 10 10 10 9 9 10 8 8 10 7 10 10 5 6 12 8 12 11 
10 9 12 12 8 12 12 7 11 8 6 7 8 10 12 11 11 8 12 8 10 12 7 8 11 10 6 10 11 5 6 12 9 6 6 7 11 7 6 10 7 7 10 10 12 7 7 8 10 5 6 10 7 
6 7 7 12 10 7 5 8 10 5 6 11 5 9 11 5 12 6 6 7 10 10 6 10 8 12 7 8 8 5 9 8 8 10 11 5 9 9 6 9 9 9 6 6 6 7 7 5 12 7 12 11 8 
8 6 9 6 10 10 11 8 12 12 11 8 9 12 6 9 11 6 7 8 12 6 11 8 8 11 5 7 7 11 11 11 9 7 9 9 10 9 12 7 9 11 9 8 12 10 7 8 6 11 11 9 12 
5 11 5 12 7 12 12 6 11 7 9 7 11 10 8 12 11 12 11 5 7 11 6 10 6 9 7 10 7 11 10 9 11 12 11 9 12 10 5 5 12 8 11 10 9 12 5 7 8 9 5 7 7 
7 11 12 7 10 6 6 10 9 11 12 9 7 11 10 9 7 8 12 7 12 8 10 10 7 6 12 8 5 5 8 11 7 6 9 5 11 12 10 10 11 6 12 6 5 5 5 7 11 6 10 11 12 
10 5 5 11 12 10 12 6 11 7 12 10 9 10 9 12 11 8 9 11 10 10 10 5 8 10 12 7 7 8 8 9 7 6 10 8 7 10 10 6 6 5 9 7 10 7 10 6 9 5 7 8 6 
6 6 6 6 11 11 9 11 5 7 9 9 11 9 7 7 11 5 11 8 9 10 8 10 7 9 7 7 12 10 10 11 7 9 10 5 5 9 10 10 10 7 6 5 5 11 6 11 6 10 7 7 12 
8 12 9 10 12 9 5 11 12 8 9 6 11 8 6 11 8 11 11 6 8 6 6 11 7 6 5 11 11 9 12 6 10 11 7 10 5 10 11 10 12 12 8 10 12 8 9 10 7 10 7 10 11 
11 11 5 5 8 11 9 7 9 7 6 8 5 12 12 11 12 8 10 11 5 7 12 5 10 6 5 6 9 6 6 7 11 11 5 6 10 6 9 7 7 7 12 10 10 7 11 7 6 5 11 7 11 
8 12 5 6 12 10 6 6 8 9 12 8 7 9 9 6 6 10 10 11 6 10 9 10 9 12 8 8 11 12 11 6 9 9 5 12 5 9 6 11 5 11 11 9 8 9 6 10 10 5 8 5 10 
5 12 5 10 10 6 9 7 5 12 7 11 11 12 12 7 11 6 6 12 5 11 6 11 6 6 8 11 9 9 5 12 8 12 11 10 11 10 11 12 8 12 12 5 11 10 6 11 8 6 9 6 7 
12 7 11 7 8 7 10 7 6 11 12 9 7 5 9 7 10 5 9 10 10 6 9 9 7 10 9 7 7 11 11 9 6 12 6 6 12 7 5 7 6 8 10 8 7 9 6 8 9 7 5 6 6 
6 5 12 12 9 8 9 9 12 11 9 10 5 6 8 10 8 12 8 10 10 5 6 12 8 11 11 12 10 9 10 9 10 11 5 8 9 10 5 10 12 6 10 7 10 9 7 11 10 9 10 8 10 
6 11 12 11 6 10 5 12 5 6 10 11 9 12 11 11 5 12 12 11 11 10 6 11 8 11 6 5 11 6 10 9 6 6 9 8 8 5 11 6 9 11 9 10 8 7 6 8 10 6 6 9 12 
10 6 9 10 12 12 9 9 12 8 5 10 8 11 9 8 12 6 8 5 9 7 6 7 9 8 6 9 10 8 6 7 9 7 10 9 8 12 6 12 11 8 8 5 8 8 5 8 6 7 11 8 7 
11 6 8 8 9 7 9 8 11 10 5 7 9 7 11 10 6 12 12 12 12 9 6 7 10 11 6 11 5 5 11 6 5 12 9 5 10 10 12 9 6 5 5 6 5 9 10 8 10 11 8 7 11 
7 12 12 9 5 11 12 8 7 7 5 6 7 11 7 10 7 8 5 10 8 9 11 10 6 11 11 9 12 10 11 6 12 8 8 11 10 7 9 9 10 9 5 5 7 6 7 9 5 6 11 5 9 
7 9 8 8 9 10 10 5 8 8 12 7 10 11 10 10 10 9 7 5 12 5 10 12 10 12 8 6 6 12 9 10 9 6 8 5 11 5 5 7 11 7 5 8 10 12 5 5 12 5 10 7 7 
6 5 6 6 7 5 9 8 7 6 9 5 10 8 7 8 6 11 11 11 8 10 7 8 12 5 11 12 12 11 10 9 8 7 5 12 7 11 6 11 5 10 8 11 6 11 5 9 11 11 8 8 10 
9 12 11 10 8 12 11 7 9 5 11 10 7 9 10 5 7 5 8 6 7 5 5 10 6 7 7 12 5 5 10 6 5 7 12 7 8 8 9 5 12 8 5 5 6 10 9 9 11 6 8 9 5 
10 9 5 11 5 7 10 10 12 8 11 11 8 11 10 5 7 6 7 5 11 7 8 10 8 9 10 6 9 9 7 10 6 9 8 9 7 12 12 9 12 11 10 5 7 8 12 6 10 10 5 10 6 
8 12 5 11 9 9 8 7 11 7 8 9 11 10 9 5 12 12 10 5 11 11 10 5 11 12 11 7 12 6 6 9 10 8 7 12 11 5 10 6 8 10 6 10 8 12 10 7 9 7 5 6 8 
5 10 8 11 11 12 8 6 11 6 12 11 5 7 9 5 7 11 7 6 7 5 11 7 6 12 5 9 7 11 9 10 8 6 9 10 9 10 11 6 11 12 7 12 11 5 12 8 6 12 11 6 7 
12 11 10 7 7 7 5 12 11 5 8 5 5 9 6 5 12 10 5 7 7 10 5 9 9 11 12 11 11 8 9 9 11 10 7 7 12 5 12 6 6 10 11 12 7 6 8 8 10 11 10 6 7 
5 5 7 11 8 8 6 10 8 12 6 10 9 7 8 10 8 8 11 11 9 12 12 5 10 7 9 5 8 7 9 5 9 6 7 12 10 6 6 8 9 10 6 10 6 10 7 9 6 7 6 10 8 
8 6 6 12 5 9 12 7 10 7 8 12 6 6 12 8 12 11 6 5 9 8 10 10 8 7 10 8 11 5 11 8 10 10 10 11 8 8 7 10 12 9 8 8 6 7 9 12 11 6 11 11 11 
5 11 5 8 5 12 7 9 8 7 9 9 7 10 9 10 5 6 8 5 7 6 11 6 8 5 5 11 7 7 11 6 12 11 8 12 12 7 9 12 9 5 12 12 5 5 5 8 8 10 9 5 8 
9 7 6 9 7 11 12 6 11 5 11 6 12 9 10 10 12 8 11 5 5 7 12 5 11 7 5 10 10 5 12 5 9 10 5 11 8 6 5 9 6 9 9 10 6 10 11 7 10 11 5 7 8 
12 9 7 12 7 8 11 7 12 9 5 7 6 12 5 7 6 8 11 8 7 10 9 7 9 7 12 9 10 11 12 5 9 11 10 9 5 8 10 8 6 5 9 10 10 12 9 12 11 11 10 9 7 
12 11 9 8 5 9 10 12 6 7 12 8 9 7 9 9 7 8 5 11 8 9 10 6 10 12 7 5 7 6 10 9 8 7 11 6 7 5 12 11 11 6 6 8 5 5 5 11 11 12 6 12 10 
12 8 10 9 9 9 12 12 9 10 5 6 5 6 10 11 9 7 6 5 9 10 8 5 5 11 11 12 7 12 7 11 10 10 6 8 5 9 9 9 8 10 11 6 7 9 6 10 12 11 5 10 9 
8 10 10 7 6 10 12 9 6 5 10 12 11 10 6 11 7 10 8 6 8 11 8 10 12 9 12 7 9 8 12 6 8 5 12 10 11 6 10 9 12 7 8 10 8 6 12 9 12 9 7 8 6 
6 11 9 8 11 9 10 8 7 9 7 11 9 10 6 12 8 5 7 7 11 5 11 11 10 10 7 7 12 7 9 12 10 8 10 12 12 8 12 9 11 10 5 8 6 6 5 8 9 6 12 6 11 
9 8 11 6 8 6 8 5 8 7 8 9 7 5 8 12 10 5 10 10 6 7 8 12 6 12 7 7 5 8 9 5 12 8 8 11 6 6 8 10 10 10 12 9 8 11 12 11 8 6 5 5 7 
6 10 11 11 6 10 12 10 11 9 11 6 12 11 7 11 6 6 5 12 11 8 12 11 12 9 9 7 7 10 5 11 10 6 12 5 8 8 6 12 11 5 12 6 12 11 11 8 7 10 5 7 10 
10 9 7 7 6 7 10 7 8 8 12 10 12 5 12 5 9 7 5 11 5 7 5 7 8 8 6 8 5 9 11 6 12 7 5 12 11 11 8 7 7 8 7 6 5 7 7 11 5 6 11 9 10 
6 11 5 11 12 10 10 6 11 8 8 5 8 6 5 9 6 8 7 7 11 7 8 8 11 8 10 5 11 7 5 11 8 8 8 11 9 7 12 5 10 6 7 6 11 7 8 7 9 11 6 8 11 
11 5 5 7 5 11 8 6 9 8 8 5 11 5 8 6 12 7 10 6 5 12 6 8 11 5 5 10 9 12 11 6 10 8 5 5 7 6 7 7 8 10 9 5 6 7 11 10 8 11 6 7 12 
6 5 7 9 5 12 11 10 10 8 6 5 6 7 11 5 10 9 6 6 10 7 8 7 12 11 7 12 7 8 5 12 6 11 8 8 7 11 10 6 8 5 10 5 10 11 11 9 8 6 11 9 9 
9 6 7 12 8 12 8 12 9 9 5 12 9 11 9 12 10 9 12 5 12 10 7 10 10 12 9 7 6 6 10 6 8 8 6 8 10 9 12 9 8 9 7 7 6 8 12 12 10 7 5 10 12 
6 6 6 11 5 7 8 10 7 9 10 10 12 12 8 10 6 7 7 5 6 9 8 11 8 9 6 10 12 9 6 6 6 9 7 6 8 9 11 9 6 5 5 9 11 8 11 7 11 11 5 8 8 
5 6 7 9 7 11 10 7 8 10 9 10 7 5 12 12 7 7 12 12 8 6 5 6 11 9 10 8 6 12 10 8 9 10 10 12 8 10 11 10 10 5 5 10 9 7 11 9 11 12 9 7 8 
6 12 11 5 12 10 5 9 12 10 12 6 11 12 10 10 12 11 12 6 8 10 6 7 6 6 7 11 12 10 9 6 12 8 12 6 9 7 10 12 12 8 6 12 10 6 9 6 9 12 6 6 11 
9 7 9 9 10 6 9 12 7 8 10 8 9 7 6 11 9 8 6 12 5 5 11 7 7 11 12 8 6 6 8 5 9 11 6 9 9 6 11 7 6 6 12 12 5 6 5 8 9 5 9 6 8 
8 10 9 7 6 11 9 8 5 5 7 10 11 7 6 10 7 10 10 9 9 11 6 6 8 10 8 6 10 11 7 9 9 10 8 6 12 5 5 10 11 5 8 5 8 5 7 5 10 5 8 8 11 
9 6 11 12 6 12 8 8 5 10 8 7 12 6 5 12 8 12 12 8 7 9 9 8 6 12 11 5 6 7 9 11 12 5 5 12 9 12 8 5 7 12 6 10 5 8 12 6 5 5 7 5 12 
9 6 5 10 7 11 9 11 7 6 9 5 11 11 7 11 7 5 11 9 8 10 9 8 9 9 9 12 9 10 8 5 9 5 5 11 5 5 7 5 10 6 5 12 7 5 5 11 6 7 9 10 12 
5 6 12 7 6 7 5 8 5 11 8 9 5 10 7 9 10 5 12 5 10 7 8 9 12 6 11 8 7 6 11 8 6 9 8 10 10 7 7 9 9 12 5 8 6 11 8 8 9 5 8 10 9 
7 11 11 6 10 9 6 12 12 5 6 5 8 5 11 6 9 12 12 5 5 6 7 9 8 12 5 10 6 9 9 11 5 11 10 5 9 6 7 6 10 5 11 10 12 11 10 8 6 10 10 9 5 
10 5 12 9 11 6 6 7 6 10 8 9 9 9 9 12 10 12 5 8 6 10 6 5 10 6 11 12 10 11 6 11 8 11 10 6 7 11 12 10 8 11 9 11 5 6 9 9 12 5 10 6 7 
8 8 11 10 7 12 12 12 6 11 9 9 8 8 7 7 5 12 6 7 7 5 11 7 9 5 9 6 9 12 12 7 8 9 7 10 7 5 6 7 12 8 6 5 5 8 12 10 12 7 11 11 12 
12 10 6 11 5 5 6 9 12 10 7 8 7 7 11 12 5 11 5 12 5 10 11 9 9 5 9 7 11 9 12 11 7 6 11 12 10 11 5 12 9 8 7 8 12 5 5 6 12 9 12 7 11 
5 5 5 12 10 12 7 11 8 9 11 5 9 7 11 11 5 11 11 11 7 7 9 8 7 8 6 11 10 5 12 9 7 9 9 7 11 11 11 12 8 11 12 6 9 7 9 8 9 8 5 10 5 
7 11 9 7 12 11 9 12 8 12 8 8 8 12 12 9 5 12 8 9 10 8 11 8 6 5 10 9 11 11 7 11 6 5 9 11 8 6 6 9 12 7 7 8 10 7 11 10 11 10 6 11 6 
5 11 12 11 8 8 12 6 12 9 10 5 8 7 5 6 7 11 7 11 12 6 8 7 9 10 7 6 12 6 6 7 11 6 7 5 9 10 9 7 10 8 8 5 11 12 12 12 5 7 8 11 12 
5 6 7 11 11 9 12 10 9 11 5 11 5 8 5 9 8 10 7 10 5 7 11 7 7 8 11 9 10 11 5 6 5 11 9 12 6 6 5 6 6 8 7 5 7 7 11 8 11 6 6 6 7 
5 10 11 8 9 10 10 12 8 9 11 5 8 6 5 9 8 11 5 5 7 6 8 12 12 7 5 10 5 11 6 6 12 9 8 8 7 11 9 6 7 7 10 5 11 6 6 6 6 12 10 7 6 
10 12 12 7 9 9 6 7 8 9 11 11 7 6 5 10 12 6 7 8 6 12 6 6 9 6 5 8 10 10 11 7 11 10 8 8 8 11 6 12 11 8 5 9 5 12 9 10 6 8 8 11 7 
9 7 7 6 6 12 5 11 8 9 8 8 10 7 7 5 12 10 12 5 11 12 8 11 11 12 7 9 7 8 8 11 8 8 8 7 5 5 7 7 10 10 11 11 12 10 12 8 11 10 8 6 9 
8 7 9 10 5 9 5 12 7 7 8 10 10 8 10 11 7 5 8 8 5 7 10 7 8 7 9 9 7 6 5 10 10 6 6 10 12 9 10 7 5 8 6 6 11 7 8 10 11 7 5 11 10 
12 6 11 9 8 8 5 8 7 12 7 9 5 12 10 9 5 7 7 11 12 7 5 6 5 9 8 7 5 5 11 10 10 7 9 5 8 12 8 5 12 9 8 6 12 9 11 5 6 5 5 8 9 
9 6 8 10 5 5 6 7 9 7 12 9 12 9 5 5 7 10 7 11 5 12 8 11 6 5 7 5 12 9 12 8 6 10 11 6 11 10 5 6 9 8 8 9 7 10 8 8 7 10 5 6 8 
12 7 11 11 7 7 8 12 9 8 10 12 8 6 9 5 7 6 8 5 5 6 10 6 5 6 10 5 9 7 11 10 7 11 10 7 9 6 9 5 8 11 6 11 9 10 11 9 11 8 6 12 7 
7 12 10 9 8 10 8 6 6 12 10 6 5 9 12 12 11 7 6 12 5 11 5 5 5 12 8 7 11 9 7 6 10 7 11 7 5 7 10 10 9 8 10 9 12 9 8 8 6 9 9 6 7 
11 8 11 9 12 9 10 8 7 7 9 7 11 9 6 5 11 9 12 8 6 8 7 8 8 12 5 8 9 12 5 8 5 6 12 6 11 6 5 6 10 10 8 7 9 11 7 8 5 7 5 12 8 
5 8 10 8 8 9 7 6 8 10 8 8 5 7 11 10 5 7 5 8 8 5 9 7 10 10 7 5 10 5 12 5 8 6 9 7 12 7 6 8 12 12 8 6 6 5 8 7 7 9 6 11 11 
5 6 6 7 6 10 10 10 11 8 5 11 6 5 7 7 5 10 7 10 12 6 6 8 5 5 12 12 11 8 9 9 11 12 7 8 11 7 6 9 8 8 8 12 11 7 7 10 11 5 11 8 9 
5 8 5 8 11 7 12 12 11 12 12 12 5 9 5 11 8 8 5 11 5 6 5 11 6 7 6 11 6 12 7 12 10 12 11 6 9 10 7 12 8 11 10 11 8 11 8 11 12 9 8 5 6 
7 12 6 10 6 8 10 5 10 7 5 7 10 11 6 7 12 12 5 5 6 11 6 6 7 7 6 11 7 8 5 12 12 10 5 11 6 11 10 11 6 8 11 11 11 5 8 5 12 5 12 5 5 
9 5 6 12 11 10 6 11 6 12 5 11 6 8 10 6 6 11 7 6 10 7 6 5 9 6 12 12 8 12 5 8 11 9 8 9 12 7 12 5 9 10 11 5 10 6 6 6 8 5 10 11 12 
8 9 9 7 5 11 11 5 11 7 7 8 10 5 8 10 6 6 6 11 6 6 11 12 7 8 6 10 7 10 6 8 7 11 7 6 8 11 9 6 9 10 10 9 7 12 8 5 7 10 12 10 8 
12 11 5 5 7 7 12 9 9 5 12 11 5 8 7 12 11 6 10 7 6 9 6 9 5 9 12 9 10 8 7 9 7 7 5 5 11 7 6 12 7 10 8 5 5 10 10 12 11 10 8 5 12 
5 7 7 8 11 9 5 6 11 10 9 7 5 12 10 12 7 8 8 10 11 6 5 5 7 7 6 11 5 9 10 11 12 11 10 6 7 10 10 12 12 11 7 10 7 9 10 11 8 9 12 12 10 
5 10 12 6 6 11 12 7 5 6 12 7 11 10 6 11 8 9 6 10 9 12 10 12 5 5 7 8 11 9 5 6 12 12 11 6 6 10 5 9 12 11 5 7 8 6 9 8 10 9 12 7 6 
8 6 11 9 12 8 8 12 6 11 7 12 12 9 9 8 11 7 9 5 7 8 10 8 6 5 6 10 11 12 10 8 10 7 6 11 7 7 9 12 12 8 12 5 10 6 6 5 8 8 8 10 10 
5 10 11 12 12 6 6 7 8 10 8 10 12 12 11 5 11 10 5 10 11 7 7 6 11 5 10 6 10 7 9 5 10 5 11 5 6 6 7 12 7 9 6 9 5 5 11 7 12 10 6 9 5 
7 9 6 7 6 10 8 5 12 11 7 9 5 6 12 9 8 5 10 10 6 9 7 11 9 9 12 11 11 6 9 12 12 12 5 10 9 12 12 7 9 8 10 9 9 6 6 7 10 8 11 8 9 
11 11 12 8 7 5 7 12 6 9 11 7 9 9 12 6 7 10 10 5 7 11 11 9 9 6 8 6 8 12 9 10 10 6 10 10 11 9 8 5 6 10 7 6 6 10 6 5 12 11 6 7 10 
12 6 5 7 10 10 11 12 8 5 10 7 7 5 8 5 9 6 6 6 11 10 10 11 10 7 6 11 7 9 9 7 5 10 5 10 10 7 8 5 5 5 7 10 7 12 8 7 5 10 7 5 5 
11 11 10 6 8 9 12 5 5 10 7 6 8 9 9 7 6 7 11 11 8 10 10 6 7 11 8 12 11 8 5 7 10 10 9 9 7 7 6 6 9 10 10 5 6 9 11 9 8 7 6 11 6 
11 9 11 6 10 7 7 10 9 12 10 8 5 10 8 6 6 11 9 6 9 8 5 6 5 9 7 12 8 6 5 8 11 5 6 10 11 5 5 5 10 11 6 12 5 11 6 5 7 9 7 11 7 
8 12 8 5 11 10 10 10 10 8 5 8 7 9 10 8 10 7 7 11 10 10 6 11 5 9 10 11 9 8 8 12 11 10 11 9 9 9 10 5 11 5 5 12 7 9 6 7 6 12 5 12 8 
6 7 6 7 9 7 8 11 11 5 8 9 9 7 10 10 5 5 9 9 11 9 5 5 9 7 10 8 5 9 6 7 11 6 5 11 7 12 8 7 8 11 11 10 6 12 6 7 6 10 7 12 11 
8 5 9 7 12 8 9 10 10 7 5 9 11 10 7 11 7 10 12 8 9 5 6 12 11 6 9 11 10 5 12 12 10 11 10 11 5 9 10 10 8 9 11 7 7 12 12 12 10 5 11 11 7 
7 5 8 11 11 6 12 11 12 8 7 8 7 9 6 10 12 8 5 12 10 9 6 9 11 10 11 12 11 12 8 6 7 6 5 12 11 6 11 7 5 10 12 9 8 6 7 12 11 6 12 5 12 
7 6 9 7 9 7 6 11 7 8 5 6 10 9 7 8 11 5 6 6 8 10 5 8 9 8 10 5 11 7 11 5 12 6 7 8 8 9 7 5 12 11 5 5 9 12 11 9 11 5 6 9 11 
10 12 6 9 6 5 10 6 5 7 7 9 6 12 6 9 8 7 9 10 8 12 10 11 7 8 6 8 8 9 12 11 11 7 10 8 11 12 10 8 7 7 9 7 7 7 9 10 5 6 7 11 7 
12 7 8 10 6 6 8 9 7 9 7 6 5 12 12 7 7 6 9 5 6 11 12 9 9 9 12 8 5 7 5 9 12 11 7 12 6 11 11 6 6 6 9 10 7 5 6 10 6 12 9 6 9 
5 8 11 8 6 7 8 11 9 9 6 5 6 9 6 7 12 11 7 8 5 7 8 12 11 6 11 10 5 8 10 10 7 5 6 6 9 10 6 9 6 7 5 6 7 6 7 10 9 7 5 12 5 
10 7 12 7 12 10 10 9 5 10 8 9 9 10 11 8 7 9 6 12 6 7 7 8 6 8 6 10 6 8 11 6 10 8 7 9 7 8 6 9 10 6 12 11 5 6 6 12 12 10 10 12 8 
11 9 8 9 9 11 7 9 7 12 8 6 11 6 10 8 5 7 11 5 5 12 5 9 10 7 6 10 8 5 7 11 10 10 7 6 9 9 9 8 11 7 11 8 7 8 8 8 8 12 9 7 8 
11 7 5 7 6 12 9 12 8 11 8 11 5 5 7 8 9 6 11 11 12 7 6 5 5 5 5 10 5 9 7 6 6 10 9 5 11 8 8 6 10 10 7 7 7 10 10 7 10 7 9 8 12 
12 9 12 6 7 7 10 11 5 7 8 7 12 12 11 7 9 9 5 11 10 7 6 10 7 8 6 12 5 11 10 6 10 9 5 10 8 8 9 5 12 5 6 5 6 8 10 10 6 10 9 11 5 
10 7 5 10 8 12 8 6 10 8 11 10 6 7 9 7 6 6 11 6 10 7 8 9 11 9 10 9 12 12 11 10 6 11 8 12 12 10 5 12 12 10 9 10 7 11 12 11 10 10 6 10 6 
12 9 11 5 9 9 9 7 11 11 9 12 9 12 5 10 8 11 5 9 9 10 11 5 9 9 6 12 5 12 10 9 12 7 6 8 9 6 6 11 9 9 10 12 10 8 6 12 5 11 11 11 5 
6 6 9 8 11 7 12 6 8 5 11 7 10 9 11 10 10 8 7 12 7 12 6 5 12 5 8 9 12 12 8 5 11 9 8 9 7 6 10 5 7 11 11 7 11 11 5 12 12 7 5 12 12 
9 9 11 9 12 6 5 6 10 10 10 11 6 5 11 7 11 5 12 11 12 10 10 8 6 7 6 12 11 11 10 9 8 7 12 6 10 8 9 10 12 7 12 6 12 7 7 10 6 6 8 11 9 
8 8 12 9 9 9 10 12 10 6 12 10 6 7 11 6 12 12 7 10 7 10 10 10 5 12 9 7 5 12 7 8 5 10 12 12 11 12 7 11 10 7 8 5 7 12 9 10 12 7 5 12 12 
12 9 10 8 11 10 7 10 6 8 10 9 8 10 7 12 8 10 6 10 5 10 10 9 5 7 5 6 9 12 10 5 11 10 11 8 11 7 12 5 6 5 7 11 9 5 10 6 12 11 6 12 10 
12 9 6 7 5 7 11 11 5 12 9 7 6 5 5 5 8 7 5 5 7 8 5 5 6 5 7 9 11 12 6 12 5 11 12 5 11 8 10 5 7 10 9 7 12 8 7 9 12 9 12 11 12 
11 5 6 11 8 8 7 9 6 9 11 5 6 5 5 10 8 5 6 11 12 5 12 12 12 5 6 11 8 8 7 6 10 12 9 6 11 9 5 5 6 5 8 5 12 7 7 9 7 10 6 8 11 
5 5 6 9 9 5 5 6 10 10 5 11 9 9 7 7 9 11 8 10 9 10 12 11 10 12 9 5 10 6 6 5 8 11 11 7 9 5 10 9 9 11 7 8 6 12 5 10 10 10 9 12 7 
10 10 5 8 12 9 10 5 6 5 11 7 6 10 6 5 7 11 11 7 11 6 8 9 10 8 5 10 10 8 11 5 8 8 8 7 6 9 6 11 5 6 6 11 5 12 6 7 11 8 11 10 9 
9 11 11 12 8 9 10 10 6 6 12 11 5 6 9 11 9 10 11 12 8 12 10 8 7 8 6 7 7 8 12 6 9 8 12 10 6 12 10 11 10 7 12 12 9 6 12 10 10 12 7 11 11 
7 12 8 5 10 9 6 10 12 11 10 5 9 12 11 9 8 10 5 12 5 5 10 12 8 9 12 11 5 5 9 8 5 11 5 6 6 9 6 8 6 7 12 5 5 11 8 9 12 9 7 12 8 
7 6 7 12 7 8 12 6 6 6 5 8 5 6 9 10 6 8 10 6 10 5 9 12 8 8 6 7 8 9 11 8 9 8 9 10 8 7 6 6 10 11 5 7 12 12 5 8 8 11 7 12 10 
12 10 6 12 12 9 11 8 12 8 5 12 7 11 10 10 8 8 12 8 8 5 10 6 7 5 6 6 8 7 8 9 10 7 12 7 11 10 7 7 8 12 8 8 11 12 12 6 5 10 10 10 12 
7 9 11 6 6 6 10 6 10 10 5 6 9 12 9 6 7 11 5 12 6 7 5 5 12 8 12 11 5 7 6 8 10 12 5 9 10 7 10 6 9 11 7 9 7 7 10 5 10 7 12 9 6 
11 10 5 11 6 12 12 8 10 5 11 7 11 11 9 8 9 7 8 11 9 6 10 9 5 9 7 10 11 10 7 12 12 9 10 10 7 6 8 11 5 7 6 5 6 12 6 9 12 9 11 9 5 
12 11 7 7 7 5 8 7 8 12 9 11 8 5 8 9 9 6 6 7 12 8 12 5 9 7 12 7 7 7 9 8 7 9 10 11 5 6 10 11 6 11 12 6 8 6 5 6 6 7 10 8 11 
10 12 8 10 5 9 5 11 5 5 8 8 6 9 11 8 11 10 8 12 10 5 7 9 11 10 12 5 11 6 8 5 12 6 7 7 7 9 11 11 5 5 7 7 10 12 5 11 11 8 12 10 10 
5 5 11 7 6 5 6 9 11 7 11 5 9 11 7 6 10 10 8 6 7 11 12 12 12 11 5 7 11 8 7 10 11 7 5 8 9 7 9 9 7 6 11 6 5 10 11 10 6 10 10 9 5 
6 6 5 7 12 5 7 11 5 5 11 7 7 8 7 12 12 5 5 5 11 5 6 11 5 12 10 5 11 9 6 6 7 7 5 8 8 12 10 8 9 10 12 9 12 12 11 6 11 12 10 10 7 
11 6 10 5 8 6 6 6 12 12 11 5 5 11 12 6 10 8 11 6 6 6 10 6 9 5 7 11 12 11 8 11 11 5 10 8 7 7 9 9 5 11 11 10 9 7 5 8 7 10 11 10 11 
8 9 5 7 12 8 6 5 5 6 5 6 12 12 8 11 5 6 5 10 12 6 5 11 10 10 5 10 8 8 7 8 11 7 9 6 9 7 11 9 11 12 6 12 11 7 12 10 7 6 11 12 7 
5 6 10 12 12 5 5 9 10 12 12 7 11 10 5 11 7 10 7 11 11 7 5 9 11 12 6 6 8 9 10 11 6 5 8 12 10 8 6 6 10 8 8 11 5 8 5 11 5 11 6 5 10 
7 9 7 9 7 5 10 12 9 6 9 12 10 11 11 12 7 6 7 8 5 12 8 5 11 6 9 11 6 7 10 9 5 7 12 8 7 7 10 10 10 6 8 12 5 12 8 10 8 5 11 10 10 
8 5 12 11 8 12 8 12 10 10 8 11 8 9 8 11 6 6 11 12 12 9 8 6 11 12 5 12 11 10 10 7 11 11 9 8 11 5 12 11 7 12 8 8 12 5 9 11 9 7 7 6 6 
12 7 6 7 7 12 11 7 5 7 12 7 9 5 11 6 11 8 12 5 9 9 12 11 9 12 7 7 5 12 10 12 8 9 11 10 8 7 6 10 12 9 9 10 8 6 10 10 7 11 8 6 8 
9 7 5 12 8 7 9 7 12 7 8 5 7 6 10 7 7 11 12 6 9 6 5 7 6 7 7 8 5 5 8 10 10 9 10 7 6 12 7 6 6 5 9 12 8 8 8 6 11 12 5 12 6 
12 8 8 5 8 5 7 7 12 12 7 11 10 9 10 12 12 9 9 11 12 6 5 12 7 12 10 11 7 5 6 9 9 10 8 9 7 12 12 8 6 10 6 5 10 11 12 12 8 6 9 9 5 
8 7 12 5 6 6 8 6 12 10 8 6 5 9 12 10 11 6 8 10 10 7 6 9 8 6 6 9 7 6 10 6 7 11 7 9 6 7 9 8 9 11 6 12 7 11 5 11 11 5 8 7 11 
11 8 7 8 7 9 5 5 7 6 8 10 9 5 10 11 8 6 5 5 7 8 9 9 5 5 9 5 10 7 7 6 10 11 5 10 8 5 6 6 12 12 11 11 8 7 10 6 7 8 5 8 7 
8 7 11 8 11 12 7 5 5 9 11 11 5 9 8 8 10 10 10 6 12 8 8 8 12 8 7 12 5 7 10 10 12 12 5 12 7 12 9 6 11 5 10 7 8 5 8 8 8 11 11 5 6 
5 10 10 12 12 6 8 8 5 10 9 7 10 6 8 10 9 5 11 8 11 11 5 12 7 11 8 8 7 7 8 11 12 9 6 7 6 10 11 6 6 10 11 6 8 7 12 10 11 9 7 12 11 
5 6 7 9 9 7 10 8 8 8 10 11 5 11 6 6 5 12 9 11 8 9 11 6 9 9 9 10 6 8 7 5 10 10 11 9 9 5 12 5 12 5 11 12 6 10 8 12 5 12 8 10 5 
10 5 11 10 7 7 6 12 6 10 9 8 8 8 9 5 12 8 6 11 6 7 6 11 10 6 8 11 11 11 12 9 7 5 9 10 5 11 7 11 11 12 7 8 9 12 8 11 9 5 11 7 11 
12 8 5 12 6 10 7 7 11 9 11 8 10 7 11 12 5 6 11 12 6 7 10 12 9 5 12 7 12 12 7 5 5 12 12 8 11 11 9 11 7 10 5 12 12 5 11 12 5 9 11 12 6 
10 5 10 6 10 8 12 12 9 10 12 7 9 8 5 10 9 8 5 8 5 5 11 11 11 11 11 12 9 12 8 6 6 11 10 12 6 6 8 5 10 9 7 12 7 9 11 5 5 6 6 12 11 
12 7 8 10 11 12 9 7 6 11 6 12 10 5 10 9 8 12 7 7 12 7 11 6 6 12 11 8 9 5 5 5 10 6 10 8 11 5 12 9 9 11 12 5 11 10 8 11 12 8 11 9 11 
11 5 6 8 5 12 8 10 10 11 10 7 8 10 6 11 7 6 9 5 8 10 7 6 10 6 12 11 11 8 6 5 12 8 7 7 9 9 7 8 7 12 9 10 6 6 5 10 9 6 6 9 11 
8 12 10 5 5 5 5 6 6 7 11 10 7 10 11 5 9 12 5 10 10 12 5 7 8 11 10 12 12 8 7 12 12 11 9 10 12 12 10 8 6 5 6 12 7 5 12 12 12 6 7 11 12 
10 6 12 8 9 9 7 9 6 5 10 8 11 9 10 12 10 10 10 7 6 12 10 10 9 10 12 10 7 7 11 11 11 6 5 12 8 7 11 11 10 12 6 11 6 11 12 11 8 12 11 9 12 
5 5 7 7 12 5 12 6 5 10 6 6 5 9 6 7 6 7 5 11 11 7 6 11 7 9 11 12 9 12 5 5 11 5 6 5 11 8 9 11 9 7 5 5 10 9 6 5 5 12 12 9 12 
6 8 10 5 8 12 8 9 5 10 11 12 9 8 12 7 5 10 6 11 10 8 7 7 12 10 12 11 10 10 12 5 10 9 11 12 10 12 10 12 5 8 5 10 10 12 5 8 11 6 7 10 5 
8 5 10 11 12 11 9 8 6 12 7 5 9 6 6 7 5 12 10 12 8 11 11 8 10 7 5 11 5 6 7 5 12 5 12 5 11 10 7 7 8 9 10 12 9 11 9 6 7 12 10 12 9 
5 7 10 11 9 8 12 7 11 10 5 5 8 5 11 8 9 5 6 9 12 6 9 8 10 6 7 8 12 5 10 11 10 8 8 5 5 7 7 5 6 11 11 10 6 12 5 10 7 10 6 8 11 
11 12 7 12 12 12 10 11 11 9 6 5 5 11 11 10 11 12 6 8 10 7 11 8 11 10 9 7 8 6 6 7 8 12 12 7 5 10 12 9 12 7 11 11 5 11 10 8 12 10 11 7 6 
10 8 12 8 11 5 6 5 7 9 9 6 10 10 12 7 12 7 6 8 12 9 5 9 7 12 7 9 9 10 12 9 12 10 11 12 7 7 5 10 8 11 7 5 5 6 12 12 8 10 10 6 9 
9 11 9 8 8 7 12 11 5 8 9 12 8 6 7 7 6 12 7 10 12 11 5 6 10 5 10 6 5 5 8 6 9 5 5 5 7 8 11 5 12 9 7 11 10 12 9 10 11 11 11 5 10 
11 6 5 5 9 9 7 8 7 12 10 11 11 12 7 8 10 7 10 5 9 11 8 9 12 9 9 12 11 8 8 7 9 7 9 7 6 11 11 12 8 11 5 7 6 7 6 11 5 8 7 10 7 
12 12 11 8 9 12 11 10 12 12 11 12 10 11 8 6 7 9 8 8 12 9 11 12 7 9 8 10 6 7 10 10 11 6 11 7 7 10 8 10 8 8 12 12 5 10 9 8 12 9 12 8 9 
12 9 7 10 8 8 7 8 8 6 12 9 7 6 9 12 11 9 9 12 5 12 8 9 6 10 12 11 5 9 6 8 6 9 5 8 12 10 5 8 10 5 12 12 7 6 5 8 8 8 9 8 11 
10 10 6 9 9 10 12 11 6 12 10 8 9 8 11 5 6 5 12 7 7 10 12 5 10 5 10 9 5 8 11 9 7 9 11 9 8 10 6 11 11 8 7 9 11 7 9 10 5 5 5 12 5 
6 11 10 11 9 12 6 6 8 6 7 9 5 9 6 6 11 11 6 9 12 7 11 7 10 12 12 6 7 10 11 5 8 7 5 8 7 12 5 5 8 10 6 11 7 9 9 12 8 9 11 7 6 
10 11 11 8 10 11 9 9 5 12 10 8 10 7 9 8 11 9 9 8 5 6 10 5 9 10 8 6 9 11 5 8 7 11 9 11 11 6 7 5 12 7 9 6 10 7 6 12 9 8 11 8 7 
6 8 8 9 8 5 6 11 6 12 9 8 11 8 10 9 5 7 10 9 10 12 10 8 6 8 11 5 10 10 8 10 7 12 8 11 12 8 8 7 11 11 9 11 10 9 5 11 9 9 8 10 8 
10 12 11 11 6 6 9 8 6 8 12 8 6 6 5 5 11 12 5 11 10 7 9 9 10 12 8 10 5 7 7 7 11 5 5 7 8 11 11 10 7 8 6 10 7 8 9 12 5 11 12 5 10 
5 9 8 6 7 9 7 12 7 10 8 8 11 12 10 7 11 12 7 6 8 8 5 6 8 5 8 6 11 5 10 9 10 5 6 10 7 6 9 5 8 9 10 8 8 9 11 10 7 12 8 10 8 
10 8 11 12 9 10 7 6 8 10 10 6 11 11 8 10 7 7 9 10 6 5 11 10 12 11 9 6 11 5 12 8 12 12 7 6 7 9 7 10 5 12 10 10 12 9 7 9 11 10 7 5 7 
11 10 11 5 9 5 7 8 5 10 9 5 8 9 12 6 6 6 9 12 8 11 12 8 5 7 5 11 10 7 9 5 10 12 9 11 6 5 12 5 8 6 9 7 5 9 8 5 9 5 10 12 7 
12 5 7 10 9 12 8 6 9 6 7 10 9 6 8 10 9 12 8 7 8 10 8 10 8 9 5 9 11 12 7 9 5 5 8 5 12 8 8 6 6 5 7 12 10 9 10 11 10 7 10 10 6 
10 9 8 5 7 6 7 8 9 11 5 7 5 5 9 8 7 11 11 5 12 11 8 6 10 10 12 6 5 10 8 10 11 9 6 8 10 8 10 12 8 9 12 9 11 12 12 6 11 11 5 6 5 
12 5 5 9 8 11 8 6 10 10 12 12 10 5 9 10 10 11 8 9 8 6 11 9 6 6 5 10 6 11 10 6 10 11 7 6 11 9 5 10 8 7 10 12 10 5 9 7 6 10 11 12 10 
10 6 5 11 8 5 6 6 6 8 9 5 12 5 9 5 5 7 9 6 8 6 5 10 5 7 9 10 6 6 9 5 8 9 9 10 10 7 6 9 6 8 12 5 5 6 10 12 8 5 11 10 12 
7 6 10 6 12 8 7 7 8 8 10 9 12 12 5 11 9 10 7 10 11 9 9 9 11 9 9 9 7 8 12 12 6 7 10 7 6 12 12 6 9 9 9 5 8 5 10 12 6 10 10 10 8 
7 10 6 11 6 12 9 6 8 6 8 10 8 9 9 7 6 11 11 9 5 10 11 12 6 10 12 11 6 9 7 7 6 8 12 6 9 12 8 9 12 7 7 11 9 9 11 7 12 10 5 9 10 
5 12 8 6 5 12 10 6 11 9 8 5 11 12 12 11 11 5 9 10 6 10 9 10 8 6 5 7 11 5 8 9 9 7 12 5 11 12 10 10 9 7 12 6 11 6 6 10 7 8 12 12 12 
8 5 11 7 9 9 8 12 11 6 11 7 5 9 11 11 11 11 10 11 10 10 8 7 9 11 8 9 10 12 8 9 10 6 12 6 5 11 5 6 6 12 6 7 5 6 8 6 9 6 7 9 9 
11 12 8 6 11 11 9 11 9 8 5 7 5 6 12 10 11 8 8 6 9 12 9 8 12 12 12 7 10 7 10 5 6 8 6 12 7 5 7 10 9 10 7 8 8 7 11 7 10 8 12 12 5 
11 5 6 10 7 5 5 8 11 7 6 11 5 9 12 6 12 11 8 6 8 8 12 9 8 9 5 8 12 8 8 9 5 10 6 8 10 9 10 6 12 9 11 10 11 9 5 8 10 12 5 7 9 
9 12 8 10 7 11 11 6 5 9 12 9 9 9 6 11 8 7 6 8 6 12 12 10 5 8 5 6 11 8 5 5 8 8 11 11 5 10 5 5 11 8 6 7 10 6 5 11 9 12 8 9 6 
10 8 11 7 5 6 8 8 9 7 12 5 7 12 5 11 10 5 9 10 12 8 6 5 6 12 11 5 8 10 5 11 5 6 12 5 11 11 8 11 9 5 6 10 10 11 7 8 10 12 10 9 6 
8 8 10 8 11 9 12 11 6 6 11 12 7 7 8 10 10 6 12 8 7 11 5 8 6 8 6 10 9 8 10 5 9 12 9 5 11 7 6 6 11 11 8 8 10 10 8 12 5 10 10 5 6 
11 8 10 7 10 11 11 12 11 11 10 8 10 9 5 11 11 11 9 10 12 8 9 7 7 12 6 11 12 6 9 9 6 9 8 5 12 8 5 5 11 5 5 7 11 11 7 11 7 10 11 10 9 
11 6 7 5 6 11 12 12 8 11 9 12 8 9 9 6 12 7 5 9 8 5 5 5 7 12 12 10 12 5 11 9 11 7 9 12 12 9 9 10 8 12 12 5 7 5 10 8 9 10 11 11 11 
11 10 9 5 11 12 12 9 6 6 7 7 5 5 11 7 8 9 6 6 12 5 10 12 5 8 10 5 5 7 10 8 6 7 7 12 5 6 5 9 7 9 8 6 8 11 12 7 9 5 9 9 10 
9 9 9 9 11 12 9 9 10 7 5 7 11 8 6 9 7 12 12 8 6 5 9 7 12 6 11 12 11 9 11 6 10 12 12 8 12 6 5 6 11 8 11 5 6 10 9 8 9 11 9 8 5 
6 8 11 7 9 5 8 5 8 10 10 7 9 6 11 10 9 9 11 10 7 10 9 9 7 6 9 11 10 10 7 5 11 11 11 5 5 11 6 11 12 7 11 8 10 6 9 5 11 5 9 8 10 
9 11 11 5 5 5 6 7 5 6 6 12 9 8 5 10 6 5 11 7 9 12 5 5 6 11 6 5 8 7 12 11 10 10 12 6 5 12 8 11 11 5 8 10 11 10 7 9 6 6 7 7 10 
11 7 12 12 9 12 8 12 5 6 9 11 6 5 8 8 5 11 6 12 11 12 11 10 8 11 8 11 8 7 6 8 8 6 6 9 10 8 10 7 5 7 11 5 9 5 5 12 9 7 8 7 9 
9 9 12 10 10 8 12 12 9 11 12 12 8 11 5 6 8 5 10 5 6 11 8 8 12 12 10 7 11 10 5 7 7 10 9 9 11 10 10 10 7 6 6 6 7 11 8 7 6 7 12 5 11 
8 12 6 11 5 10 8 7 10 7 11 7 8 11 5 6 12 6 9 8 7 6 8 10 6 10 10 9 10 7 6 6 10 8 8 9 8 12 11 11 10 11 8 8 10 8 5 12 8 6 9 5 5 
12 7 10 12 10 10 10 5 9 8 8 9 6 9 6 5 7 9 8 8 9 12 10 7 10 10 12 12 10 12 5 11 7 6 6 5 9 12 8 7 11 10 8 5 12 7 10 12 5 10 5 6 11 
8 5 9 7 12 6 10 12 8 8 6 8 10 6 9 7 11 11 10 5 12 7 7 11 10 6 5 12 5 10 11 7 11 10 7 7 10 11 9 10 5 6 7 7 6 10 8 12 5 12 5 7 8 
12 5 11 12 9 8 5 10 7 6 7 6 8 9 12 12 10 8 5 12 8 6 12 8 11 10 8 10 10 8 8 12 7 8 11 10 12 5 7 10 5 9 9 8 8 7 5 11 11 9 5 12 5 
11 7 8 8 8 10 12 5 11 10 8 8 8 5 7 5 5 12 5 11 11 6 10 9 9 9 7 7 11 10 6 5 7 7 7 9 8 12 8 5 6 11 5 8 6 7 8 6 6 10 11 10 12 
5 11 11 7 9 7 12 6 12 10 9 8 6 5 7 12 12 8 11 9 12 10 6 8 10 8 7 9 11 10 9 12 8 12 6 10 5 12 5 10 10 7 8 7 10 9 9 10 11 12 6 5 5 
8 10 8 6 5 6 7 5 5 8 11 5 5 11 8 5 5 7 7 6 6 10 5 12 12 7 12 8 12 6 8 5 7 5 5 11 7 5 7 8 10 7 9 5 5 9 10 8 11 12 5 6 6 
8 9 12 5 10 8 5 7 12 11 6 6 6 6 8 7 12 8 6 10 7 6 8 5 9 9 7 5 11 12 11 8 9 10 9 5 9 8 8 5 7 7 6 6 5 5 6 5 9 12 6 12 7 
11 6 12 9 11 11 5 12 5 12 11 5 10 12 11 12 11 10 7 8 10 6 6 10 9 5 8 6 10 7 8 8 6 6 11 11 9 10 8 8 6 11 8 5 8 6 8 12 9 11 5 5 6 
6 7 6 10 5 9 10 9 10 8 8 8 10 9 6 12 12 8 6 8 6 7 8 12 5 12 7 10 11 6 8 9 6 9 8 8 6 7 6 11 7 9 9 10 8 7 11 11 11 5 6 12 6 
7 6 5 9 6 8 6 10 11 8 5 5 11 9 11 8 11 9 7 6 6 11 10 9 5 9 5 5 6 9 8 11 9 7 5 12 6 12 5 7 11 6 9 5 5 8 11 10 5 11 5 6 5 
12 10 5 10 8 12 12 12 6 6 5 12 12 11 12 6 5 7 11 7 9 5 12 8 5 8 5 12 12 5 8 6 6 8 11 7 9 7 6 7 5 5 11 9 12 8 11 12 10 12 6 6 9 
8 11 12 8 10 9 8 5 7 12 10 9 6 5 11 11 6 11 5 7 12 7 7 8 10 7 8 11 12 8 9 7 12 9 8 10 9 6 10 5 12 10 9 11 11 9 7 6 9 5 9 11 5 
7 7 7 10 9 11 9 7 9 8 9 8 8 5 10 5 11 10 5 10 10 10 6 7 8 10 10 8 11 9 9 7 12 8 9 8 8 12 11 6 8 10 10 12 6 10 9 7 10 7 11 10 12 
6 9 10 10 5 8 11 12 6 10 10 6 11 6 12 6 12 10 7 7 8 7 8 12 8 5 5 9 10 9 12 7 12 5 12 7 7 7 10 9 7 12 6 5 8 7 7 9 11 12 12 12 9 
10 5 10 7 8 9 9 10 7 9 12 5 9 5 6 9 8 5 10 5 10 11 8 6 11 7 10 8 11 11 8 6 10 9 8 6 10 9 10 8 12 7 11 9 5 5 9 11 10 12 7 7 9 
9 8 6 10 6 9 12 6 6 10 6 7 5 6 5 9 7 12 12 8 8 12 7 9 12 6 12 5 8 7 6 11 8 5 7 5 10 6 6 6 11 12 10 10 10 11 6 7 10 6 5 11 11 
7 7 6 10 6 5 9 7 11 9 7 8 7 10 11 5 8 7 10 12 12 9 10 6 9 6 11 9 9 12 5 7 11 10 11 7 8 5 7 11 12 10 5 10 6 6 12 6 9 6 10 8 11 
12 7 10 6 8 6 6 6 8 7 6 10 8 9 11 6 5 6 10 8 6 6 12 9 12 9 5 7 12 7 7 9 11 10 7 11 10 7 8 10 9 9 7 10 8 6 7 6 12 6 6 7 7 
9 7 10 12 8 9 11 9 8 9 6 5 10 12 7 12 6 7 8 9 9 10 12 11 12 9 9 11 8 5 11 5 6 12 7 5 12 12 5 12 5 6 10 11 7 8 12 7 12 11 7 6 9 
7 7 9 11 11 7 10 10 9 10 7 6 9 9 8 10 5 12 6 6 6 12 12 10 5 8 11 7 12 6 8 8 6 5 9 9 11 8 8 7 9 6 6 8 8 8 12 12 12 10 6 12 9 
5 9 10 10 12 7 9 10 6 8 7 7 12 11 8 11 12 5 12 5 5 9 12 7 11 10 9 9 5 5 6 7 5 10 7 7 8 11 10 5 7 6 12 10 5 8 7 10 10 11 11 5 7 
9 11 8 11 9 10 5 6 10 5 8 12 6 10 12 12 9 9 5 9 9 10 7 8 8 7 7 11 7 11 8 6 6 12 10 9 10 5 6 5 6 7 12 10 5 9 8 7 6 6 11 12 10 
6 6 5 10 7 12 8 12 5 8 9 7 7 5 11 12 12 5 10 9 6 12 6 8 7 6 11 5 9 5 7 8 10 7 12 7 7 8 6 8 8 5 7 5 5 9 10 8 7 10 12 10 10 
6 9 7 9 11 6 12 11 12 11 12 5 11 12 6 8 11 8 11 12 5 9 7 5 6 5 6 12 6 12 9 10 12 11 9 9 8 9 11 11 9 8 5 7 8 6 8 8 5 5 6 9 9 
7 6 7 12 6 5 5 7 10 7 6 12 12 7 6 5 12 11 9 11 6 12 9 8 10 12 10 6 12 9 8 9 9 9 11 11 11 6 10 7 6 12 6 8 12 8 8 10 6 12 6 9 5 
8 10 9 8 11 11 6 6 11 8 5 6 9 10 11 5 8 9 12 8 7 10 6 11 5 8 8 9 5 9 5 12 10 10 5 8 5 5 5 11 5 9 6 8 5 11 12 12 12 12 8 8 9 
11 8 8 6 5 5 11 7 10 6 5 10 10 11 9 9 7 12 11 6 12 10 5 6 6 6 8 10 11 10 5 10 9 5 12 10 7 11 5 9 10 11 6 7 9 10 12 8 9 9 5 7 8 
11 6 12 12 10 8 8 12 10 8 9 10 5 7 9 7 8 7 12 7 6 8 10 7 12 9 9 12 5 11 7 5 7 10 6 12 6 5 9 9 7 9 6 8 8 9 5 12 6 9 8 12 6 
10 10 12 8 8 5 7 9 11 7 12 8 11 5 7 11 7 11 9 11 8 10 10 6 9 11 6 11 10 12 6 11 6 8 9 6 9 11 10 11 6 7 12 5 7 8 11 10 6 7 5 5 5 
5 9 7 9 6 6 9 12 8 7 5 10 12 5 6 12 12 6 5 12 6 5 5 8 8 10 10 10 12 12 5 7 6 11 11 7 12 11 7 5 5 6 12 7 5 9 8 8 8 10 6 12 12 
8 10 12 12 11 10 11 11 6 11 7 6 11 10 12 5 5 5 6 11 11 8 5 11 12 12 6 6 6 5 8 10 12 11 12 5 7 12 8 11 11 7 5 12 6 12 8 10 5 11 6 9 7 
10 12 7 6 10 6 6 11 12 6 8 9 8 7 11 5 7 10 5 12 10 9 9 6 9 11 10 9 9 7 8 9 8 12 9 7 11 8 10 8 10 7 6 7 9 7 5 5 11 9 9 8 10 
11 5 10 10 12 7 12 7 7 7 10 11 12 8 8 5 11 7 5 7 11 10 7 6 10 12 8 7 5 6 7 8 10 7 10 5 12 6 11 5 7 7 8 12 5 5 8 9 9 8 10 11 9 
7 8 7 9 7 5 5 6 12 10 5 8 7 7 12 11 10 8 11 7 8 5 9 7 8 7 8 8 11 8 6 11 11 11 5 12 7 12 12 11 12 8 7 11 7 8 5 9 8 10 9 7 9 
9 12 10 8 6 8 9 8 6 8 7 7 6 6 11 11 5 12 5 6 9 8 12 12 5 10 6 11 9 7 7 10 10 11 6 5 12 11 12 8 5 9 6 10 11 11 5 12 9 6 5 9 6 
6 10 9 7 10 10 9 6 6 6 5 10 8 10 8 9 7 8 11 12 9 8 12 10 5 12 9 7 8 8 6 6 11 7 11 5 12 12 10 8 12 6 7 9 10 8 9 6 6 7 8 11 8 
5 7 10 10 6 11 8 11 9 5 9 6 9 5 7 10 5 7 7 11 5 11 5 9 6 7 10 7 7 8 10 7 5 9 11 11 12 10 10 7 7 5 8 6 9 5 5 11 5 8 12 9 12 
7 8 12 5 11 5 10 9 10 10 12 7 10 5 9 5 5 7 5 9 6 10 5 7 11 8 7 12 12 6 8 10 11 9 5 12 12 7 6 5 7 10 8 12 11 8 11 11 5 7 11 8 9 
7 10 11 9 8 6 9 12 5 7 9 8 9 11 5 11 9 5 11 6 10 12 12 11 5 8 12 9 8 11 12 6 8 5 5 12 11 8 6 7 10 5 7 6 6 6 6 7 11 6 10 8 11 
6 7 11 12 10 10 10 12 11 5 12 11 6 12 6 11 5 9 6 12 12 5 12 11 7 8 9 11 9 12 12 12 8 5 11 11 8 11 7 11 5 10 12 10 5 9 7 7 5 11 8 11 11 
11 10 5 12 11 9 11 7 7 12 5 9 5 10 12 10 8 9 11 8 5 5 5 10 5 7 7 8 12 6 7 10 9 10 6 6 7 6 10 6 12 5 7 9 8 9 6 8 8 8 6 11 12 
8 11 6 5 12 12 7 11 8 9 9 6 9 5 5 12 9 8 7 10 9 9 7 6 7 10 10 5 11 11 8 8 5 12 7 12 9 5 8 10 5 8 8 12 10 10 10 9 9 6 10 11 8 
11 5 7 5 7 8 5 11 11 6 9 11 8 6 9 12 10 12 7 6 5 7 9 11 6 11 7 7 11 8 5 9 5 10 11 11 5 10 9 7 5 5 6 10 8 12 11 6 12 12 11 10 7 
6 6 12 8 10 7 10 7 7 10 5 8 6 9 8 12 8 9 8 9 5 9 11 11 7 11 6 10 6 6 10 6 5 11 6 8 5 6 11 11 9 8 12 11 9 11 12 5 10 5 5 7 6 
8 6 9 9 9 5 12 12 8 5 10 5 7 9 7 6 7 10 6 12 7 5 7 11 7 9 7 9 12 7 8 8 12 10 11 8 5 10 11 5 8 12 12 12 12 12 12 11 9 6 8 10 9 
8 10 5 6 12 10 11 8 5 11 12 5 8 8 6 6 6 6 8 8 6 11 11 8 8 7 6 11 7 10 9 5 7 7 5 7 8 7 10 7 8 9 8 11 8 8 10 5 8 5 7 6 5 
7 11 12 12 9 6 6 7 11 11 10 7 11 12 12 10 5 12 10 8 8 5 5 9 12 11 11 9 9 9 11 6 9 10 8 9 9 11 10 11 11 7 9 11 8 10 11 5 12 11 8 12 10 
12 5 11 10 11 6 9 9 6 7 11 8 10 12 6 7 5 7 6 11 5 10 8 5 8 6 7 5 5 11 5 7 11 9 7 5 9 6 7 5 6 9 12 12 10 7 12 11 12 12 5 10 5 
5 9 10 12 11 8 7 12 9 10 5 12 10 5 10 5 5 11 5 9 11 8 6 9 11 11 6 8 10 11 8 7 9 12 8 8 10 9 10 7 12 12 6 5 7 12 11 7 9 7 10 7 11 
8 5 9 6 10 7 9 10 6 5 11 7 9 6 11 5 10 7 6 10 10 10 8 10 5 7 7 12 8 11 8 10 12 9 9 9 10 7 7 10 6 10 9 8 9 12 12 10 10 5 9 12 5 
7 12 9 7 7 5 12 9 9 12 8 11 10 9 11 10 12 10 10 5 6 9 9 12 10 5 11 10 12 7 9 5 7 8 6 11 9 10 10 8 10 12 12 5 9 9 6 11 8 11 12 8 10 
11 5 9 9 5 6 9 12 10 11 9 9 6 7 9 7 12 5 5 8 6 8 11 5 9 8 12 11 8 6 10 12 8 11 9 9 12 12 8 6 10 8 10 6 5 12 8 9 12 7 9 11 11 
10 5 7 9 11 6 12 10 10 8 6 6 10 11 8 10 12 7 9 5 9 7 5 5 7 8 6 11 6 12 9 12 11 10 6 9 5 9 11 10 6 5 8 7 11 8 8 7 8 5 6 12 6 
9 6 6 6 11 6 7 11 5 12 7 11 11 10 10 6 12 8 6 11 7 8 9 6 8 8 11 6 10 11 7 7 7 9 8 11 6 9 10 6 5 12 6 10 7 11 10 8 7 11 8 8 6 
8 6 11 10 9 6 7 7 10 6 11 10 7 11 12 12 8 10 7 11 7 8 7 7 10 10 9 12 5 7 7 11 8 12 10 6 9 8 11 12 11 10 12 9 7 7 10 10 9 9 5 8 7 
12 12 11 6 11 11 8 6 10 6 6 6 5 10 5 10 9 10 8 12 9 8 5 10 5 12 11 7 5 10 11 12 12 7 10 7 11 12 6 12 11 6 6 12 8 5 7 12 10 11 12 7 5 
8 6 6 11 12 5 7 8 12 5 12 7 9 12 6 12 5 12 9 9 7 12 9 12 9 11 5 9 8 8 12 12 11 11 5 10 8 8 11 9 12 6 9 5 10 11 10 12 5 10 12 12 9 
7 6 11 7 10 8 7 7 11 9 8 11 5 7 11 9 5 10 8 10 5 10 6 9 12 11 5 6 9 6 12 11 8 10 12 6 11 10 5 9 5 8 8 6 11 10 12 7 12 5 5 5 11 
8 10 7 10 10 6 6 9 6 9 7 7 5 7 8 7 12 10 6 7 9 11 6 6 8 7 10 12 11 8 7 7 9 9 5 11 6 6 6 9 12 11 11 11 7 12 11 6 7 5 5 9 10 
11 9 5 9 11 10 6 12 9 6 10 8 11 9 7 7 7 6 9 8 10 8 12 9 11 8 7 11 8 8 10 5 7 8 9 11 7 6 9 8 8 11 11 10 8 12 7 5 8 6 11 11 7 
6 11 10 5 7 11 6 10 5 11 9 7 10 10 8 5 7 6 8 5 6 11 9 9 5 11 9 9 5 12 12 8 12 8 11 8 8 9 10 10 5 11 7 11 9 7 7 12 5 5 11 9 7 
9 12 12 6 10 10 10 5 7 11 6 12 10 10 5 11 10 6 10 8 11 5 11 11 9 9 12 8 5 10 10 5 6 11 10 5 12 9 11 12 10 9 10 12 10 9 5 7 5 11 9 6 11 
6 7 9 7 5 5 8 6 11 9 9 10 7 12 11 11 5 12 11 5 5 10 5 7 8 6 5 11 8 7 6 10 7 8 11 10 11 7 12 10 8 7 11 12 7 8 8 12 6 6 10 9 7 
8 7 10 6 9 5 11 5 12 9 8 10 12 9 9 11 10 5 6 9 10 11 5 11 8 12 10 12 7 8 6 8 10 9 11 10 7 7 6 10 8 8 6 6 12 10 5 6 6 11 5 12 12 
9 12 12 11 6 11 8 8 7 11 7 10 5 9 7 7 11 12 8 12 8 12 11 9 8 5 11 11 6 5 11 12 5 10 9 8 7 7 9 10 5 9 12 7 9 5 10 8 8 12 6 6 12 
9 10 9 9 10 11 9 6 6 5 9 6 7 10 9 8 7 7 11 11 7 8 8 6 6 5 12 7 7 5 7 11 6 10 5 6 12 12 9 11 9 11 5 5 10 7 5 7 11 11 5 9 6 
10 7 12 12 8 10 8 12 11 8 12 10 11 6 6 10 8 9 12 5 12 7 10 11 9 12 12 10 12 6 7 5 10 11 11 9 9 10 11 12 10 7 8 6 6 11 11 5 7 11 10 12 8 
7 5 11 7 6 9 5 10 8 12 5 8 12 10 11 10 12 8 6 10 5 7 10 10 11 11 12 7 5 5 11 8 5 6 10 10 11 12 11 6 10 10 6 5 10 11 10 10 8 7 11 9 11 
9 5 7 8 8 8 10 9 5 12 10 9 12 7 9 11 7 5 7 12 7 7 8 5 12 7 10 6 7 11 9 8 6 8 6 9 8 8 8 5 9 7 9 11 8 11 12 6 8 10 5 5 12 
9 10 6 6 10 8 6 9 5 10 11 5 10 5 6 12 5 7 11 11 12 10 11 10 5 11 12 7 11 8 7 8 11 10 11 9 10 6 8 5 9 10 6 7 12 7 7 11 7 9 10 9 9 
7 9 10 6 7 6 6 8 9 9 5 6 8 5 12 8 12 12 11 9 11 8 12 5 9 12 7 5 5 10 12 9 7 6 8 6 7 10 12 8 7 11 9 9 12 12 9 11 9 11 10 10 12 
9 12 6 5 5 6 8 12 11 12 10 10 8 11 12 11 9 8 12 11 5 6 5 7 9 6 12 5 11 12 7 6 9 7 6 10 10 9 7 5 5 8 5 9 8 5 8 12 12 11 11 12 8 
10 10 8 10 12 10 8 5 7 6 8 8 5 6 8 11 8 11 8 8 10 9 11 7 12 11 9 9 5 6 10 10 5 7 7 9 11 6 11 10 12 7 10 6 5 6 8 8 11 11 5 12 8 
6 8 11 9 5 10 10 6 12 5 12 9 12 5 5 10 7 5 8 11 11 12 11 8 5 9 10 9 8 5 9 11 6 9 6 11 5 8 6 5 6 6 6 12 11 9 5 11 6 6 9 11 10 
7 7 6 12 12 7 12 9 7 7 11 7 5 7 12 12 10 12 11 12 12 9 8 9 11 11 12 11 7 12 6 11 10 10 7 10 7 9 10 7 12 6 8 9 12 5 10 10 8 6 9 5 7 
11 11 9 11 6 6 5 6 8 10 6 5 5 10 8 12 6 12 10 11 7 9 5 7 10 6 6 11 11 12 9 8 6 6 8 10 6 9 5 6 7 8 5 9 6 9 5 11 8 9 9 12 8 
7 11 5 5 8 8 10 11 7 9 6 9 8 9 7 11 5 10 12 8 8 6 5 7 10 10 10 5 11 5 7 10 11 10 6 6 8 9 5 6 9 5 9 11 11 10 11 5 10 5 10 11 10 
9 9 6 6 7 11 7 8 5 5 6 11 10 10 5 6 9 12 12 9 12 10 6 5 11 5 12 7 6 7 8 5 7 6 5 5 11 5 5 10 10 5 11 7 5 10 10 9 7 8 5 8 7 
8 9 7 6 5 8 5 12 12 7 11 7 11 10 6 7 9 7 7 11 7 8 9 8 5 5 10 12 8 9 6 6 11 12 9 8 11 9 12 7 8 8 10 10 8 7 11 10 6 5 8 9 11 
7 7 6 12 6 10 7 5 8 11 8 11 6 11 12 8 7 12 8 11 11 11 8 6 11 10 5 12 6 12 12 10 7 10 5 5 5 6 9 5 11 7 5 9 9 12 7 11 10 12 7 5 9 
6 8 12 5 12 7 12 12 5 11 12 7 10 5 11 11 9 10 10 8 9 6 12 5 6 12 5 11 6 11 7 8 10 11 10 7 9 9 12 7 9 7 7 9 7 7 11 6 10 9 12 8 11 
11 5 8 7 9 12 8 8 5 8 9 8 8 9 8 8 10 6 5 9 7 5 12 9 11 7 7 8 7 9 12 11 11 11 11 8 6 10 11 11 5 8 5 9 8 7 8 11 11 10 7 5 12 
5 8 7 8 6 7 12 11 11 10 10 7 6 6 9 12 7 10 7 10 8 10 11 11 7 7 8 12 7 5 5 5 8 5 11 7 8 12 6 5 10 12 7 6 6 9 9 11 9 7 12 12 7 
10 7 8 6 5 8 12 5 7 8 11 12 12 11 7 6 8 6 7 12 9 12 9 12 5 10 10 10 9 9 12 5 11 12 7 6 11 11 12 12 6 8 5 11 11 8 9 7 10 11 7 11 8 
7 8 7 8 10 10 9 7 7 10 11 7 12 9 6 7 9 11 5 8 11 12 5 11 9 12 11 9 7 5 7 11 9 10 7 12 10 10 7 11 6 5 8 5 5 6 6 10 10 10 7 7 10 
8 9 12 8 9 10 7 8 10 6 9 10 8 5 7 10 11 11 12 6 6 12 5 8 5 7 5 5 8 10 9 12 8 7 7 11 8 5 11 7 6 10 10 10 9 8 11 10 12 5 10 7 12 
7 7 5 7 8 6 11 6 7 8 11 5 7 10 11 8 11 5 11 8 10 6 9 5 8 6 9 6 6 5 9 8 10 10 12 12 9 7 12 12 5 11 5 6 10 7 8 9 5 5 6 8 7 
5 6 6 6 10 9 9 12 5 11 9 12 8 12 11 11 6 8 9 12 9 12 12 7 12 10 5 10 11 7 8 7 7 10 10 8 6 8 12 9 10 6 8 6 9 6 12 5 5 7 5 12 12 
6 6 6 11 9 9 10 7 5 5 5 12 5 9 9 10 7 8 5 12 10 5 7 11 11 8 7 10 8 10 6 11 12 5 7 11 12 8 5 9 9 10 6 12 7 12 6 6 5 12 7 11 7 
7 7 7 9 7 10 7 12 5 9 6 5 9 11 11 12 8 12 9 11 5 12 8 8 11 9 10 12 9 7 8 5 7 6 5 8 8 5 11 11 9 6 5 11 9 10 5 9 9 6 7 10 6 
6 6 7 5 9 6 10 6 5 9 11 12 5 5 10 12 8 6 5 12 12 8 12 6 10 8 11 12 12 12 8 6 12 7 6 10 7 10 9 12 10 8 10 7 11 8 5 10 11 8 10 6 11 
7 9 7 5 12 10 9 12 6 11 5 7 12 11 12 9 6 7 11 5 11 10 7 8 12 10 11 7 9 9 8 11 11 10 5 10 9 5 7 8 7 12 10 6 11 7 8 10 10 12 10 6 12 
11 5 5 11 9 6 11 9 12 10 5 10 7 7 10 7 5 7 8 5 11 6 9 6 9 9 7 6 10 9 6 9 5 9 9 11 10 12 8 8 9 11 8 5 7 6 11 6 10 8 10 10 8 
8 9 12 11 5 10 11 7 9 12 12 7 10 12 6 5 5 5 6 9 12 5 5 12 9 8 7 12 11 8 12 10 9 5 12 11 12 10 7 5 10 8 12 10 8 7 11 9 8 10 11 11 12 
10 8 12 9 6 8 11 7 10 5 11 8 5 8 10 7 7 12 10 12 11 8 7 5 9 9 8 6 7 8 9 12 9 7 8 6 7 10 6 5 6 12 9 6 9 7 8 6 10 8 7 5 11 
10 11 6 10 10 8 6 5 11 9 11 10 11 7 7 10 6 7 5 6 9 5 11 10 9 5 8 10 5 11 8 11 9 9 6 11 5 10 9 11 6 12 10 11 11 11 5 7 10 12 6 9 12 
7 6 7 6 9 6 7 10 8 11 8 5 8 10 11 10 5 6 9 7 10 9 6 6 10 7 7 8 6 9 8 5 6 8 9 6 11 7 10 6 12 6 12 6 7 5 10 9 11 6 8 8 11 
7 10 6 6 6 9 6 5 5 10 12 12 8 7 9 12 12 9 11 8 11 6 12 7 5 8 10 10 9 7 7 7 12 8 10 5 9 5 6 8 11 7 9 7 7 9 7 12 12 7 8 12 7 
6 7 8 10 6 5 11 6 6 6 5 9 7 10 8 9 12 6 9 10 7 12 8 12 7 8 11 8 9 5 8 12 5 8 10 6 11 10 6 6 6 12 7 6 7 6 6 6 12 8 6 11 11 
5 7 8 10 5 9 8 9 10 11 10 10 5 5 6 7 9 11 8 5 9 11 11 8 6 9 7 8 11 8 5 10 12 12 10 9 12 5 11 6 7 7 9 6 7 8 5 11 11 10 5 6 12 
9 6 11 10 7 5 5 7 7 9 12 10 6 11 12 7 8 10 9 12 10 8 7 7 12 8 6 6 10 12 6 7 11 10 7 10 9 7 5 12 10 7 10 5 6 11 12 12 11 12 8 9 5 
7 7 11 9 10 9 12 12 6 7 9 8 5 5 6 7 6 7 10 11 6 11 7 12 9 8 5 11 10 5 6 8 7 6 5 7 9 10 11 8 10 8 10 7 8 12 6 9 9 12 9 8 7 
7 6 8 6 8 8 11 11 8 12 10 8 10 11 6 5 11 5 6 9 10 11 9 10 12 11 6 9 10 9 10 9 7 12 10 9 5 7 10 8 8 9 5 9 5 7 5 7 12 8 6 11 11 
10 6 11 5 11 8 5 12 10 9 5 10 7 10 11 6 9 7 9 5 6 7 11 7 8 6 7 11 6 7 7 5 8 6 5 8 8 5 6 7 5 5 10 8 9 7 11 11 5 11 5 7 12 
9 5 6 6 7 12 10 6 10 6 8 5 8 5 12 8 6 12 5 8 5 9 10 9 10 10 5 5 6 12 7 9 11 8 12 9 9 7 8 7 7 7 11 10 6 6 9 5 10 6 5 12 10 
10 7 7 11 8 11 8 8 7 12 7 5 11 8 8 11 7 6 11 6 11 6 5 6 6 8 5 11 5 7 10 5 12 7 11 10 12 5 6 9 6 6 5 6 7 11 5 7 5 11 9 7 9 
9 8 9 5 8 10 7 8 12 8 11 8 10 5 7 7 11 7 8 8 5 10 8 12 11 7 11 9 7 9 10 10 5 9 7 12 9 11 8 8 11 8 7 5 9 5 9 8 6 11 6 6 10 
8 9 9 11 7 8 10 10 11 6 6 9 10 7 11 11 8 12 12 12 9 8 12 11 11 9 8 5 10 11 8 5 6 10 7 8 11 6 8 5 7 12 12 5 10 11 9 7 9 12 5 8 10 
5 12 9 7 7 6 9 5 7 5 12 12 10 5 12 12 5 12 7 6 12 12 9 8 9 7 12 5 7 11 6 5 7 6 10 9 11 11 8 10 10 5 9 10 11 12 6 10 5 6 9 6 6 
7 6 6 10 12 11 6 7 5 6 9 6 9 6 9 5 7 12 10 11 9 11 8 11 11 6 6 5 5 9 8 9 5 12 11 6 9 11 12 10 12 8 6 10 6 5 8 12 9 5 6 11 9 
11 6 12 11 5 6 6 10 9 5 7 6 9 7 5 6 12 5 9 7 5 12 11 5 8 12 10 9 9 12 10 12 7 12 12 12 10 12 8 12 9 11 6 8 7 10 6 10 6 10 12 7 12 
11 8 5 6 6 5 8 10 6 8 11 9 10 11 5 5 6 11 12 7 12 7 6 5 12 10 5 10 11 11 11 6 11 11 7 7 7 6 6 8 10 5 5 9 9 11 6 7 6 7 10 5 6 
10 6 11 5 9 9 7 8 5 12 10 12 10 10 12 6 12 10 9 10 9 11 6 7 10 8 7 10 11 5 11 11 6 9 10 5 11 11 5 10 12 9 8 6 6 7 12 10 9 5 7 5 11 
5 8 6 10 11 5 12 9 6 7 9 5 6 9 5 8 5 5 7 6 11 8 9 6 5 7 5 11 7 9 10 12 10 7 12 9 6 10 11 7 12 11 10 5 5 9 11 8 7 6 9 12 10 
11 6 12 5 5 6 11 7 8 11 12 11 12 11 8 10 5 7 6 7 7 5 7 8 8 8 10 9 8 6 5 5 8 11 6 7 7 5 9 5 11 7 11 7 6 9 6 7 6 8 5 9 9 
10 11 12 8 5 7 10 12 8 11 5 7 10 5 10 5 9 5 10 10 6 8 7 5 8 5 12 5 6 6 8 11 9 9 12 9 8 7 10 9 6 12 9 9 9 9 7 5 12 7 6 6 8 
5 10 9 7 11 9 11 9 7 12 12 10 8 6 9 11 10 10 7 7 10 10 5 10 10 5 9 5 6 8 5 5 8 9 11 5 9 7 7 9 10 6 5 5 10 10 10 12 8 10 7 5 11 
7 11 11 7 5 8 5 12 9 9 5 10 11 11 12 7 6 10 6 5 6 12 10 5 9 12 5 8 9 8 7 8 9 12 6 10 6 10 10 7 8 10 9 11 9 7 11 5 5 10 8 8 11 
11 9 10 11 5 5 11 8 10 5 8 8 7 10 9 9 8 5 7 6 7 7 11 11 9 10 10 5 9 8 5 6 10 10 9 7 7 12 9 6 5 7 5 11 12 7 5 5 9 6 6 11 8 
8 9 8 8 9 8 6 7 12 10 6 8 6 9 6 9 10 10 12 10 5 5 11 11 5 6 11 6 6 11 6 5 5 6 8 5 8 5 7 11 5 9 12 5 11 12 7 12 6 6 10 8 7 
9 7 5 11 11 11 5 11 5 7 7 12 10 5 6 7 10 8 5 12 8 7 9 10 8 11 7 10 12 7 8 6 9 8 9 11 6 12 8 6 5 8 5 7 5 12 5 7 7 10 5 7 7 
8 5 12 6 10 10 6 6 11 8 8 5 5 8 5 5 7 7 8 11 6 7 12 7 8 10 6 11 5 11 8 8 6 8 7 6 11 5 8 10 7 10 6 12 7 9 7 9 11 8 8 7 12 
6 5 7 7 12 5 8 8 8 6 10 11 10 5 7 6 9 9 9 11 6 9 8 5 12 10 10 9 5 5 8 7 9 9 7 9 11 5 12 12 12 8 12 12 12 5 11 12 5 9 11 6 11 
7 7 8 9 6 8 9 6 9 8 10 8 7 5 7 7 12 8 8 5 8 7 11 12 7 8 5 10 8 7 9 9 9 10 8 9 12 10 10 9 11 5 11 11 9 10 9 9 12 12 5 5 5 
11 8 5 10 7 8 6 7 6 12 8 8 8 12 11 10 10 12 8 11 8 10 11 6 6 6 7 11 8 10 11 7 8 10 12 8 8 6 11 12 9 6 8 11 11 5 7 9 6 8 10 8 9 
9 7 6 8 7 12 11 11 8 8 6 5 10 11 8 11 7 9 9 6 7 10 9 9 10 6 10 7 6 8 12 7 5 8 9 10 11 5 11 7 7 11 10 12 8 9 10 7 10 6 12 5 8 
6 12 12 12 7 11 12 5 9 6 12 8 5 7 10 11 12 11 10 6 12 11 11 11 7 6 5 7 12 7 8 9 10 11 10 10 10 6 7 6 5 6 6 10 6 8 9 6 8 10 5 6 11 
9 11 11 12 12 6 7 10 9 5 9 8 6 12 5 8 10 6 8 12 5 6 11 11 5 7 5 10 10 7 6 9 5 11 9 8 12 8 10 9 9 6 9 7 5 9 5 8 7 11 12 7 9 
12 10 5 12 11 8 9 10 10 7 5 5 5 5 11 7 11 7 8 9 9 8 8 8 11 9 10 12 12 10 5 11 7 7 11 6 7 6 5 10 12 8 7 10 7 6 6 11 9 7 7 8 7 
7 10 7 8 9 6 11 9 9 6 11 9 11 5 12 9 8 6 10 7 10 8 5 11 5 8 9 8 9 7 6 7 5 5 10 9 7 5 11 12 9 11 10 8 6 12 12 10 5 5 11 9 5 
7 12 7 10 9 10 9 6 6 11 11 11 9 9 6 8 6 12 12 11 11 6 5 7 7 8 10 6 9 11 10 8 12 9 12 12 10 12 12 5 7 7 9 9 7 12 7 7 10 6 8 7 6 
9 8 7 6 6 9 10 11 11 12 11 8 10 9 11 10 9 9 7 7 10 10 6 6 12 11 10 8 10 9 12 5 9 9 5 10 8 6 10 9 11 5 7 10 9 8 8 9 8 8 12 8 12 
6 11 6 7 12 9 8 6 7 11 7 8 7 10 10 5 11 6 5 12 7 12 10 5 7 11 8 8 8 11 9 6 5 7 8 7 8 5 10 11 9 12 12 5 12 5 6 12 6 5 7 12 8 
9 9 6 7 11 6 11 11 5 10 6 6 11 11 10 8 6 7 9 9 6 5 8 6 7 7 7 8 7 5 5 9 7 6 11 8 9 11 8 7 9 12 5 11 6 7 10 11 11 6 9 5 9 
9 8 6 8 12 5 9 5 9 6 9 6 9 6 10 12 7 7 5 8 6 12 10 9 5 5 11 5 7 9 6 6 8 7 12 7 5 6 8 7 11 6 10 5 10 6 12 5 11 8 12 9 8 
9 12 12 12 5 6 11 11 11 12 5 10 12 7 12 10 10 7 5 9 7 10 12 10 11 8 11 6 11 6 5 11 6 9 6 12 9 6 6 9 5 7 5 8 7 9 9 12 9 12 5 5 8 
10 12 8 5 12 7 9 8 9 12 6 9 8 8 6 9 9 5 9 9 7 7 9 8 8 11 10 11 8 10 6 9 10 5 5 5 9 9 11 7 6 5 9 12 11 9 9 5 8 9 12 6 11 
0 1 1 1 1 1 1 0 0 0 0 0 0 0 0 0 0 0 0 0 0 0 0 0 0 0 0 0 0 0 0 0 0 0 0 0 0 0 0 0 0 0 0 0 0 0 0 0 0 0 0 0 0 
0 0 0 0 0 0 0 0 0 0 0 0 0 0 0 0 0 0 0 0 0 0 0 0 0 0 0 0 0 0 0 0 0 0 0 1 0 0 0 0 0 0 0 0 0 0 0 0 0 0 0 0 0 
0 0 0 0 0 0 0 0 0 0 0 0 0 0 0 0 0 0 0 0 0 0 0 0 0 0 0 0 0 0 0 0 0 0 0 1 0 0 0 0 0 0 0 0 0 0 0 0 0 0 0 0 0 
0 0 0 0 0 0 0 0 1 0 0 0 0 0 0 0 0 0 0 0 0 0 0 0 0 0 0 0 0 0 0 0 0 0 0 0 0 0 0 0 0 0 0 0 0 0 0 0 0 0 0 0 0 
0 0 0 0 0 0 0 0 1 0 0 0 0 0 0 0 0 0 0 0 0 0 0 0 0 0 0 0 0 0 0 0 0 0 0 0 0 0 0 0 0 0 0 0 0 0 0 0 0 0 0 0 0 
0 0 0 0 0 0 0 0 1 0 0 0 0 0 0 0 0 0 0 0 0 0 0 0 0 0 0 0 0 0 0 0 0 0 0 0 0 0 0 0 0 0 0 0 0 0 0 0 0 0 0 0 0 
0 0 0 0 0 0 0 0 1 0 0 0 0 0 0 0 0 0 0 0 0 0 0 0 0 0 0 0 0 0 0 0 0 0 0 0 0 0 0 0 0 0 0 0 0 0 0 0 0 0 0 0 0 
0 0 0 0 0 0 0 0 1 0 0 0 0 0 0 0 0 0 0 0 0 0 0 0 0 0 0 0 0 0 0 0 0 0 0 0 0 0 0 0 0 0 0 0 0 0 0 0 0 0 0 0 0 
0 0 0 0 0 0 0 0 0 1 0 0 0 0 0 0 0 0 0 0 0 0 0 0 0 0 0 0 0 0 0 0 0 0 0 0 0 0 0 0 0 0 0 0 0 0 0 0 0 0 0 0 0 
0 0 0 0 0 0 0 0 0 0 1 0 0 0 0 0 0 0 0 0 0 0 0 0 0 0 0 0 0 0 0 0 0 0 0 0 0 0 0 0 0 0 0 0 0 0 0 0 0 0 0 0 0 
0 0 0 0 0 0 0 0 0 0 0 1 0 0 0 0 0 0 0 0 0 0 0 0 0 0 0 0 0 0 0 0 0 0 0 0 0 0 0 0 0 0 0 0 0 0 0 0 0 0 0 0 0 
0 0 0 0 0 0 0 0 0 0 0 0 1 1 1 0 0 0 0 0 0 0 0 0 0 0 0 0 0 0 0 0 0 0 0 0 0 0 0 0 0 0 0 0 0 0 0 0 0 0 0 0 0 
0 0 0 0 0 0 0 0 0 0 0 0 0 0 0 1 1 1 0 0 0 0 0 0 0 0 0 0 0 0 0 0 0 0 0 0 0 0 0 0 0 0 0 0 0 0 0 0 0 0 0 0 0 
0 0 0 0 0 0 0 0 0 0 0 0 0 0 0 0 0 0 0 0 0 1 0 0 0 0 0 0 0 0 0 0 0 0 0 0 0 0 0 0 0 0 0 0 0 0 0 0 0 0 0 0 0 
0 0 0 0 0 0 0 0 0 0 0 0 0 0 0 1 1 0 0 0 0 0 0 0 0 0 0 0 0 0 0 0 0 0 0 0 0 0 0 0 0 0 0 0 0 0 0 0 0 0 0 0 0 
0 0 0 0 0 0 0 0 0 0 0 0 0 0 0 0 0 0 0 0 0 0 0 0 0 0 0 0 1 1 1 0 0 0 0 0 0 0 0 0 0 0 0 0 0 0 0 0 0 0 0 0 0 
0 0 0 0 0 0 0 0 0 0 0 0 0 0 0 0 0 0 1 0 0 0 0 0 0 0 0 0 0 0 0 0 0 0 0 0 0 0 0 0 0 0 0 0 0 0 0 0 0 0 0 0 0 
0 0 0 0 0 0 0 0 0 0 0 0 0 0 0 0 0 0 0 0 0 0 0 0 0 0 0 0 0 0 0 0 0 0 0 0 0 0 0 0 0 1 0 0 0 0 0 0 0 0 0 0 0 
0 0 0 0 0 0 0 0 0 0 0 0 0 0 0 0 0 0 0 1 1 1 0 0 0 0 0 0 0 0 0 0 0 0 0 0 0 0 0 0 0 0 0 0 0 0 0 0 0 0 0 0 0 
0 0 0 0 0 0 0 0 0 0 0 0 0 0 0 0 0 0 0 0 0 0 1 0 0 0 0 0 0 0 0 0 0 0 0 0 0 0 0 0 0 0 0 0 0 0 0 0 0 0 0 0 0 
0 0 0 0 0 0 0 0 0 0 0 0 0 0 0 0 0 0 0 0 0 0 0 1 0 0 0 0 0 0 0 0 0 0 0 0 0 0 0 0 0 0 0 0 0 0 0 0 0 0 0 0 0 
0 0 0 0 0 0 0 0 0 0 0 0 0 0 0 0 0 0 0 0 0 0 0 0 1 0 0 0 0 0 0 0 0 0 0 0 0 0 0 0 0 0 0 0 0 0 0 0 0 0 0 0 0 
0 0 0 0 0 0 0 0 0 0 0 0 0 0 0 0 0 0 0 0 0 0 0 0 0 0 0 0 0 0 0 0 0 0 0 1 0 0 0 0 0 0 0 0 0 0 0 0 0 0 0 0 0 
0 0 0 0 0 0 0 0 0 0 0 0 0 0 0 0 0 0 0 0 0 0 0 0 0 0 0 0 0 0 0 0 0 0 0 1 0 0 0 0 0 0 0 0 0 0 0 0 0 0 0 0 0 
0 0 0 0 0 0 0 0 0 0 0 0 0 0 0 0 0 0 0 0 0 0 0 0 0 1 0 0 0 0 0 0 0 0 0 0 0 0 0 0 0 0 0 0 0 0 0 0 0 0 0 0 0 
0 0 0 0 0 0 0 0 0 0 0 0 0 0 0 0 0 0 0 0 0 0 0 0 0 0 1 0 0 0 0 0 0 0 0 0 0 0 0 0 0 0 0 0 0 0 0 0 0 0 0 0 0 
0 0 0 0 0 0 0 0 0 0 0 0 0 0 0 0 0 0 0 0 0 0 0 0 0 0 0 1 0 0 0 0 0 0 0 0 0 0 0 0 0 0 0 0 0 0 0 0 0 0 0 0 0 
0 0 0 0 0 0 0 0 0 0 0 0 0 0 0 0 0 0 0 0 0 0 0 0 0 0 0 0 1 1 1 1 1 1 0 0 0 0 0 0 0 0 0 0 0 0 0 0 0 0 0 0 0 
0 0 0 0 0 0 0 0 0 0 0 0 0 0 0 0 0 0 0 0 0 0 0 0 0 0 0 0 0 0 0 0 0 0 1 0 0 0 0 0 0 0 0 0 0 0 0 0 0 0 0 0 0 
0 0 0 0 0 0 0 0 0 0 0 0 0 0 0 0 0 0 0 0 0 0 0 0 0 0 0 0 0 0 0 0 0 0 1 0 0 0 0 0 0 0 0 0 0 0 0 0 0 0 0 0 0 
0 0 0 0 0 0 0 0 0 0 0 0 0 0 0 0 0 0 0 0 0 0 0 0 0 0 0 0 0 0 0 0 0 0 1 0 0 0 0 0 0 0 0 0 0 0 0 0 0 0 0 0 0 
0 0 0 0 0 0 0 0 0 0 0 0 0 0 0 0 0 0 0 0 0 0 0 0 0 0 0 0 0 0 0 0 0 0 1 0 0 0 0 0 0 0 0 0 0 0 0 0 0 0 0 0 0 
0 0 0 0 0 0 0 0 0 0 0 0 0 0 0 0 0 0 0 0 0 0 0 0 0 0 0 0 0 0 0 0 0 0 1 0 0 0 0 0 0 0 0 0 0 0 0 0 0 0 0 0 0 
0 0 0 0 0 0 0 0 0 0 0 0 0 0 0 0 0 0 0 0 0 0 0 0 0 0 0 0 0 0 0 0 0 0 1 0 0 0 0 0 0 0 0 0 0 0 0 0 0 0 0 0 0 
0 0 0 0 0 0 0 0 0 0 0 0 0 0 0 0 0 0 0 0 0 0 0 0 0 0 0 0 0 0 0 0 0 0 0 1 0 0 0 0 0 0 0 0 0 0 0 0 0 0 0 0 0 
0 0 0 0 0 0 0 0 0 0 0 0 0 0 0 0 0 0 0 0 0 0 0 0 0 0 0 0 0 0 0 0 0 0 0 0 1 0 0 0 0 0 0 0 0 0 0 0 0 0 0 0 0 
0 0 0 0 0 0 0 0 0 0 0 0 0 0 0 0 0 0 0 0 0 0 0 0 0 0 0 0 0 0 0 0 0 0 0 0 0 1 1 1 0 0 0 0 0 0 0 0 0 0 0 0 0 
0 0 0 0 0 0 0 0 0 0 0 0 0 0 0 0 0 0 0 0 0 0 0 0 0 0 0 0 0 0 0 0 0 0 0 0 0 0 0 0 1 0 0 0 0 0 0 0 0 0 0 0 0 
0 0 0 0 0 0 0 0 0 0 0 0 0 0 0 0 0 0 0 0 0 0 0 0 0 0 0 0 0 0 0 0 0 0 0 0 0 0 0 0 1 0 0 0 0 0 0 0 0 0 0 0 0 
0 0 0 0 0 0 0 0 0 0 0 0 0 0 0 0 0 0 0 0 0 0 0 0 0 0 0 0 0 0 0 0 0 0 0 0 0 0 0 0 1 0 0 0 0 0 0 0 0 0 0 0 0 
0 0 0 0 0 0 0 0 0 0 0 0 0 0 0 0 0 0 0 0 0 0 0 0 0 0 0 0 0 0 0 0 0 0 0 0 0 0 0 0 0 1 0 0 0 0 0 0 0 0 0 0 0 
0 0 0 0 0 0 0 0 0 0 0 0 0 0 0 0 0 0 0 0 0 0 0 0 0 0 0 0 0 0 0 0 0 0 0 0 0 0 0 0 0 0 1 1 1 1 1 0 0 0 0 0 0 
0 0 0 0 0 0 0 0 0 0 0 0 0 0 0 0 0 0 0 0 0 0 0 0 0 0 0 0 0 0 0 0 0 0 0 0 0 0 0 0 0 0 0 0 0 0 0 1 0 0 0 0 0 
0 0 0 0 0 0 0 0 0 0 0 0 0 0 0 0 0 0 0 0 0 0 0 0 0 0 0 0 0 0 0 0 0 0 0 0 0 0 0 0 0 0 0 0 0 0 0 0 1 0 0 0 0 
0 0 0 0 0 0 0 0 0 0 0 0 0 0 0 0 0 0 0 0 0 0 0 0 0 0 0 0 0 0 0 0 0 0 0 0 0 0 0 0 0 0 0 0 0 0 0 0 0 0 1 1 0 
0 0 0 0 0 0 0 0 0 0 0 0 0 0 0 0 0 0 0 0 0 0 0 0 0 0 0 0 0 0 0 0 0 0 0 0 0 0 0 0 0 0 0 0 0 0 0 0 0 1 0 0 0 
0 0 0 0 0 0 0 0 0 0 0 0 0 0 0 0 0 0 0 0 0 0 0 0 0 0 0 0 0 0 0 0 0 0 0 0 0 0 0 0 0 0 0 0 0 0 0 0 0 0 1 1 0 
0 0 0 0 0 0 0 0 0 0 0 0 0 0 0 0 0 0 0 0 0 0 0 0 0 0 0 0 0 0 0 0 0 0 0 0 0 0 0 0 0 0 0 0 0 0 0 0 0 0 1 1 0 
0 0 0 0 0 0 0 0 0 0 0 0 0 0 0 0 0 0 0 0 0 0 0 0 0 0 0 0 0 0 0 0 0 0 0 0 0 0 0 0 0 0 0 0 0 0 0 0 0 0 1 1 0 
0 0 0 0 0 0 0 0 0 0 0 0 0 0 0 0 0 0 0 0 0 0 0 0 0 0 0 0 0 0 0 0 0 0 0 0 0 0 0 0 0 0 0 0 0 0 0 0 0 0 1 1 0 
0 0 0 0 0 0 0 0 0 0 0 0 0 0 0 0 0 0 0 0 0 0 0 0 0 0 0 0 0 0 0 0 0 0 0 0 0 0 0 0 0 0 0 0 0 0 0 0 0 0 0 0 1 
0 0 0 0 0 0 0 0 0 0 0 0 0 0 0 0 0 0 0 0 0 0 0 0 0 0 0 0 0 0 0 0 0 0 0 0 0 0 0 0 0 0 0 0 0 0 0 0 0 0 0 0 1 
0 0 0 0 0 0 0 0 0 0 0 0 0 0 0 0 0 0 0 0 0 0 0 0 0 0 0 0 0 0 0 0 0 0 0 0 0 0 0 0 0 0 0 0 0 0 0 0 0 0 0 0 0
0.24 0.23 0.18 0.3 0.25 0.28 0.27 0.27 0.25 0.14 0.1 