25
9
93 93 115 102 133 71 52 71 98 138 89 118 144 134 81 150 122 127 56 78 88 68 70 93 106 
64 70 106 56 66 109 126 68 99 66 133 125 66 102 65 84 125 91 100 144 90 104 106 143 56 
77 140 111 106 85 89 57 98 103 89 142 135 69 139 105 125 97 84 128 66 83 77 105 108 131 
148 125 77 65 150 95 79 59 61 115 146 129 81 149 83 97 149 100 128 86 72 140 100 141 122 
78 80 101 75 135 89 124 78 76 142 67 79 85 126 128 93 106 150 50 78 103 142 55 133 109 
54 143 64 122 52 143 136 51 66 51 71 120 98 72 116 65 89 85 116 52 105 75 132 115 114 
90 124 135 63 61 69 127 149 136 67 63 75 147 119 144 130 118 62 65 55 116 62 54 116 128 
100 109 94 110 111 119 50 94 95 70 63 57 90 106 94 86 149 120 86 79 146 135 120 93 145 
123 82 66 98 71 121 97 125 79 111 65 101 54 74 140 110 110 107 64 94 77 105 77 145 116 
106 100 107 67 122 107 71 102 93 65 85 54 64 57 113 105 61 93 94 98 121 124 104 103 95 
86 101 124 96 111 91 78 52 61 109 52 101 121 60 109 115 100 64 50 67 106 115 57 104 82 
101 55 55 104 73 58 118 111 95 82 116 55 62 88 110 122 88 75 57 80 123 99 94 101 118 
75 86 98 73 75 71 76 89 62 74 68 63 88 107 114 111 107 75 77 100 52 68 118 103 56 
90 72 115 68 119 115 91 100 63 108 106 58 58 73 113 63 115 54 64 110 98 58 86 78 88 
58 98 72 50 90 66 116 123 57 121 104 110 104 110 57 83 86 118 115 53 54 94 67 76 80 
61 95 72 105 71 108 109 125 123 99 100 82 111 110 58 115 57 76 108 94 51 83 55 86 51 
93 92 51 72 53 75 63 93 83 103 97 87 87 89 88 53 82 66 78 79 70 86 109 78 59 
83 102 103 121 77 61 118 100 116 112 50 105 74 79 102 123 61 111 94 54 72 117 61 107 109 
180 183 184 163 144 194 131 182 153 192 122 158 121 109 125 102 194 157 184 134 138 108 106 153 139 
15 20 21 13 25 17 13 22 15 15 14 21 15 19 20 20 14 12 18 23 23 20 18 25 14 
23 23 23 20 20 16 15 24 19 20 16 15 22 23 21 19 24 21 24 19 12 22 22 17 13 
15 12 15 21 20 16 24 22 13 13 16 22 18 16 24 16 22 22 14 17 22 24 16 22 23 
23 20 22 22 15 22 12 22 18 23 17 25 14 20 16 23 12 21 21 25 23 21 20 13 20 
19 25 12 15 12 15 24 16 23 20 12 16 21 24 22 21 19 13 25 21 21 21 12 22 14 
25 19 14 24 19 12 24 25 12 13 14 16 19 19 21 20 16 19 23 14 22 13 13 12 16 
12 15 24 22 18 17 22 15 21 23 22 20 17 12 21 23 16 24 13 18 24 13 18 25 15 
24 14 22 21 16 13 24 20 19 22 14 23 23 20 21 25 18 16 23 18 23 13 21 24 25 
22 18 23 12 20 16 21 15 23 22 24 19 21 20 24 14 19 25 23 17 18 22 19 24 19 
10 10 12 5 7 8 8 7 6 5 7 6 6 6 12 7 8 5 8 8 6 6 6 9 11 
5 5 12 12 6 6 6 8 5 6 6 12 7 6 5 10 8 9 7 10 6 6 9 9 6 
7 11 10 6 9 9 11 11 5 12 9 12 6 6 6 6 12 6 9 10 8 8 7 12 9 
9 10 5 6 9 7 10 5 10 11 6 12 9 8 6 6 10 5 12 8 9 12 7 12 6 
9 9 6 8 7 8 5 5 12 9 12 8 8 10 10 5 10 6 6 10 12 7 7 6 8 
7 12 6 11 7 7 5 9 12 7 12 9 6 6 10 10 11 8 6 6 12 5 11 6 6 
9 11 7 12 10 7 11 11 9 6 11 6 5 12 11 11 12 12 6 5 12 9 12 11 9 
10 9 10 7 5 8 6 11 5 7 7 5 6 5 9 9 8 10 12 6 10 6 6 5 10 
5 5 6 10 8 10 9 5 7 10 9 10 7 6 5 7 6 6 9 10 7 10 10 5 10 
9 9 8 10 5 10 11 6 6 6 12 8 6 6 6 10 6 8 11 11 7 7 10 12 11 
6 12 7 12 5 12 10 5 7 6 8 8 11 10 9 8 10 8 12 9 9 5 10 12 7 
7 12 7 8 6 7 12 12 12 7 9 10 6 10 8 9 11 7 8 8 5 7 11 11 5 
10 9 9 12 5 6 5 7 11 7 10 10 9 11 10 9 7 7 8 11 11 10 5 8 8 
11 8 12 7 8 9 12 12 8 8 9 5 10 9 10 7 8 11 7 10 7 9 12 5 8 
9 10 12 12 11 12 9 10 12 8 10 5 12 5 10 5 12 12 9 10 12 10 8 8 12 
12 8 7 9 12 11 11 11 12 6 12 5 8 12 6 12 9 6 11 11 6 10 7 6 6 
10 5 6 12 7 9 5 10 5 5 10 10 8 8 7 8 7 11 9 11 9 6 8 6 5 
11 8 10 6 8 6 7 7 11 7 10 11 9 6 9 8 8 12 5 5 6 5 7 9 10 
8 6 6 9 7 8 7 11 9 7 5 7 12 6 8 12 7 12 12 10 6 8 10 8 7 
6 9 7 5 8 12 7 10 9 5 9 11 6 10 5 7 6 8 12 8 11 6 8 5 9 
11 11 7 7 10 5 10 12 12 10 6 12 6 12 7 11 5 5 10 9 8 7 10 6 6 
7 9 8 7 7 10 10 7 12 7 7 8 7 6 8 6 7 10 11 9 7 7 5 7 12 
5 8 9 11 9 8 7 8 8 10 5 9 6 7 8 12 7 8 12 7 11 10 8 7 7 
12 5 10 9 6 10 8 12 12 11 7 5 11 11 7 5 12 8 7 9 7 6 5 6 9 
7 11 9 9 9 8 6 7 8 12 6 6 6 8 7 5 8 5 7 8 11 5 8 12 7 
7 11 10 10 6 6 11 8 12 8 6 10 11 6 6 12 5 7 7 12 12 5 10 7 12 
5 7 6 8 9 10 10 10 11 9 11 7 5 5 7 10 7 8 9 8 9 6 8 12 9 
7 10 12 7 11 9 12 7 7 12 9 7 7 9 9 10 12 10 8 12 8 5 6 7 8 
8 8 5 10 5 11 7 6 11 9 5 10 5 5 7 8 6 9 12 11 5 10 8 10 6 
10 11 12 9 6 8 5 7 9 12 8 10 9 8 5 12 9 7 12 11 7 12 11 11 6 
6 5 5 7 5 12 7 11 10 8 11 12 10 8 12 5 12 8 7 6 11 12 7 5 5 
12 11 10 5 8 12 10 6 6 9 6 9 9 5 12 9 5 12 6 5 9 9 10 5 11 
12 11 9 10 11 5 7 8 6 6 11 6 7 11 12 5 10 9 12 10 9 6 7 10 11 
6 8 7 6 10 9 9 10 6 10 8 8 10 12 8 11 11 6 6 6 11 7 11 7 7 
5 7 10 7 6 7 8 11 5 10 9 11 7 9 8 8 6 5 7 10 5 5 11 10 5 
8 8 9 8 7 8 7 5 7 8 8 12 6 12 5 10 11 12 7 6 11 7 9 12 10 
7 7 10 7 12 9 10 11 6 12 8 10 5 11 12 11 12 10 10 5 6 12 8 10 6 
5 7 9 5 10 6 6 8 7 11 5 8 9 11 7 7 6 5 12 7 10 10 10 5 12 
7 12 6 7 6 6 8 5 10 8 12 9 10 10 11 12 7 8 7 11 9 5 11 6 7 
12 5 12 6 12 11 5 5 12 12 8 6 8 9 7 6 11 12 8 9 6 7 5 8 7 
7 5 12 5 11 12 8 11 8 9 10 11 7 7 10 5 9 7 6 8 9 11 5 8 11 
5 11 9 12 9 12 11 10 9 12 6 5 8 6 8 7 9 12 5 8 9 7 6 12 10 
7 5 9 9 5 7 11 10 7 11 10 10 12 11 8 6 9 9 11 10 11 12 10 12 5 
10 6 11 12 7 6 10 9 7 7 9 7 9 11 6 7 6 10 7 8 8 7 11 10 5 
5 10 5 6 9 11 5 11 9 5 9 10 5 7 12 8 5 11 11 6 12 8 9 7 12 
8 8 10 9 10 8 11 10 9 5 7 5 12 12 8 10 6 5 5 12 9 8 5 11 7 
9 5 5 10 6 9 6 5 11 8 5 10 11 11 10 5 10 6 5 8 9 8 8 9 10 
8 8 9 12 8 8 6 9 7 6 11 6 10 10 6 10 10 12 11 11 12 5 7 6 12 
9 8 5 11 12 11 6 12 11 5 9 9 12 6 10 11 8 11 8 10 7 11 5 10 5 
5 8 6 12 8 7 9 10 10 8 11 5 5 10 8 12 7 7 8 7 9 5 10 10 10 
6 10 5 12 12 5 8 8 9 10 6 6 6 12 7 8 10 5 11 7 6 5 11 5 6 
12 10 5 10 12 12 8 6 10 5 10 7 6 5 12 7 8 11 11 11 6 8 8 11 12 
6 9 9 11 9 9 6 5 12 12 9 8 6 5 9 9 6 11 6 11 5 9 11 7 12 
5 6 6 6 12 10 6 7 12 5 9 12 9 6 12 5 12 10 6 9 9 7 8 9 8 
8 12 7 7 10 8 8 6 6 5 8 11 9 11 5 6 8 8 7 7 8 9 6 7 12 
7 12 5 8 6 12 10 6 10 12 6 7 11 7 5 5 10 6 12 6 12 8 9 11 7 
7 10 10 11 5 12 9 11 7 7 12 12 9 7 8 5 10 7 9 7 10 9 9 6 9 
9 10 9 9 11 6 7 6 10 5 11 5 10 7 9 11 8 10 9 8 9 6 12 11 8 
7 12 8 12 11 9 8 9 5 9 7 6 9 8 11 7 8 8 11 11 7 10 7 9 11 
6 7 7 7 8 7 11 10 11 9 5 11 10 11 12 6 5 10 8 11 9 7 9 5 11 
9 6 8 6 11 8 7 10 8 8 5 8 12 6 10 12 5 12 8 10 10 10 7 12 11 
11 6 10 9 8 10 11 6 11 12 12 8 7 6 7 10 6 6 5 12 11 7 6 5 9 
12 8 6 11 6 7 8 6 8 12 9 12 8 9 11 10 9 12 5 12 8 10 6 8 11 
6 7 8 8 10 8 12 5 5 6 7 12 5 12 9 10 7 7 5 7 5 7 11 8 7 
10 9 12 5 11 6 12 12 11 7 7 7 7 5 12 8 11 7 9 7 12 12 11 10 12 
11 7 6 10 7 9 5 8 5 11 8 9 8 9 7 10 7 10 6 8 12 9 10 11 9 
12 5 10 7 5 6 7 7 8 5 12 12 12 5 6 8 5 11 8 6 9 6 11 8 10 
7 5 10 12 11 8 6 7 6 5 10 6 10 8 7 9 9 6 11 9 8 12 10 10 12 
9 8 5 9 7 10 7 9 6 5 12 10 10 7 8 11 6 5 7 7 8 12 11 11 7 
5 7 5 11 10 10 6 11 6 5 10 5 5 8 12 10 6 10 7 7 10 8 11 11 8 
8 5 6 7 7 10 7 8 7 5 9 10 12 7 7 8 9 6 5 9 7 10 9 6 6 
11 9 9 7 7 7 11 9 11 10 6 10 7 7 5 9 7 8 10 10 7 12 6 9 8 
8 6 10 8 11 11 8 6 8 10 5 6 7 6 10 10 5 11 7 10 6 5 5 12 8 
8 10 8 10 9 5 6 12 12 10 9 9 7 8 7 10 7 9 9 5 10 10 9 6 5 
12 10 12 7 11 12 8 5 5 7 9 7 12 8 11 11 7 10 9 9 6 7 9 7 5 
8 8 5 11 8 5 11 11 7 10 10 10 6 8 9 10 7 10 9 7 7 5 11 9 6 
6 8 9 6 12 9 7 10 8 9 11 9 11 7 10 11 7 8 11 11 8 12 11 5 12 
8 6 11 9 5 7 11 5 6 10 11 12 7 8 7 6 12 11 10 7 8 10 11 11 8 
6 10 9 7 6 12 7 11 9 11 7 7 11 9 8 10 9 6 8 8 8 8 9 8 10 
11 9 6 11 10 6 10 11 12 10 8 5 10 12 9 7 7 7 10 11 9 6 12 6 8 
8 12 6 5 9 12 10 5 9 9 12 6 9 6 10 8 11 9 6 7 10 12 10 9 10 
7 8 11 8 12 9 9 5 11 12 5 7 7 9 8 8 9 6 7 11 12 11 7 5 8 
9 12 9 11 8 7 7 5 9 6 5 10 9 8 5 5 8 9 9 11 8 11 5 6 10 
6 5 12 5 9 7 7 8 9 9 5 10 9 6 11 8 11 5 6 7 6 10 10 11 9 
10 7 7 6 9 8 6 11 6 6 9 5 9 5 9 5 11 12 8 8 7 11 11 9 8 
8 11 10 12 11 5 12 7 11 6 11 11 8 10 5 6 10 7 12 12 9 6 9 6 7 
10 12 11 12 12 9 7 8 5 5 10 6 5 10 10 7 12 7 11 12 8 12 5 8 7 
5 7 5 5 12 11 6 7 12 10 5 9 11 9 7 5 7 12 12 5 12 10 11 11 5 
9 5 6 10 12 9 8 8 10 8 7 7 9 9 8 8 10 8 10 6 7 11 10 7 10 
6 11 10 8 7 9 11 6 12 6 12 10 11 12 7 5 10 11 10 8 9 5 9 5 12 
9 10 7 5 6 5 5 10 8 11 10 11 7 9 9 7 6 5 7 7 9 8 9 11 11 
12 8 12 6 7 10 9 12 9 11 6 7 11 12 10 12 8 10 7 5 8 10 8 6 11 
12 6 8 11 5 11 5 5 10 11 11 10 10 7 5 8 11 12 6 6 7 12 7 8 8 
12 10 8 10 5 8 6 8 6 9 9 10 10 10 6 5 6 12 9 11 7 10 10 5 9 
10 9 7 10 8 12 11 8 8 8 8 8 11 7 11 9 11 10 7 8 10 7 9 6 8 
12 7 7 12 5 11 12 5 9 11 11 9 12 11 12 5 9 12 8 6 6 6 6 8 5 
12 6 5 7 7 9 8 12 6 8 10 9 12 12 5 9 11 6 8 7 8 9 10 10 6 
5 10 10 8 12 6 11 9 10 10 7 6 9 12 9 7 10 6 7 9 11 11 7 7 5 
6 6 11 5 7 12 7 6 7 12 9 5 6 11 7 5 11 7 6 12 12 10 10 6 6 
6 9 8 7 11 8 7 10 8 11 10 12 7 7 5 5 11 10 8 8 6 5 8 6 6 
8 12 7 7 7 10 11 8 12 11 9 7 5 12 6 5 8 7 8 10 12 9 11 8 9 
5 12 11 11 9 12 12 11 8 7 10 7 8 5 10 11 12 9 8 7 12 8 7 10 11 
5 5 8 10 11 11 9 12 9 11 10 10 5 10 7 7 10 9 9 6 12 6 12 11 6 
8 5 7 10 12 10 8 9 9 10 8 11 11 7 5 9 6 9 9 8 8 5 11 9 12 
5 6 8 12 10 8 9 7 7 5 10 12 8 5 5 6 10 12 12 8 5 8 10 11 8 
8 7 5 12 11 12 12 11 7 8 12 10 11 10 5 5 7 9 8 10 10 8 11 9 12 
5 11 10 5 5 10 8 6 8 10 12 7 11 8 12 8 5 12 6 12 9 9 8 11 6 
8 10 7 12 9 6 9 8 12 6 5 9 12 7 11 12 6 5 7 5 10 8 11 7 7 
5 12 6 11 7 10 11 11 7 12 7 7 10 12 12 10 10 6 8 9 8 7 11 10 8 
11 11 7 5 7 6 11 7 9 9 12 10 5 6 9 10 9 10 6 11 11 8 6 5 9 
8 9 8 10 5 6 12 11 6 9 5 12 10 9 5 12 9 12 10 10 8 12 9 6 5 
6 11 7 5 7 8 7 11 10 9 12 9 9 10 7 11 8 7 10 10 8 6 6 7 10 
6 11 9 9 6 12 8 6 10 9 11 6 9 6 7 7 10 5 8 11 8 8 5 12 12 
9 7 8 10 5 11 7 6 6 9 11 9 9 11 6 6 8 9 11 10 8 12 6 12 5 
11 5 9 12 11 11 10 9 9 11 10 11 5 10 11 5 7 8 9 6 5 8 9 11 9 
5 10 11 12 7 5 12 7 7 10 12 12 8 12 11 8 7 5 7 12 12 12 7 12 8 
6 12 8 9 10 12 9 5 10 9 6 12 7 10 7 8 5 9 9 9 7 5 12 12 11 
8 9 12 9 11 9 12 8 9 10 12 10 10 10 10 9 9 9 10 10 8 10 9 9 9 
10 7 5 8 5 11 5 8 5 11 11 11 12 12 8 7 12 7 8 5 12 5 7 11 6 
12 5 12 7 10 6 6 7 9 5 5 10 12 10 6 6 9 9 6 5 7 5 12 5 10 
12 5 7 5 5 7 5 7 8 7 7 10 5 7 8 7 7 10 12 6 10 10 12 5 11 
12 6 6 7 10 7 6 7 10 10 11 10 12 6 6 11 10 10 9 12 11 12 11 12 9 
11 9 5 12 9 7 9 5 5 8 6 8 8 11 7 12 7 6 6 12 8 7 7 11 8 
8 6 12 12 11 11 8 7 7 12 12 11 9 12 9 12 6 11 5 9 8 7 11 12 7 
9 7 12 10 10 12 9 7 8 9 8 7 12 9 7 5 6 10 12 8 11 8 9 7 6 
11 10 5 12 7 10 6 12 11 11 8 7 12 12 5 12 10 8 8 8 10 5 6 12 6 
10 7 7 11 12 12 5 9 11 12 8 8 9 10 6 9 10 9 11 10 10 11 9 7 12 
5 5 5 7 8 12 8 6 12 6 8 7 5 10 7 11 10 10 6 8 12 8 9 12 12 
8 8 11 8 8 8 11 8 6 9 6 11 9 8 7 7 10 8 9 9 12 5 12 10 10 
10 9 11 8 11 8 10 5 5 7 5 8 5 6 6 8 6 10 8 8 7 7 9 11 12 
9 9 12 11 12 10 9 10 10 8 8 8 5 10 11 9 6 9 9 6 6 9 5 12 10 
7 11 11 12 10 7 10 8 12 8 9 12 10 6 8 12 10 8 6 12 5 9 12 7 5 
11 11 8 9 12 11 8 7 9 6 7 9 8 12 6 11 10 8 12 11 9 10 7 10 6 
7 5 11 7 6 12 9 7 12 7 6 6 11 10 9 10 6 8 7 6 8 10 5 10 6 
11 5 11 10 10 8 12 9 8 11 5 7 11 12 12 10 10 6 10 12 9 12 7 5 7 
11 7 8 6 11 6 12 11 7 11 7 7 11 10 6 5 5 12 7 5 7 10 11 8 12 
8 6 5 9 7 9 11 6 5 11 8 5 9 11 10 10 9 8 12 11 6 5 11 10 11 
7 10 9 10 8 10 6 8 10 6 7 10 12 6 7 7 9 9 10 8 9 9 5 6 7 
10 9 10 5 12 10 11 5 9 11 11 10 8 5 11 6 11 7 8 5 6 7 6 9 9 
10 5 8 8 9 8 11 9 5 5 8 6 12 10 10 11 12 5 8 10 8 8 11 5 9 
10 12 12 6 9 5 8 6 6 6 7 5 10 12 9 6 8 5 10 9 10 7 9 5 9 
9 8 7 7 10 5 12 8 9 8 11 8 12 6 6 6 5 5 10 9 10 9 5 10 12 
7 9 11 10 9 6 6 7 9 12 9 9 9 8 8 12 9 7 11 6 10 9 10 12 12 
8 7 5 11 10 11 5 7 10 11 5 11 6 12 9 6 5 5 10 9 7 12 5 9 9 
11 11 5 8 12 11 10 6 11 5 5 12 11 8 8 7 12 7 9 6 12 6 7 10 11 
12 7 6 11 12 6 10 7 12 7 11 11 9 8 5 6 10 8 11 11 5 11 6 6 7 
10 5 5 8 12 12 12 6 9 8 5 9 9 9 8 7 8 9 8 8 5 12 6 12 12 
9 10 12 8 8 7 7 5 12 7 6 5 10 7 10 8 11 11 12 10 7 5 5 8 10 
10 7 11 12 5 12 8 11 9 6 7 12 9 6 11 10 10 8 9 6 12 7 12 7 12 
5 9 11 6 6 6 7 9 6 8 12 11 8 6 11 7 9 8 11 11 12 12 8 7 6 
9 5 11 5 5 5 9 5 5 7 11 11 12 8 5 5 5 5 6 10 12 9 12 6 10 
12 6 9 7 5 5 9 6 9 5 12 11 5 8 10 7 8 5 10 8 12 7 5 10 7 
8 8 11 5 8 6 6 8 9 5 6 10 5 7 5 10 9 12 5 6 11 6 7 8 11 
5 11 12 6 12 7 9 9 12 11 6 12 7 12 6 12 8 7 7 5 9 9 8 8 5 
5 9 10 7 5 7 5 10 12 8 11 11 12 11 7 12 12 12 7 11 12 7 7 10 11 
11 7 7 9 9 9 7 9 5 11 7 9 12 12 11 5 6 12 10 8 7 12 10 5 8 
9 8 6 11 11 11 10 7 11 10 12 8 12 10 10 11 8 12 11 8 6 7 12 9 11 
10 5 10 8 5 7 10 10 8 9 9 7 11 12 10 7 8 11 11 9 6 7 10 9 8 
10 11 6 6 10 7 8 9 9 7 9 12 10 9 11 10 6 10 11 11 9 5 5 11 6 
11 9 12 10 11 12 10 7 12 9 7 7 9 9 9 5 12 9 9 6 6 12 6 5 5 
8 9 8 7 5 9 5 7 11 10 9 6 11 10 10 11 9 12 11 6 8 9 8 9 7 
11 11 8 11 11 6 11 5 6 10 9 5 12 8 7 7 10 5 10 5 8 11 9 5 12 
6 7 5 8 12 7 12 10 9 8 10 11 9 11 11 11 7 11 7 11 6 5 6 10 6 
7 11 12 10 6 6 7 7 11 6 8 7 6 7 6 7 5 8 5 6 6 8 6 7 12 
11 5 8 7 7 12 12 7 12 6 6 9 11 5 7 11 5 8 10 5 8 7 6 8 6 
9 12 12 6 9 9 12 7 12 6 5 10 6 7 8 8 6 8 11 12 7 6 6 9 8 
5 12 7 6 6 9 10 7 12 12 12 11 7 5 5 7 8 8 8 10 6 10 7 12 8 
11 9 11 12 5 11 7 8 5 5 9 7 7 7 8 6 6 11 12 7 12 12 6 6 7 
8 7 10 6 10 8 6 10 11 10 9 8 10 7 10 5 9 9 8 11 10 10 10 12 10 
11 10 12 5 9 7 12 10 5 11 11 8 10 10 8 9 12 12 6 6 8 5 7 11 6 
11 12 5 6 7 11 9 10 8 11 6 8 12 12 6 12 9 10 9 11 11 12 11 10 7 
7 7 8 7 9 12 9 6 11 7 5 7 6 9 8 9 9 10 11 6 9 5 11 12 11 
6 9 11 6 10 10 8 5 6 8 9 11 11 8 10 7 8 5 8 11 8 5 12 7 6 
10 10 11 6 12 11 5 6 6 8 8 5 6 8 6 10 8 11 6 8 5 7 9 9 8 
11 10 9 9 11 5 12 6 11 10 10 7 7 9 9 8 11 7 12 12 6 10 12 8 12 
10 12 6 5 9 9 12 8 12 9 12 12 10 11 5 8 12 8 10 8 6 8 9 11 6 
8 6 12 10 10 9 6 6 6 5 11 6 8 11 6 9 10 7 8 7 11 8 8 12 8 
6 6 5 10 7 10 10 8 11 8 5 6 9 7 11 6 9 10 8 7 11 7 8 11 8 
6 11 5 8 12 8 10 11 9 5 7 12 6 6 12 11 11 12 8 10 8 8 5 10 11 
9 5 6 9 9 12 8 8 7 8 11 12 9 7 10 8 7 8 7 8 8 5 5 5 7 
6 10 9 6 10 8 11 6 10 11 5 6 6 8 12 10 12 11 8 6 6 9 5 11 12 
8 8 8 9 11 6 5 10 11 10 12 5 10 5 10 6 10 11 5 8 6 11 5 10 7 
8 7 7 9 6 8 11 7 6 7 11 12 6 7 12 11 10 11 6 10 8 11 10 11 11 
6 10 11 5 8 9 6 11 6 11 11 12 7 5 11 10 5 8 8 12 12 10 12 11 11 
6 8 11 9 5 6 12 10 5 8 10 10 9 10 10 8 9 5 7 7 11 6 11 9 10 
7 9 5 6 5 11 11 12 10 7 5 8 11 8 8 8 12 10 11 11 10 5 8 9 9 
6 9 12 8 10 12 8 10 5 9 7 6 11 12 9 9 12 7 10 10 5 10 11 6 12 
5 5 6 12 12 12 6 11 12 9 7 8 6 10 7 8 9 6 7 10 5 11 5 10 6 
11 11 12 5 7 8 10 5 10 6 7 12 9 12 12 9 9 12 10 5 9 7 10 5 10 
8 10 7 5 6 9 10 11 6 12 11 11 9 10 6 7 10 5 9 8 10 10 7 12 7 
11 12 12 10 10 12 11 9 9 9 12 5 8 5 11 12 7 12 7 9 12 6 6 10 7 
11 9 10 5 7 10 9 10 9 12 9 9 7 9 10 9 12 10 8 8 12 10 11 11 7 
11 8 10 5 6 6 6 9 5 11 12 9 12 8 6 5 7 10 8 5 5 11 8 8 6 
9 9 10 8 12 10 5 8 6 11 12 8 6 7 12 11 5 9 12 9 5 8 7 7 7 
12 7 6 12 6 12 8 6 11 5 6 8 10 6 5 11 6 11 10 10 5 11 12 8 10 
9 9 9 8 7 12 6 8 12 5 5 5 8 9 9 6 5 11 5 12 9 11 7 12 9 
6 11 7 7 7 12 8 7 5 11 6 7 12 9 11 5 8 7 11 6 7 8 9 11 7 
5 7 6 9 10 5 6 12 7 12 8 12 10 11 7 12 10 9 5 9 7 12 10 9 8 
10 11 5 5 6 7 11 7 5 7 7 12 9 12 10 7 5 5 11 8 11 8 6 8 11 
9 10 8 12 10 8 10 8 10 8 7 11 8 6 11 12 9 5 6 7 9 10 12 10 6 
5 7 7 11 12 12 10 12 8 11 11 5 11 11 6 8 10 6 9 7 8 8 5 6 12 
6 9 5 12 5 11 5 9 8 8 8 12 6 7 6 10 10 9 5 12 5 11 8 10 10 
7 11 10 8 8 6 11 5 5 9 6 9 8 7 7 9 6 6 9 5 9 6 8 12 5 
7 11 7 9 8 9 11 7 5 10 10 5 9 10 12 12 12 10 10 8 7 8 12 9 6 
8 11 10 12 10 9 9 6 6 8 6 8 6 9 7 5 11 6 11 6 10 10 6 8 7 
7 12 10 11 7 9 7 11 7 9 10 9 9 11 7 7 10 11 10 9 12 8 10 10 12 
11 5 10 6 10 10 6 7 12 11 8 12 6 10 9 9 5 5 12 5 12 5 5 12 8 
11 10 12 10 12 9 12 6 7 10 10 10 12 6 12 8 8 8 10 7 6 11 10 7 8 
12 11 12 6 9 6 5 6 10 9 5 12 7 6 9 12 11 5 12 6 7 5 8 9 10 
8 5 12 7 8 7 9 8 12 11 10 10 8 9 8 8 12 9 10 12 11 7 11 12 6 
9 7 10 10 11 7 6 8 8 11 7 12 12 8 8 8 8 11 8 10 6 12 12 11 5 
5 9 9 7 5 5 7 9 8 5 11 10 10 5 9 8 12 11 6 8 6 12 8 12 6 
11 12 10 8 7 7 10 6 5 9 8 9 6 7 12 9 11 9 6 9 5 11 5 7 9 
7 9 11 5 10 7 5 12 6 6 12 8 9 8 12 9 12 11 8 8 6 9 9 9 10 
12 5 9 6 6 11 11 5 8 6 10 8 9 8 10 8 10 9 7 7 7 8 11 8 8 
10 10 12 9 8 9 7 7 5 6 10 5 9 9 10 5 8 11 9 10 7 6 11 5 7 
5 11 7 10 5 7 7 6 5 9 12 8 10 8 6 10 6 7 8 8 9 12 8 8 9 
12 10 9 6 5 9 5 9 12 7 9 6 8 8 12 7 6 10 6 12 6 8 12 8 5 
7 9 5 5 8 7 10 11 8 6 12 7 12 12 11 9 9 6 7 10 10 5 11 9 11 
5 8 7 6 10 12 5 12 12 5 12 7 12 9 5 5 7 8 10 7 11 12 12 11 8 
7 7 7 9 6 11 7 10 5 5 8 12 11 5 6 8 7 9 11 8 11 10 9 12 8 
12 10 11 11 12 6 8 6 6 5 7 10 5 5 8 11 6 6 12 12 6 12 5 5 11 
5 11 10 9 12 12 6 7 5 11 8 9 9 5 5 7 5 8 6 5 6 5 11 12 8 
7 7 9 7 12 6 12 5 12 5 12 5 8 10 10 7 12 11 11 6 8 11 10 6 11 
10 5 10 9 12 6 5 8 5 12 7 5 11 11 10 12 5 10 6 7 10 12 10 6 5 
0 1 0 0 0 0 0 0 0 0 0 0 0 0 0 0 0 0 0 0 0 0 0 0 0 
0 0 1 0 0 0 0 0 0 0 0 0 0 0 0 0 0 0 0 0 0 0 0 0 0 
0 0 0 1 0 0 0 0 0 0 0 0 0 0 0 0 0 0 0 0 0 0 0 0 0 
0 0 0 0 1 0 0 1 0 0 0 0 0 0 0 0 0 0 0 0 0 0 0 0 0 
0 0 0 0 0 1 0 0 0 0 0 0 0 0 0 0 0 0 0 0 0 0 0 0 0 
0 0 0 0 0 0 1 0 0 1 0 0 0 0 0 0 0 0 0 0 0 0 0 0 0 
0 0 0 0 0 0 0 0 0 0 1 1 0 0 0 0 0 0 0 0 0 0 0 0 0 
0 0 0 0 0 0 0 0 1 0 1 0 0 0 0 0 0 0 0 0 0 0 0 0 0 
0 0 0 0 0 0 0 0 0 1 0 0 1 0 0 0 0 0 0 0 0 0 0 0 0 
0 0 0 0 0 0 0 0 0 0 0 0 0 0 0 0 0 0 0 0 0 0 0 0 0 
0 0 0 0 0 0 0 0 0 0 0 0 1 0 0 0 0 0 0 0 0 0 0 0 0 
0 0 0 0 0 0 0 0 0 0 0 0 0 0 1 0 0 0 0 0 0 0 0 0 0 
0 0 0 0 0 0 0 0 0 0 0 0 0 1 0 0 0 0 0 0 0 0 0 0 0 
0 0 0 0 0 0 0 0 0 0 0 0 0 0 0 1 0 0 1 1 0 0 0 0 0 
0 0 0 0 0 0 0 0 0 0 0 0 0 0 0 0 1 0 0 0 0 1 0 0 0 
0 0 0 0 0 0 0 0 0 0 0 0 0 0 0 0 0 1 0 0 0 0 0 0 0 
0 0 0 0 0 0 0 0 0 0 0 0 0 0 0 0 0 1 0 0 0 0 1 0 0 
0 0 0 0 0 0 0 0 0 0 0 0 0 0 0 0 0 0 0 0 0 0 0 0 1 
0 0 0 0 0 0 0 0 0 0 0 0 0 0 0 0 0 0 0 0 0 1 0 0 0 
0 0 0 0 0 0 0 0 0 0 0 0 0 0 0 0 0 0 0 0 1 0 0 0 1 
0 0 0 0 0 0 0 0 0 0 0 0 0 0 0 0 0 0 0 0 0 1 0 1 0 
0 0 0 0 0 0 0 0 0 0 0 0 0 0 0 0 0 0 0 0 0 0 0 0 0 
0 0 0 0 0 0 0 0 0 0 0 0 0 0 0 0 0 0 0 0 0 0 0 0 1 
0 0 0 0 0 0 0 0 0 0 0 0 0 0 0 0 0 0 0 0 0 0 0 0 0 
0 0 0 0 0 0 0 0 0 0 0 0 0 0 0 0 0 0 0 0 0 0 0 0 0
0.12 0.22 0.12 0.3 0.18 0.27 0.28 0.13 0.28 0.09 