35
12
119 130 127 91 146 72 61 52 141 100 139 70 73 84 105 87 111 124 63 123 117 67 108 100 143 113 141 59 123 76 134 88 79 115 129 
72 129 106 124 74 150 109 68 78 146 96 137 99 104 126 81 139 142 85 124 122 132 55 139 100 123 142 125 64 140 123 63 63 125 128 
86 146 82 78 100 103 133 143 56 105 63 123 78 51 84 107 84 108 77 84 67 58 101 50 67 112 65 141 67 63 73 134 120 146 91 
127 98 117 74 73 85 120 142 64 73 79 125 90 104 124 87 149 104 68 88 149 95 99 55 81 124 56 82 111 86 80 79 75 86 94 
123 84 126 61 142 59 138 81 54 52 136 134 99 110 85 113 115 72 120 138 113 103 85 60 129 81 129 74 124 117 101 58 55 96 146 
107 53 142 105 68 93 122 113 109 58 146 94 145 106 93 138 68 118 105 120 109 116 59 112 128 109 66 82 134 78 134 66 80 74 104 
98 106 115 142 91 64 131 145 70 138 88 120 78 99 69 73 130 70 115 53 97 130 77 132 129 148 106 144 128 52 134 95 79 55 147 
83 76 61 68 55 126 138 69 95 110 120 144 133 99 125 113 93 124 85 96 115 52 131 82 122 67 108 68 92 142 85 87 105 143 137 
118 52 119 128 70 125 66 99 77 98 102 150 75 68 111 77 133 106 112 104 62 57 87 67 102 129 97 65 60 59 112 101 129 110 64 
70 138 124 132 121 85 122 84 87 127 138 115 71 119 64 138 60 70 74 83 124 52 95 113 57 103 79 74 139 84 74 93 140 144 111 
115 72 143 147 138 106 72 75 72 101 104 77 148 128 71 74 89 145 141 109 73 92 77 145 56 67 118 60 139 94 59 98 58 74 115 
52 124 99 133 111 57 81 144 77 145 146 70 66 104 117 78 104 150 81 114 127 123 121 63 86 91 127 53 77 147 63 104 123 108 141 
75 114 92 117 50 111 96 118 120 100 78 67 70 74 99 60 84 78 110 91 88 118 91 79 108 116 96 115 66 101 71 99 125 60 52 
57 57 61 64 79 72 125 58 72 59 79 80 72 119 80 50 74 64 63 71 121 73 106 92 120 89 109 57 85 93 69 64 63 120 119 
85 84 111 98 84 95 73 53 101 103 102 81 109 75 58 51 103 111 57 77 98 90 117 51 50 101 75 116 113 105 113 108 75 117 107 
112 56 115 56 88 125 107 64 69 89 71 92 83 58 113 82 92 90 94 53 86 63 76 95 66 54 114 61 105 83 94 66 123 114 76 
112 97 108 61 72 51 94 103 116 95 73 59 94 64 121 74 102 95 59 108 100 118 88 74 111 82 124 103 65 78 95 86 101 92 51 
114 109 64 86 121 119 70 106 117 82 65 114 104 96 81 86 79 83 57 70 121 105 122 95 124 56 58 62 65 106 56 73 104 84 71 
107 55 85 93 92 107 74 118 81 102 55 85 97 51 124 90 96 115 105 81 98 98 55 94 104 125 96 98 111 69 125 92 69 87 82 
79 99 97 89 88 87 94 71 95 75 86 119 50 98 68 72 52 80 107 121 59 68 74 71 85 55 51 84 89 86 111 125 109 116 64 
125 82 67 90 91 58 84 122 92 89 109 108 62 63 54 80 76 97 118 64 67 58 95 104 80 52 96 58 112 71 70 102 52 89 57 
104 112 58 109 121 106 98 84 60 79 89 118 106 70 75 74 84 104 120 82 71 111 113 86 63 61 64 85 101 51 124 82 99 103 117 
61 102 90 74 56 66 70 103 107 87 120 81 101 84 57 56 105 119 87 109 57 100 105 124 66 95 114 56 88 115 125 60 60 77 52 
56 79 67 85 65 117 65 106 56 94 93 68 54 115 122 73 80 108 116 104 109 60 78 121 100 62 56 53 58 71 105 52 113 123 96 
117 146 138 132 100 161 102 178 136 140 116 112 169 188 131 155 112 112 120 110 158 199 111 182 178 128 107 173 106 157 138 128 196 182 161 
16 25 18 21 21 19 20 25 18 16 24 15 15 20 20 18 21 17 21 17 13 23 19 24 25 24 12 12 12 21 22 18 18 24 15 
21 22 24 14 22 15 14 19 16 14 17 23 20 14 19 17 25 25 23 13 22 14 25 15 25 17 16 22 13 14 19 19 19 23 15 
20 22 12 19 17 14 18 21 13 13 13 21 12 16 24 12 15 22 19 14 12 23 22 19 17 18 24 16 19 16 12 24 21 20 17 
12 17 25 22 24 13 18 22 13 13 16 18 18 24 21 17 23 21 20 18 24 20 16 12 14 25 25 22 13 18 20 17 13 17 20 
14 19 20 23 25 25 23 13 22 13 20 23 22 22 20 22 25 14 12 20 24 23 22 14 13 25 20 23 18 21 23 25 19 12 20 
19 18 24 19 15 14 18 21 15 25 14 22 24 23 25 16 17 14 13 18 21 21 12 18 19 15 14 14 18 14 15 24 15 13 21 
16 20 17 24 24 24 21 13 16 15 18 17 15 15 20 21 22 23 12 25 18 25 25 18 20 16 15 19 23 25 22 14 15 22 12 
17 24 16 12 23 20 12 12 25 18 16 16 23 19 25 14 24 13 20 12 22 22 14 20 12 12 20 17 21 19 23 13 21 21 16 
18 23 18 25 25 22 25 17 14 13 14 20 23 17 22 22 22 24 19 20 25 14 20 20 15 12 16 21 16 20 13 25 19 19 13 
18 23 15 13 15 17 20 22 15 25 23 20 20 19 12 24 21 22 18 13 16 22 20 23 22 14 23 13 21 21 12 21 20 22 13 
21 16 23 18 15 18 24 24 22 21 23 23 20 12 22 14 13 21 15 24 13 22 25 20 23 17 12 16 19 18 22 25 16 21 20 
19 22 25 14 14 23 13 12 23 24 23 14 22 21 21 17 22 21 19 14 25 16 12 12 25 19 18 19 12 21 23 14 16 19 13 
5 7 11 12 11 11 8 11 9 10 10 6 11 5 9 8 12 6 8 5 9 11 12 12 5 12 10 11 6 8 6 12 7 10 10 
7 7 10 12 7 10 9 11 9 7 5 11 10 10 6 6 9 11 8 6 5 6 10 8 8 12 6 11 12 10 11 10 5 9 7 
6 7 6 8 8 9 11 5 5 11 5 8 10 12 7 7 10 7 7 11 6 6 7 9 12 7 7 7 12 6 9 9 7 12 5 
5 8 7 6 12 7 10 5 10 12 6 5 7 9 8 6 7 11 5 6 7 10 12 5 9 7 11 7 10 6 5 7 10 12 10 
10 11 10 7 10 5 11 7 5 10 10 10 5 6 8 6 9 9 5 11 11 8 12 11 11 8 12 10 12 5 11 10 6 10 6 
10 12 9 7 8 7 6 6 12 11 7 12 8 7 7 12 5 11 11 10 7 5 12 8 11 5 6 6 7 10 9 10 12 12 6 
9 8 11 12 5 7 7 11 8 11 10 8 7 9 12 11 10 5 5 6 11 9 8 7 5 10 6 7 7 12 8 12 9 8 9 
12 6 10 11 10 11 7 9 6 7 7 6 8 11 7 12 6 12 11 6 7 7 10 10 6 12 10 9 10 6 6 10 5 10 5 
6 12 6 5 12 7 12 7 8 10 6 5 8 11 12 9 8 5 5 8 6 12 10 7 8 9 9 12 12 8 8 9 8 9 8 
12 12 12 5 10 12 9 11 6 10 6 11 12 12 10 6 11 10 10 9 10 11 9 9 10 8 6 9 12 9 9 10 5 7 5 
11 7 9 12 9 10 11 7 8 11 12 6 11 11 6 8 8 11 12 10 7 6 7 5 5 9 9 11 12 6 6 10 5 7 7 
5 9 9 9 6 12 6 6 9 11 8 11 5 8 11 9 12 11 10 7 6 11 5 8 8 5 9 9 10 12 9 7 10 10 12 
6 11 6 6 12 10 7 11 7 11 8 9 12 6 12 6 10 8 11 10 6 8 6 6 9 7 8 5 7 11 5 9 9 6 7 
10 5 10 6 11 11 8 8 5 12 10 11 8 7 5 6 7 12 11 6 11 12 7 8 11 8 10 9 11 9 6 6 10 8 10 
10 8 8 5 10 8 9 6 7 10 6 11 12 12 8 8 6 10 12 11 12 12 10 6 7 7 8 12 12 7 7 8 8 11 5 
10 12 9 10 11 9 11 6 11 12 10 11 9 5 11 7 11 5 7 6 6 7 7 5 8 9 7 9 12 10 11 9 7 6 8 
9 8 8 12 9 5 7 8 6 12 12 12 7 6 11 12 10 11 8 10 8 10 12 5 6 8 8 8 6 11 9 5 5 7 5 
12 6 9 5 6 7 10 11 7 11 6 5 12 8 5 11 9 9 10 6 6 6 10 9 11 11 7 5 9 6 6 7 11 5 6 
5 5 8 11 9 12 10 9 12 6 6 12 7 11 8 7 6 12 9 11 6 11 7 11 9 11 5 7 7 9 6 5 7 12 8 
6 6 9 6 8 8 10 6 7 5 8 5 10 5 6 8 12 7 8 12 7 5 12 8 8 5 7 9 7 12 11 6 5 12 8 
6 11 8 9 7 8 12 8 8 11 10 5 9 10 11 10 9 11 11 10 8 9 8 12 6 10 12 11 12 6 8 8 10 9 12 
10 8 5 5 12 9 10 6 7 5 8 10 10 6 7 9 8 5 12 9 9 6 6 6 11 9 10 5 10 10 12 5 5 11 7 
8 11 9 7 9 6 12 12 5 7 11 10 7 11 8 7 7 12 7 5 11 11 5 9 9 12 6 10 11 10 7 6 12 6 6 
9 10 10 7 8 12 10 8 5 6 5 7 12 11 8 10 5 10 11 8 10 12 9 6 12 5 10 12 9 9 11 9 10 9 9 
12 10 6 10 5 8 5 5 12 9 12 10 8 7 12 12 10 7 7 6 10 10 12 12 10 10 8 12 11 8 7 5 5 11 12 
7 11 11 5 11 5 6 11 12 7 11 8 5 11 6 10 5 11 12 7 9 9 7 9 9 10 12 12 6 8 10 5 9 8 6 
6 8 12 5 7 5 9 9 7 7 11 8 12 5 7 9 7 8 9 9 11 8 8 5 7 10 7 9 10 9 5 8 7 11 7 
5 10 5 5 9 9 9 10 5 6 6 7 11 12 9 11 8 7 11 12 5 9 11 9 6 11 6 11 10 9 12 8 5 9 12 
10 10 5 11 8 5 7 9 12 8 5 12 5 12 5 9 5 10 10 8 6 10 7 8 8 12 11 11 6 6 6 11 10 6 12 
5 6 8 8 5 12 9 10 10 8 12 12 11 5 5 9 10 5 5 6 8 6 6 6 9 9 8 9 10 12 11 5 8 10 5 
8 10 9 6 12 10 5 10 12 8 11 6 6 8 8 7 10 5 11 8 10 5 9 11 9 7 8 10 9 11 5 5 8 9 10 
6 11 12 10 12 6 8 7 5 10 10 6 8 8 7 9 10 6 8 6 6 7 12 6 10 7 6 8 8 8 9 6 11 6 9 
9 11 10 12 9 10 5 8 7 7 11 7 7 11 10 9 8 11 11 8 6 5 8 10 9 6 7 10 7 11 6 8 8 6 7 
10 9 12 6 11 11 5 9 12 12 12 7 8 7 8 12 12 8 9 12 6 10 7 5 5 12 7 11 9 9 7 6 5 7 5 
6 10 11 10 10 6 10 5 5 5 11 6 10 6 12 7 10 10 10 10 12 8 5 7 12 5 10 12 6 10 11 11 12 6 5 
6 7 5 8 6 11 9 12 12 6 9 10 7 11 7 9 8 9 6 10 10 9 11 5 7 8 11 5 6 9 6 10 9 8 10 
6 6 10 11 11 12 8 10 10 9 6 12 6 9 7 12 11 10 11 11 9 6 12 7 6 8 5 10 10 10 12 12 12 7 9 
11 6 12 7 11 12 5 12 9 11 5 12 12 8 5 10 6 6 9 9 6 12 8 7 10 6 11 11 12 10 7 9 10 6 6 
12 11 9 10 12 6 7 12 8 5 9 12 5 10 12 10 7 9 8 5 7 7 12 10 7 9 9 7 10 7 12 8 7 10 7 
9 7 12 10 5 12 7 6 7 5 10 11 8 7 7 11 8 7 8 6 8 5 11 7 7 11 11 6 11 7 9 8 10 12 10 
12 10 8 11 7 6 9 11 11 10 9 8 11 9 12 5 10 12 8 10 5 6 5 12 6 6 12 7 10 5 12 9 5 9 11 
8 5 8 10 7 12 9 12 5 10 8 9 7 10 8 6 7 11 6 7 12 11 11 7 12 7 10 7 7 6 11 5 7 6 7 
7 5 6 5 9 5 7 12 12 12 5 10 7 9 10 5 9 10 12 8 8 9 6 8 12 7 5 7 8 6 12 9 10 5 10 
5 8 8 9 7 5 7 11 11 12 8 8 12 5 7 11 6 6 5 6 8 12 6 11 7 10 7 5 7 8 8 6 11 8 7 
10 7 5 5 11 11 5 5 7 11 9 10 7 5 10 8 9 10 6 6 8 9 11 10 11 9 11 5 11 5 9 9 9 5 11 
8 7 10 9 7 5 10 5 11 8 5 11 10 6 6 11 6 5 6 12 5 12 6 11 12 10 12 12 6 6 9 9 7 6 8 
9 6 12 8 10 10 6 5 10 12 5 12 10 6 8 6 12 10 10 8 7 6 9 8 9 6 9 10 12 11 8 12 12 11 11 
6 8 8 9 7 6 5 6 12 12 7 11 9 5 8 12 5 8 10 10 9 7 10 10 10 6 11 5 7 11 5 10 12 6 12 
9 9 8 6 9 5 9 8 5 7 12 8 10 6 6 8 12 7 7 9 9 7 7 7 6 9 5 12 8 10 12 7 6 12 8 
6 6 8 8 9 5 7 11 9 11 11 7 9 6 9 8 12 6 10 7 7 9 10 11 8 7 8 12 8 9 8 5 5 5 5 
9 10 5 11 10 11 9 11 6 12 10 8 11 10 9 11 5 12 7 10 5 10 6 6 11 7 8 12 8 11 7 12 5 12 12 
9 9 7 11 8 9 9 7 12 8 11 10 9 9 5 8 8 10 9 5 11 12 12 12 10 8 9 10 12 12 7 10 9 6 11 
9 8 9 9 5 5 6 7 10 6 12 10 5 5 11 6 5 8 5 8 6 8 6 6 7 7 6 9 7 5 12 9 12 12 5 
10 12 11 5 7 7 8 6 12 12 10 7 8 12 5 6 10 12 7 9 10 7 11 9 12 11 12 9 9 10 12 6 7 12 5 
7 10 11 8 6 10 7 12 7 7 11 10 8 10 8 7 10 6 8 9 8 7 6 5 5 10 12 8 11 5 5 12 9 8 12 
6 5 12 12 6 10 11 10 7 11 9 8 7 9 9 12 9 9 11 8 9 10 12 10 7 5 6 7 9 6 10 12 10 10 11 
5 7 9 5 10 11 6 6 6 9 5 11 9 10 12 6 9 8 5 7 5 11 11 9 10 9 11 7 9 11 6 6 9 6 12 
12 9 7 10 9 9 11 6 5 9 6 11 10 9 10 9 12 11 10 6 6 6 7 11 7 5 11 8 5 8 12 10 8 8 11 
6 10 8 6 6 6 11 11 11 7 9 6 11 10 6 5 6 6 12 10 12 10 7 8 9 9 9 9 11 10 8 7 11 10 5 
10 10 6 7 10 7 11 7 6 6 9 12 12 10 8 10 9 6 9 7 11 9 8 6 5 8 9 8 11 9 9 7 7 5 5 
12 11 12 9 12 8 8 10 7 6 11 12 10 5 10 12 5 12 7 5 6 8 9 5 7 7 7 5 6 12 5 12 12 6 5 
6 9 5 9 12 6 5 8 11 10 6 8 9 9 10 11 5 9 9 5 7 7 10 5 8 10 11 10 11 6 10 8 11 5 5 
10 7 8 7 10 12 12 12 7 10 11 7 7 10 7 9 5 6 7 5 12 9 11 10 5 8 10 9 5 9 7 7 11 11 7 
5 8 7 6 6 8 6 11 9 8 11 9 8 9 10 7 8 12 8 10 10 6 5 9 9 5 8 9 5 11 9 10 7 11 5 
10 6 10 5 9 9 9 8 5 6 8 11 7 11 12 6 5 11 12 9 9 11 8 6 10 5 11 9 9 12 11 5 7 10 6 
8 5 7 8 10 12 11 10 10 7 5 5 10 5 12 7 12 11 7 5 5 9 8 10 9 12 6 7 7 5 11 12 6 7 11 
5 8 6 6 8 6 7 8 6 5 10 7 9 7 7 12 5 12 8 6 9 11 11 11 8 12 12 9 11 8 8 12 9 11 12 
8 10 8 7 10 8 5 5 10 7 9 6 12 7 12 6 7 8 6 6 12 5 11 12 11 11 12 6 11 12 9 12 9 7 6 
7 12 11 12 12 6 12 10 6 5 12 12 11 10 6 10 5 9 7 12 5 11 6 12 11 9 5 12 8 9 8 11 7 6 6 
10 9 11 6 11 9 8 12 12 7 8 11 8 9 10 5 7 7 7 9 8 5 11 5 12 6 8 12 12 7 7 9 5 11 8 
5 11 5 5 6 12 10 9 8 7 8 6 8 5 10 8 7 6 6 12 11 7 8 6 12 11 8 9 6 7 9 7 10 10 12 
11 10 5 5 5 5 8 11 7 7 5 6 6 5 8 12 11 8 7 5 10 8 7 8 10 10 7 5 6 5 9 12 12 9 6 
6 12 9 9 11 11 11 7 11 9 6 6 9 7 11 11 5 5 7 8 9 11 8 6 6 6 5 7 7 6 11 8 6 6 5 
12 6 11 12 12 10 8 8 6 12 9 5 12 8 7 10 7 9 12 6 11 12 7 11 12 12 10 7 9 6 10 9 9 6 7 
9 11 9 5 11 10 5 9 6 9 5 8 8 11 10 5 12 6 7 9 6 9 11 8 6 11 12 9 12 6 10 6 11 5 9 
6 8 9 12 7 5 10 6 7 9 12 10 5 11 8 7 12 7 5 12 8 8 6 10 11 6 5 9 10 9 8 11 12 7 12 
9 11 11 7 10 6 7 11 11 5 11 7 12 7 6 8 7 9 11 8 6 8 8 5 5 9 12 6 6 6 7 10 12 12 7 
9 10 11 8 6 12 6 11 6 6 11 10 10 12 12 10 11 10 8 10 7 5 12 11 6 9 6 9 11 5 11 10 7 12 7 
12 8 5 5 11 10 5 8 11 12 11 10 11 7 12 10 11 10 9 11 7 9 6 10 5 7 12 8 11 10 9 10 12 6 6 
5 5 5 9 6 10 5 12 9 7 10 6 7 12 6 9 6 8 6 12 12 9 7 9 11 11 9 9 12 8 10 7 5 6 6 
10 12 7 6 7 9 5 6 7 7 12 11 5 12 5 5 10 10 8 10 12 12 9 12 5 12 7 11 8 12 9 5 9 12 9 
5 5 12 6 10 7 10 12 10 5 6 7 7 10 12 8 8 6 10 7 11 11 11 9 10 9 11 12 11 12 12 9 12 12 8 
9 7 6 8 12 10 9 12 5 11 11 12 10 10 5 7 10 7 12 9 8 5 10 10 7 7 5 5 6 11 5 6 7 12 12 
8 11 12 9 6 8 9 5 8 5 7 10 9 12 7 9 6 9 7 11 9 11 9 10 7 9 8 9 6 7 9 9 12 9 7 
5 12 7 9 8 10 9 7 6 9 5 11 9 10 7 5 5 8 8 10 5 10 10 5 7 8 10 6 5 10 7 11 6 6 11 
12 5 8 8 11 8 6 12 12 11 12 8 9 6 6 5 9 5 5 8 10 6 12 8 12 8 11 5 8 10 11 11 9 10 11 
8 10 7 10 10 8 9 6 12 10 7 12 11 6 9 9 12 5 8 9 8 10 10 7 10 7 11 12 8 9 8 10 9 12 5 
11 7 10 10 6 12 8 9 11 9 10 11 6 5 8 12 9 11 8 12 5 7 7 7 9 10 10 7 7 12 10 9 10 10 7 
6 5 8 12 10 8 8 11 10 12 12 10 9 10 8 7 12 6 12 8 8 10 8 6 8 8 8 11 11 7 11 9 12 11 7 
5 12 6 7 12 6 11 8 12 9 5 8 6 12 11 7 11 12 6 11 5 9 6 7 7 10 10 11 7 6 7 10 11 6 12 
7 10 7 11 10 5 11 9 10 5 10 10 11 7 5 7 10 5 12 9 6 6 8 11 10 10 11 11 8 6 7 9 8 7 5 
11 9 5 7 8 7 5 8 11 6 12 10 11 6 8 7 9 7 9 12 9 7 9 12 5 10 7 9 6 9 10 8 12 6 12 
5 8 7 5 12 8 9 10 11 11 6 6 12 6 10 7 7 6 11 12 7 6 7 6 11 11 11 12 8 6 9 11 5 10 9 
5 8 7 11 10 7 7 11 5 10 7 7 9 7 8 5 11 5 6 8 9 5 8 5 11 5 9 9 9 8 6 5 6 11 10 
5 11 8 7 5 7 8 5 5 6 5 7 6 7 6 12 5 10 7 12 8 9 8 5 7 7 12 12 5 7 5 7 6 6 5 
10 11 11 8 8 12 6 9 5 6 7 11 10 5 8 9 9 11 6 7 9 10 11 10 12 6 8 5 7 7 10 6 9 6 10 
9 8 5 9 12 9 12 11 10 6 9 12 11 5 7 8 11 6 11 7 10 5 11 10 5 9 7 7 12 12 5 11 11 5 8 
8 12 10 8 12 12 9 8 12 5 9 12 9 5 12 9 11 5 8 10 11 12 7 7 5 5 11 9 6 6 6 12 10 10 9 
12 9 10 11 11 10 7 5 9 9 12 11 5 6 9 5 11 6 10 7 7 5 10 6 9 11 10 12 10 7 7 6 5 10 11 
12 9 6 10 8 6 6 7 11 6 7 8 12 7 8 8 10 6 6 11 5 6 11 7 7 9 8 10 9 6 8 6 11 11 7 
12 12 5 10 8 11 6 9 9 5 6 11 12 8 5 8 9 7 7 5 6 7 10 12 10 9 12 10 5 10 9 5 6 7 11 
5 6 5 10 9 11 7 7 6 7 9 11 12 10 5 5 10 5 12 12 11 9 8 10 8 7 7 10 8 9 10 11 5 8 7 
12 9 8 11 11 9 9 12 9 9 8 7 8 8 5 5 8 6 6 12 6 11 12 11 6 9 11 5 11 12 8 10 12 9 7 
10 9 5 11 11 6 7 9 5 7 9 7 12 6 11 8 6 8 9 11 6 6 7 6 8 11 9 5 5 9 7 8 9 10 9 
11 12 11 7 7 6 11 5 9 7 5 5 9 6 9 5 6 7 10 10 9 10 12 5 7 10 12 5 11 11 5 5 11 8 8 
8 9 12 11 10 5 7 5 9 8 11 9 12 12 8 9 10 11 12 6 7 6 7 5 10 8 7 11 10 9 7 12 10 6 5 
8 10 9 12 8 9 5 7 7 8 6 7 12 8 6 7 8 7 10 5 11 7 7 12 11 7 7 8 8 6 8 10 9 5 7 
5 11 12 8 8 12 8 10 5 11 12 9 8 10 5 11 12 6 10 8 11 7 12 11 5 11 11 6 11 7 9 5 12 9 11 
10 7 8 12 9 10 5 12 12 10 6 10 10 12 7 5 11 12 12 10 7 12 6 9 8 8 10 8 5 7 8 12 9 12 9 
5 11 5 10 10 7 12 9 5 5 5 6 8 8 7 12 8 10 6 8 8 6 8 9 9 6 7 8 9 6 6 10 10 9 8 
11 5 10 5 6 6 5 6 10 10 8 11 7 6 12 11 10 9 8 12 5 5 8 12 10 10 9 7 9 12 9 9 8 6 5 
6 11 6 11 8 12 11 9 10 12 12 5 11 11 11 6 12 5 11 11 5 6 5 11 5 7 9 12 9 8 11 8 7 8 12 
5 11 12 11 12 10 12 11 5 5 12 7 8 8 10 11 7 12 11 12 10 9 11 11 11 8 12 6 12 8 6 8 5 7 9 
11 10 12 7 10 12 11 5 11 7 8 11 5 12 7 10 7 8 11 5 10 5 6 12 7 7 9 5 11 9 12 11 10 9 8 
12 10 10 11 5 10 9 12 9 10 10 7 10 12 11 11 7 12 9 10 6 5 10 9 12 12 11 9 11 8 11 5 11 10 7 
6 5 9 7 11 11 9 9 12 12 5 5 8 7 11 9 6 5 8 6 9 12 11 10 8 9 6 7 5 6 10 11 11 12 10 
10 6 10 11 10 6 7 10 5 12 5 6 12 8 7 8 9 10 12 9 6 7 12 11 12 6 10 10 7 12 11 12 8 5 6 
6 11 12 12 9 11 5 10 6 10 9 5 6 5 9 5 5 6 7 5 7 12 9 9 11 9 7 9 7 11 8 6 12 5 7 
11 12 6 12 6 10 11 8 6 9 8 9 6 7 12 7 11 10 6 6 11 12 11 5 7 11 10 6 11 5 9 8 11 10 8 
9 8 10 6 7 11 9 12 9 8 7 7 9 7 5 10 5 8 5 11 6 5 9 12 9 12 7 5 5 12 12 8 11 8 6 
6 12 11 6 8 8 11 6 7 11 8 7 8 5 7 7 11 10 10 9 11 7 10 12 11 6 8 9 6 12 8 7 8 9 7 
9 11 7 6 11 5 6 7 9 8 8 8 9 9 9 6 9 6 9 12 12 10 5 12 9 10 10 5 12 5 12 6 10 7 6 
10 7 7 10 12 10 10 12 12 11 7 10 11 11 5 7 11 5 9 8 11 12 5 6 10 6 5 6 9 7 11 5 6 8 6 
7 6 10 6 10 11 6 12 6 6 6 8 9 7 9 10 8 11 11 5 8 5 11 8 6 8 10 7 11 11 9 10 5 6 9 
5 10 12 8 8 6 10 11 7 6 7 7 12 5 12 5 11 8 6 6 7 6 10 10 11 10 8 7 12 11 11 8 5 11 8 
12 10 7 5 9 10 7 12 8 7 7 7 10 7 5 6 12 8 12 7 7 7 8 6 12 10 10 6 6 7 7 6 7 12 12 
7 8 9 12 5 11 11 6 12 11 10 8 5 7 5 9 9 10 12 6 5 7 6 11 6 11 12 12 7 11 5 12 9 8 12 
5 11 8 8 9 10 7 10 10 10 6 12 5 5 10 8 12 12 8 6 11 12 8 10 11 11 7 5 6 11 10 11 10 5 7 
6 10 10 6 9 8 6 9 7 8 6 8 12 9 11 8 12 5 8 12 11 12 9 12 5 11 12 5 7 11 12 9 5 7 11 
9 5 5 8 8 12 9 10 10 8 7 12 5 6 8 9 7 5 6 9 8 11 11 5 9 6 7 7 5 5 9 6 7 8 8 
9 12 5 9 9 11 5 12 12 10 6 11 7 10 10 11 12 5 8 6 5 7 10 7 7 12 6 7 10 8 9 8 8 5 9 
9 12 8 9 9 6 12 11 7 12 12 9 9 10 11 12 11 5 6 9 11 12 12 9 11 8 5 7 6 6 9 8 7 11 10 
6 6 7 5 5 12 5 5 10 9 10 9 8 12 12 6 5 11 5 8 12 11 8 5 12 10 11 10 10 11 5 10 10 11 10 
12 12 10 5 5 5 11 5 7 10 7 11 8 12 6 11 5 9 8 9 8 7 12 6 7 7 7 11 8 7 7 5 10 8 8 
10 5 9 7 10 5 12 5 10 11 8 6 5 5 6 10 12 6 8 12 8 9 7 9 12 10 12 11 8 6 9 7 12 12 8 
12 10 12 12 6 8 7 8 9 12 6 5 9 8 8 7 9 8 7 10 11 9 10 9 8 5 8 7 8 12 11 10 11 5 11 
12 9 5 5 12 8 7 11 12 12 6 5 12 12 7 9 8 11 9 7 5 11 9 8 10 9 10 9 5 5 10 10 11 8 11 
12 11 11 7 9 5 5 5 6 7 5 12 7 9 9 5 10 10 7 7 7 10 10 5 6 10 8 10 9 8 9 7 12 7 10 
12 10 7 10 6 10 9 12 8 10 5 7 5 10 7 11 12 12 8 5 5 10 9 12 12 9 5 5 12 5 7 12 5 6 10 
12 8 9 8 9 10 9 5 12 8 7 12 6 11 7 10 8 12 6 10 11 9 9 9 12 8 8 11 10 11 11 6 11 12 11 
5 11 11 12 7 7 7 9 10 9 10 9 9 5 7 9 6 11 8 10 12 5 11 12 12 12 5 11 10 7 10 9 9 12 11 
12 5 9 9 9 7 12 9 9 6 10 9 11 11 6 10 11 6 10 6 10 8 10 12 5 8 7 9 10 10 10 9 8 5 10 
7 6 12 7 9 7 7 7 8 5 11 10 6 12 7 9 9 8 8 12 7 10 8 12 10 6 10 6 6 8 9 9 8 9 9 
10 10 12 6 6 12 6 12 7 5 5 7 11 11 8 12 10 7 8 8 6 12 6 7 7 9 5 7 8 5 8 7 12 11 7 
10 6 6 6 8 7 7 7 6 8 12 10 5 11 11 9 9 5 8 9 11 7 11 6 9 5 6 5 12 6 5 8 10 6 6 
6 6 8 11 9 5 8 6 12 9 8 12 5 11 9 5 7 5 12 12 11 6 9 10 8 9 9 7 8 8 7 11 5 5 12 
10 12 10 11 7 8 10 9 10 11 7 9 12 9 12 8 10 5 6 12 9 7 7 10 10 6 11 9 6 11 7 9 11 6 6 
8 7 6 6 6 12 11 11 7 5 5 10 9 8 10 9 6 12 12 5 12 5 10 11 12 6 9 11 8 7 9 10 8 7 12 
7 6 11 5 8 9 7 6 6 7 12 5 7 7 11 7 10 6 9 12 8 7 12 6 9 8 5 5 12 11 6 12 12 11 6 
10 7 8 11 9 8 12 7 11 8 6 6 6 8 7 6 5 10 12 8 10 9 11 6 8 6 9 6 6 12 11 6 9 6 12 
8 8 8 6 8 6 12 12 11 11 6 8 11 12 9 9 9 5 11 7 10 12 6 10 12 8 9 7 10 10 7 12 7 10 6 
7 8 5 11 9 5 5 12 9 9 10 5 7 7 8 7 5 8 9 6 5 10 12 10 7 11 5 9 9 7 8 10 5 6 8 
5 5 10 5 10 10 7 6 7 5 11 10 5 5 8 5 5 11 8 9 7 11 9 11 12 12 9 8 5 8 11 8 10 8 10 
10 8 10 6 8 5 5 5 11 5 7 12 10 11 12 5 8 8 10 11 12 7 11 12 12 5 10 7 12 11 9 6 12 6 11 
5 8 8 6 12 12 8 11 9 7 8 8 10 7 5 5 10 6 12 7 9 12 11 10 9 5 6 10 6 11 12 11 5 7 9 
7 9 12 12 8 10 5 11 7 7 9 6 12 5 11 10 7 8 7 8 7 9 9 5 9 9 8 10 11 6 12 6 9 11 12 
11 7 5 11 6 8 11 11 11 7 5 10 9 5 8 5 10 10 8 10 6 7 8 10 8 11 7 7 9 12 11 10 11 8 10 
9 9 5 6 7 5 6 9 12 9 7 10 6 11 11 6 8 11 11 11 10 6 10 8 9 8 7 9 8 6 11 10 7 10 12 
10 12 10 9 10 7 10 6 5 11 9 10 10 9 10 7 8 6 5 10 11 9 5 12 12 6 10 8 5 6 10 6 12 10 11 
7 7 5 5 10 10 10 6 6 5 7 5 9 10 8 11 9 5 7 7 9 5 10 9 6 10 5 9 10 7 10 9 9 9 6 
8 11 8 6 9 9 7 9 11 10 7 8 10 8 9 11 6 7 11 6 10 6 9 5 7 10 8 11 10 7 8 9 12 8 8 
12 9 9 7 8 12 10 8 12 8 7 12 6 9 6 7 9 12 9 12 12 5 12 10 5 8 9 11 6 10 10 10 6 8 7 
5 11 8 9 12 6 7 6 9 8 10 6 8 12 9 12 9 12 9 10 11 9 10 6 11 5 8 9 5 11 5 11 10 10 7 
7 12 6 5 12 6 7 8 6 7 6 8 10 8 5 5 10 11 6 7 8 7 7 8 5 10 12 8 12 6 5 9 11 7 10 
12 10 11 5 11 8 11 7 9 10 10 5 7 12 11 12 9 5 8 11 8 6 8 8 9 12 8 5 6 6 6 12 11 9 10 
9 11 10 5 7 12 11 6 6 9 10 11 12 7 6 5 9 10 12 8 7 8 9 9 9 6 8 8 11 10 6 8 11 9 5 
5 7 9 6 5 7 10 10 10 12 9 11 7 10 5 6 9 9 5 12 8 10 9 9 6 8 9 12 7 12 11 9 10 6 9 
11 7 9 9 6 9 7 7 12 6 12 8 5 12 7 8 5 6 6 7 9 8 10 8 10 7 11 10 5 5 5 10 10 11 11 
8 12 7 10 9 8 9 10 5 9 9 8 10 11 11 7 9 7 5 9 7 7 8 9 7 11 5 10 5 10 10 5 6 5 5 
7 7 8 9 9 11 10 7 5 9 8 6 5 5 5 5 5 6 12 9 12 8 9 11 7 11 5 11 8 11 8 11 5 9 12 
5 11 10 8 6 12 7 10 7 7 5 9 10 7 5 9 10 6 6 8 6 12 10 9 7 10 7 7 8 12 7 12 6 7 10 
10 7 7 10 10 8 5 7 12 10 6 12 6 12 7 10 8 7 7 11 7 6 6 10 8 12 5 9 8 11 6 11 9 10 6 
11 8 6 7 5 5 5 11 12 11 7 5 11 8 5 10 7 7 7 9 12 12 8 7 8 8 5 6 5 6 6 7 11 12 12 
5 5 6 12 12 11 7 10 10 8 10 10 5 5 9 10 5 5 11 12 11 10 11 11 10 8 6 12 12 9 6 8 8 9 5 
6 11 10 11 6 5 11 12 11 6 12 12 8 9 6 5 7 7 9 10 6 7 5 12 12 12 12 5 10 8 8 11 12 8 10 
8 10 7 11 7 10 7 6 9 9 5 5 9 10 5 11 5 6 7 10 7 5 8 6 10 11 11 10 8 6 9 9 11 7 7 
8 11 7 8 10 8 12 10 11 9 5 5 10 12 10 9 8 6 7 7 6 5 10 11 7 12 11 8 9 7 12 5 10 8 9 
7 8 9 10 7 9 11 7 5 12 6 11 5 8 10 11 9 12 6 9 7 7 7 12 5 9 11 10 10 9 5 9 6 8 12 
11 12 5 8 8 7 11 5 8 12 8 11 9 7 8 12 5 8 10 8 8 6 8 6 9 12 5 12 7 12 10 8 6 10 9 
8 9 10 6 7 10 5 10 9 8 7 10 9 9 12 8 8 8 5 8 9 8 6 6 11 10 10 6 7 11 8 11 10 10 7 
5 5 8 8 5 11 9 12 10 11 10 6 9 7 12 9 8 12 8 5 12 11 10 6 12 7 11 6 5 8 10 5 7 7 11 
6 8 11 11 11 8 11 11 11 5 5 11 11 8 7 8 11 7 12 8 10 12 9 6 5 6 8 10 12 6 5 11 5 5 7 
7 6 12 9 10 5 12 10 5 10 8 9 9 7 7 5 12 6 6 5 11 12 6 11 9 5 9 6 7 8 11 8 5 12 7 
5 7 11 7 5 11 6 8 12 10 9 5 8 5 9 11 10 11 11 5 9 8 6 8 11 8 12 10 6 12 5 7 6 11 5 
12 7 5 7 8 6 12 10 7 11 12 11 9 10 5 10 11 10 7 9 12 12 5 11 10 8 12 10 5 5 6 12 5 9 10 
6 8 8 7 9 7 7 9 12 9 11 10 10 8 5 5 6 11 9 7 12 11 8 6 10 10 11 7 7 8 8 11 10 8 10 
10 6 11 12 11 5 12 6 9 10 12 11 10 12 6 10 5 8 5 12 10 5 12 5 7 6 7 7 7 12 9 11 5 10 5 
10 10 5 8 11 11 11 7 5 7 11 5 7 8 6 8 5 7 12 5 6 5 10 8 5 7 10 9 5 9 12 12 8 7 12 
7 9 8 12 9 8 12 11 9 7 7 6 12 11 6 6 12 5 10 10 5 9 11 6 9 6 6 12 7 7 10 11 8 10 7 
5 10 7 8 5 8 11 11 8 10 6 7 11 8 9 5 6 5 12 10 8 10 7 12 11 8 7 10 8 10 12 9 6 11 9 
12 8 12 11 12 5 8 5 9 12 11 11 7 6 8 6 12 6 10 8 9 7 6 8 8 6 7 8 5 8 10 5 7 12 11 
7 9 12 7 10 12 8 12 11 8 11 6 7 11 10 11 9 8 11 9 10 11 10 6 6 12 10 8 12 10 10 7 6 11 5 
8 11 9 7 11 9 7 5 7 6 12 12 12 9 7 12 9 5 12 6 7 6 5 12 6 6 5 9 7 10 9 9 9 9 8 
9 8 5 5 10 11 5 10 10 12 9 6 12 6 8 10 9 10 7 9 7 10 11 7 9 10 9 12 7 12 11 8 7 11 6 
9 12 10 10 10 6 5 10 7 10 8 12 6 12 7 11 8 10 6 11 9 10 10 12 11 7 7 11 10 8 12 5 12 10 12 
6 7 7 6 10 7 7 7 9 8 6 6 8 9 5 9 5 10 5 6 11 7 10 12 7 5 5 11 10 5 12 9 9 7 6 
7 9 8 9 11 7 7 7 7 7 5 9 10 10 11 10 6 6 8 7 10 9 10 12 8 5 5 11 9 11 10 10 8 9 10 
10 5 5 12 7 11 7 11 5 11 10 11 7 10 12 5 6 9 7 9 8 12 6 11 6 5 11 10 11 9 8 5 10 11 5 
6 7 8 10 11 9 11 5 11 6 10 6 7 7 9 9 9 6 5 12 8 6 11 10 12 9 10 7 8 7 7 5 6 6 7 
6 7 5 10 11 10 6 6 12 5 11 10 9 10 8 12 9 12 9 5 8 10 5 11 6 11 11 7 6 11 12 9 5 5 10 
8 12 9 7 6 6 8 9 12 6 6 5 10 11 6 9 9 5 12 6 5 5 7 6 5 8 6 10 12 5 5 7 5 7 8 
10 11 12 7 10 7 7 10 5 5 11 7 5 9 9 10 12 6 12 12 6 7 11 7 7 10 6 8 5 9 5 6 6 11 6 
11 5 11 5 9 9 7 8 6 6 12 12 11 8 7 10 9 5 7 6 5 11 9 10 6 11 12 6 12 12 7 11 11 10 8 
8 8 8 7 12 12 11 9 5 7 9 9 9 7 11 12 10 8 7 11 7 6 9 7 10 9 10 8 12 8 9 6 7 10 10 
12 5 8 12 10 5 7 8 10 7 5 6 5 8 10 10 7 7 9 7 8 8 6 10 12 9 10 11 6 12 5 7 8 5 11 
10 6 12 11 11 12 12 12 8 12 5 8 12 5 8 6 6 8 10 10 12 5 10 8 7 6 5 9 8 10 10 5 12 5 10 
10 12 5 10 11 8 8 12 5 5 5 11 6 5 8 6 6 6 10 6 11 5 8 11 7 12 10 12 5 10 7 6 5 10 7 
8 11 7 9 12 7 6 7 7 8 12 6 5 10 10 10 7 10 6 10 6 7 12 8 5 12 12 12 10 11 6 9 5 12 12 
7 12 6 6 11 6 5 12 12 6 5 7 7 11 6 9 6 6 8 7 12 11 9 11 12 12 5 7 10 10 5 7 10 5 11 
6 9 6 5 12 9 11 8 6 8 11 6 6 10 11 11 5 6 8 5 6 7 5 10 5 12 7 7 8 10 7 6 5 9 8 
7 12 12 11 10 6 5 7 11 6 8 12 7 6 6 10 7 6 5 5 11 9 6 12 9 8 8 10 6 11 11 12 11 12 7 
5 12 7 6 7 5 8 7 10 5 11 12 10 8 9 7 11 8 10 8 8 12 6 10 6 11 8 7 10 10 5 9 10 5 9 
11 10 11 12 7 5 5 11 9 7 8 9 11 9 8 8 10 5 7 10 9 10 7 5 5 10 12 7 10 10 6 5 12 9 5 
10 7 5 6 7 11 11 6 6 10 5 12 11 12 9 11 5 6 7 7 9 6 11 9 8 10 12 6 10 9 12 5 11 9 10 
8 5 11 12 10 6 5 8 11 12 6 5 8 6 7 5 6 12 8 6 7 10 9 10 6 9 10 11 8 6 12 11 5 7 10 
11 5 11 10 10 6 10 9 9 5 5 6 12 10 7 5 11 9 12 7 10 6 9 7 6 9 12 9 9 10 5 6 8 7 5 
11 11 12 5 11 12 10 11 9 12 11 9 11 10 5 7 12 5 5 10 9 5 6 12 6 12 10 5 9 11 7 10 7 10 6 
6 5 8 8 7 10 12 10 10 12 11 11 9 8 11 12 12 6 7 7 6 12 12 10 9 9 11 6 12 5 9 11 12 8 11 
7 9 8 6 7 11 7 5 5 12 11 12 10 8 8 5 5 10 11 9 5 8 8 10 12 11 7 6 12 8 10 6 6 10 11 
8 9 11 11 10 8 8 6 8 8 5 5 7 8 9 11 11 9 11 5 6 8 5 12 10 9 8 5 9 6 9 11 11 9 10 
10 8 7 12 7 6 5 11 7 5 7 10 5 9 6 9 8 8 10 12 12 5 9 6 7 12 7 6 7 6 6 9 11 7 7 
8 7 7 10 11 12 6 11 5 7 12 6 10 9 8 11 7 7 6 5 9 10 6 8 9 9 11 9 6 6 9 11 12 7 11 
7 12 6 12 11 11 11 12 6 7 8 5 11 7 5 7 12 10 5 8 9 11 8 8 10 12 11 5 9 9 5 10 11 6 12 
5 8 11 7 9 8 6 5 9 9 10 6 6 7 8 8 11 11 11 5 6 8 8 10 10 9 5 11 11 6 9 6 10 9 5 
5 10 12 10 8 10 6 11 10 12 6 11 10 5 6 10 6 5 11 12 11 9 12 11 8 8 10 6 11 11 7 10 12 9 10 
8 9 9 9 7 9 9 8 12 5 6 9 6 12 5 12 7 6 10 10 8 12 7 12 12 5 8 10 9 12 12 8 10 8 6 
11 8 12 12 5 9 8 8 5 10 7 6 11 9 12 5 10 6 6 9 7 12 11 8 9 10 12 12 9 7 5 8 12 5 9 
7 6 5 11 9 10 11 8 7 7 11 11 9 5 12 8 6 9 5 5 12 12 5 6 9 11 7 9 9 11 6 9 8 11 5 
6 10 7 11 5 9 9 12 12 8 10 11 9 6 10 7 12 12 5 11 9 10 7 11 10 7 8 12 5 8 11 11 10 11 12 
9 8 12 8 5 8 8 10 10 9 8 11 10 6 8 9 11 5 9 12 10 10 11 5 6 11 7 7 6 5 12 10 5 7 8 
5 12 5 10 5 9 8 6 12 7 12 8 11 6 10 12 10 12 7 5 7 12 5 5 6 6 8 5 9 8 12 5 8 11 5 
6 10 8 6 6 12 5 6 12 9 11 8 12 11 10 11 5 9 7 10 9 9 12 12 5 8 8 5 10 8 10 6 12 9 8 
12 9 12 12 5 11 11 10 8 9 5 11 12 11 8 6 9 5 8 7 7 6 8 8 12 9 6 7 10 11 11 8 8 6 11 
5 7 6 10 11 8 11 8 7 12 6 7 9 12 7 10 7 10 6 8 5 8 8 9 12 8 12 8 9 11 7 10 7 6 5 
6 7 9 9 5 7 10 7 12 8 10 8 7 5 6 5 9 9 9 8 10 8 8 7 7 9 6 10 8 10 8 8 6 5 12 
5 12 10 6 6 7 12 11 8 9 8 10 5 10 11 7 8 8 12 9 12 9 10 7 8 6 7 7 6 11 5 7 5 12 8 
8 11 10 12 7 6 5 8 5 5 12 12 10 10 12 7 5 11 6 12 7 9 12 5 10 9 12 8 12 10 5 9 8 5 10 
9 6 12 6 6 9 12 7 11 10 12 5 9 11 11 12 5 7 5 9 12 8 7 10 5 9 11 9 6 6 6 9 10 8 8 
9 9 5 11 10 8 7 8 12 10 11 6 6 7 6 12 5 5 11 9 12 12 8 10 5 6 10 12 7 7 5 11 9 9 9 
10 6 11 9 12 9 11 6 10 10 10 11 5 9 7 10 7 11 6 8 5 12 10 12 8 12 8 5 5 12 7 5 9 10 5 
8 8 11 11 10 8 9 12 8 10 5 10 5 9 7 10 8 5 12 9 12 10 6 6 9 5 10 9 9 7 7 5 5 6 11 
11 8 8 10 7 12 9 9 6 12 6 7 8 10 10 5 11 10 10 8 8 7 5 5 10 5 6 12 11 6 12 8 9 8 9 
6 10 7 10 11 12 7 7 11 9 5 12 8 8 7 7 8 6 8 11 10 7 9 12 10 8 12 12 11 7 11 5 12 6 9 
7 6 11 6 12 5 11 9 11 5 9 9 10 7 9 5 8 11 10 5 10 8 11 8 12 11 5 7 10 5 10 10 7 8 12 
9 5 10 9 6 6 11 5 10 12 12 8 12 12 8 10 9 8 8 12 8 12 9 9 6 9 8 6 10 9 10 5 9 10 5 
8 12 7 11 12 8 11 8 11 7 7 9 7 5 5 7 12 6 6 5 5 6 10 6 10 9 6 11 9 12 11 12 10 11 12 
12 7 5 7 10 11 5 8 5 10 10 11 7 10 9 9 6 9 9 12 7 7 7 6 11 5 11 7 7 6 11 6 7 5 7 
10 11 7 5 9 12 10 6 8 8 6 8 12 12 11 5 9 10 12 12 9 12 11 7 7 7 12 5 12 11 6 8 10 10 7 
9 8 7 7 11 5 9 9 5 8 8 5 12 7 8 9 9 6 12 10 6 11 12 5 7 8 9 10 7 8 8 12 8 6 6 
10 7 10 11 10 7 5 10 6 5 7 8 7 12 7 11 10 10 11 5 8 10 8 9 10 12 12 5 5 10 10 8 10 12 7 
6 9 6 11 9 7 8 9 11 5 6 10 10 12 10 6 11 5 7 5 10 6 7 6 8 10 7 6 6 7 8 11 9 6 10 
9 6 7 5 5 8 12 8 8 8 6 5 6 5 5 12 7 12 12 8 6 9 11 7 8 7 10 5 7 12 10 11 8 9 6 
12 10 8 10 9 9 6 11 5 9 12 7 11 6 9 6 7 11 10 9 10 10 12 10 10 12 8 12 9 9 9 5 5 10 11 
9 8 12 12 8 9 8 7 11 11 10 6 11 12 6 8 11 8 10 12 7 7 8 5 5 12 10 6 10 8 11 8 8 7 11 
9 7 9 11 7 10 11 10 6 11 7 7 6 10 9 8 8 10 12 11 10 12 5 11 10 7 5 6 7 8 5 12 6 7 5 
10 12 11 5 7 7 7 8 6 10 12 6 6 8 9 9 7 8 9 10 6 10 12 12 10 10 8 9 8 10 9 5 12 5 6 
8 9 9 6 7 11 12 11 5 11 11 7 6 10 7 12 12 9 8 8 6 9 6 8 5 7 6 12 9 10 10 12 12 8 5 
9 5 5 5 7 7 6 10 9 11 5 5 6 12 6 12 11 9 9 6 9 8 9 10 8 9 12 5 11 9 12 11 6 8 6 
5 6 5 8 12 9 8 8 5 6 8 11 6 5 6 12 8 9 10 5 5 5 5 10 11 6 7 12 10 7 9 12 11 10 5 
9 10 6 5 11 5 12 10 9 5 7 6 8 12 11 11 12 7 12 5 12 7 10 6 9 11 12 9 8 8 11 9 9 11 8 
10 6 6 9 8 7 9 8 8 5 11 12 11 6 10 12 10 10 7 9 6 11 5 11 7 10 11 7 8 7 8 8 8 8 7 
12 12 7 11 8 11 5 5 6 11 11 11 5 10 11 11 10 7 10 9 6 10 9 5 8 9 12 8 5 5 11 9 5 5 7 
11 8 9 7 9 8 9 11 5 8 7 8 12 5 9 6 6 5 12 6 5 6 6 9 12 7 11 5 11 12 11 8 8 6 9 
10 7 10 6 6 5 12 7 9 10 11 5 6 5 6 12 10 12 7 6 12 12 7 8 6 6 10 5 10 11 5 10 7 9 5 
11 11 6 9 12 6 12 11 9 12 6 11 10 11 10 5 9 5 7 12 6 8 9 7 5 5 11 10 6 6 5 8 6 11 6 
8 12 6 11 5 7 6 8 11 5 9 6 7 7 6 6 6 12 10 5 9 10 8 9 7 12 6 11 11 9 6 5 8 9 11 
6 10 5 5 11 7 7 6 9 6 8 5 8 6 9 11 10 10 12 5 12 11 12 9 12 7 10 12 12 9 10 11 6 9 5 
9 9 6 7 8 10 8 12 11 6 11 7 12 7 9 11 10 5 7 6 5 7 11 11 5 11 12 7 7 10 10 5 9 7 8 
6 9 10 8 11 9 8 5 5 5 5 6 8 8 12 10 10 11 6 7 10 8 9 8 7 7 11 6 7 7 8 5 10 7 8 
11 5 12 5 12 11 6 11 10 9 7 8 12 9 11 6 12 9 6 7 5 12 11 9 12 10 9 10 6 12 11 5 11 11 7 
5 9 9 6 10 12 7 6 10 5 9 5 9 9 7 7 12 11 5 10 11 12 6 8 5 10 12 12 8 7 11 8 9 11 7 
7 9 5 11 7 9 6 11 9 7 6 12 11 9 11 10 5 9 7 11 12 10 9 11 12 10 7 6 9 9 11 5 7 9 11 
11 8 6 6 7 6 7 11 8 10 6 12 12 12 5 12 9 12 9 12 7 9 11 12 5 8 12 8 11 7 9 8 8 10 8 
5 6 5 10 9 11 11 10 7 9 7 12 11 8 10 9 10 9 12 10 5 6 6 11 10 9 7 11 12 11 5 8 12 6 6 
8 7 5 8 5 10 10 6 9 12 8 12 11 11 10 5 8 10 11 10 5 9 8 6 12 5 11 8 6 10 9 9 8 6 6 
7 8 7 7 9 10 8 9 11 6 8 8 12 12 12 11 6 11 6 6 6 6 5 7 5 9 7 6 6 10 5 6 9 11 6 
9 7 7 6 11 7 11 8 5 8 7 10 5 8 5 8 12 5 9 11 9 10 9 12 12 12 8 12 5 6 5 5 6 9 9 
6 6 8 9 11 8 11 9 12 11 9 10 7 11 12 12 8 8 8 8 8 5 5 7 11 12 5 7 6 8 7 8 9 11 5 
9 10 9 11 9 10 12 9 10 12 9 11 8 11 12 7 11 11 8 7 9 11 9 7 9 9 5 9 11 6 8 7 11 12 7 
9 7 5 8 8 7 6 8 10 5 12 5 7 5 5 5 11 6 11 6 5 10 12 7 6 11 6 6 7 6 9 12 5 12 12 
7 6 6 5 7 8 10 12 11 7 12 7 12 8 6 11 9 5 10 9 5 8 7 7 6 10 11 9 7 6 8 8 9 10 10 
10 5 6 7 9 6 9 8 8 5 8 8 12 12 7 10 8 6 5 8 11 7 11 9 5 8 6 10 8 6 5 9 12 12 5 
5 6 6 11 10 9 8 9 12 5 5 5 10 7 12 6 5 9 8 9 9 12 7 11 11 12 6 7 11 11 11 11 12 8 11 
6 10 9 5 12 11 6 6 5 9 8 6 11 7 10 11 11 10 7 5 6 10 12 9 8 9 7 10 8 11 9 5 10 7 8 
12 9 5 8 6 9 8 10 12 12 6 5 7 10 5 5 8 7 8 9 8 8 11 9 9 6 11 8 12 6 9 6 5 8 9 
9 5 7 6 6 6 8 9 10 12 6 9 6 9 5 5 10 9 6 8 8 8 11 11 5 9 12 10 12 8 8 8 12 10 8 
12 10 12 8 8 10 9 7 7 10 8 10 8 7 5 12 8 5 7 8 12 9 10 10 7 9 6 11 9 6 7 11 9 9 6 
12 5 12 8 5 7 10 6 12 9 9 5 8 5 7 6 5 6 11 9 9 11 5 5 7 5 9 11 10 7 8 12 12 5 8 
8 7 8 5 9 12 9 7 7 11 12 6 6 10 8 11 12 9 12 9 7 5 12 12 6 11 11 9 7 8 11 6 9 7 11 
11 11 10 8 9 5 12 8 10 5 7 11 10 5 9 10 12 10 5 5 8 9 7 7 11 5 8 5 7 12 11 7 5 10 6 
6 8 6 5 7 12 12 11 6 7 11 11 6 6 8 7 8 11 10 6 11 6 7 11 11 10 7 12 5 10 8 8 9 11 9 
12 9 11 12 8 10 10 5 5 8 8 8 10 6 8 10 8 6 11 6 10 6 8 11 9 12 10 12 7 12 10 8 10 7 7 
11 12 6 12 5 8 7 9 9 7 7 12 9 12 9 9 8 5 6 7 8 12 5 6 6 12 5 6 10 7 9 9 11 7 11 
11 10 12 12 9 5 6 10 9 8 12 11 8 7 12 10 9 7 11 8 12 5 7 12 6 7 11 6 8 10 11 8 10 12 9 
6 9 11 7 8 6 5 6 5 9 10 6 11 6 6 7 12 7 11 8 10 10 7 6 7 12 10 7 6 6 11 7 6 7 11 
10 8 11 10 11 7 11 8 5 8 12 7 8 10 12 7 7 7 10 10 7 11 6 10 10 5 9 7 5 12 6 5 6 11 9 
5 11 8 6 11 7 10 5 8 6 9 5 9 11 10 7 8 7 11 5 9 5 12 10 8 12 7 11 9 5 9 7 8 5 9 
11 10 5 8 9 11 8 10 9 9 5 12 8 9 6 6 9 9 8 12 10 6 12 7 8 7 5 9 5 9 11 9 8 5 7 
11 6 7 8 12 9 8 5 12 6 5 12 5 10 9 11 12 7 9 5 5 12 7 7 12 11 10 11 9 8 12 5 11 6 11 
12 8 11 12 11 11 7 5 9 8 9 9 5 5 11 10 6 9 7 10 11 9 10 10 6 8 8 7 6 7 8 9 5 5 9 
6 7 9 5 7 12 6 5 9 8 6 6 7 9 10 10 6 8 9 10 9 12 7 10 6 11 7 5 8 11 12 11 6 8 5 
8 5 6 8 7 9 10 8 6 10 12 9 12 12 8 11 9 7 5 5 5 9 12 5 12 8 5 5 7 5 8 8 6 5 8 
5 6 9 12 10 5 9 8 5 6 5 9 8 9 12 8 11 9 8 9 6 5 9 5 7 7 9 5 9 9 9 7 6 10 10 
6 5 11 6 5 7 6 7 12 7 9 8 6 9 7 11 10 5 8 11 9 11 11 12 8 8 9 7 6 10 11 10 7 9 6 
7 11 7 6 12 9 9 9 11 8 6 6 11 7 8 6 6 10 8 9 12 8 7 12 9 12 10 10 10 9 5 8 6 9 12 
6 10 7 6 10 5 12 11 7 6 7 7 6 11 8 7 11 11 7 12 12 5 8 5 6 11 10 10 9 10 8 7 12 11 8 
5 11 7 10 7 8 5 11 11 9 8 11 8 9 8 11 7 8 5 11 5 7 11 11 7 7 10 8 7 10 6 10 7 5 7 
12 11 11 9 11 12 5 6 10 9 9 10 5 9 9 8 5 7 6 12 12 5 12 8 9 5 7 11 6 11 6 6 8 6 8 
9 7 9 12 6 7 5 5 11 5 10 6 6 6 5 10 12 5 12 7 11 11 8 12 9 12 10 8 5 7 9 5 12 6 11 
6 6 8 10 12 10 11 9 7 7 6 7 11 5 5 11 9 11 6 9 8 10 12 11 11 10 9 12 12 12 10 9 9 8 6 
9 7 7 7 6 5 11 12 12 10 6 6 10 9 8 9 7 11 5 5 7 5 7 6 6 12 8 9 12 7 10 9 9 5 10 
8 11 6 10 9 5 6 7 6 10 7 10 5 11 5 10 9 6 8 10 6 8 6 7 12 11 8 6 8 11 6 11 7 5 12 
12 5 10 7 7 6 11 11 10 10 5 7 10 6 7 12 5 8 9 9 11 11 7 10 10 12 6 10 10 12 7 7 10 8 10 
5 8 5 12 6 6 8 12 8 11 5 10 7 7 5 9 5 11 6 8 7 8 6 11 10 8 7 7 6 10 10 5 9 9 5 
6 7 7 7 9 9 6 5 9 11 8 6 10 11 7 12 5 6 7 12 10 5 11 8 5 9 5 10 12 10 10 12 8 6 5 
6 11 8 11 8 9 7 7 8 10 9 7 6 6 8 7 6 10 11 12 6 10 8 12 9 7 9 11 11 11 12 9 6 11 7 
11 12 5 12 6 6 9 10 12 12 5 12 8 6 11 5 12 11 6 12 5 7 5 5 5 10 7 8 9 7 8 6 12 11 11 
9 12 7 8 11 12 6 7 10 10 11 6 10 9 5 8 12 10 12 7 6 6 9 11 10 7 9 11 11 8 11 11 6 9 10 
7 6 8 12 7 10 5 12 11 11 5 5 9 8 9 8 12 12 7 8 8 11 9 12 12 8 5 12 6 11 6 8 5 10 8 
6 11 5 9 10 9 6 6 11 8 9 12 11 5 8 9 6 5 10 9 7 10 5 5 8 12 9 9 9 11 7 5 11 11 10 
6 5 9 5 6 6 6 6 10 12 10 9 10 5 10 7 6 12 5 8 6 6 12 7 11 5 8 6 5 12 8 10 5 12 11 
7 12 7 10 7 10 12 10 7 11 11 9 11 8 9 6 11 10 5 6 6 12 11 5 6 10 9 10 11 12 9 6 5 7 7 
5 12 6 11 6 11 5 9 8 5 7 7 5 5 8 6 12 12 5 5 9 7 10 10 8 7 12 10 10 6 9 12 7 6 5 
9 5 12 7 6 7 5 10 5 9 7 8 9 11 11 12 9 5 10 7 6 11 6 6 8 8 10 9 6 7 12 7 5 7 10 
8 12 7 11 11 5 11 8 10 5 6 11 11 8 9 6 8 7 10 6 8 11 8 10 7 7 6 7 12 9 6 6 10 9 8 
8 10 5 11 8 6 12 11 10 8 10 12 11 12 11 6 9 12 11 9 12 11 5 11 6 12 11 8 7 12 6 9 11 5 6 
8 8 12 12 10 10 5 6 6 9 5 11 6 7 9 8 12 10 5 10 7 9 7 12 5 5 6 11 10 5 5 8 10 6 12 
6 12 10 9 6 9 9 10 7 11 6 6 9 8 12 5 12 9 8 6 12 6 8 8 8 5 12 10 11 11 12 6 10 9 11 
11 8 10 11 11 7 5 8 5 7 6 9 12 12 10 12 7 11 11 9 9 12 8 11 12 7 8 10 10 8 8 12 5 5 12 
5 8 10 11 12 5 10 6 9 8 9 9 12 11 8 11 7 12 9 11 7 12 11 11 7 9 8 10 5 6 5 5 9 9 9 
5 11 6 10 7 12 10 5 7 8 11 12 6 11 6 5 7 10 8 8 12 11 9 9 6 7 6 7 5 6 6 12 5 12 8 
7 9 11 11 6 12 9 5 7 6 12 8 9 11 11 10 6 11 6 12 12 5 9 5 5 5 12 7 11 8 7 11 8 5 5 
9 5 7 6 11 9 8 10 10 5 8 10 8 5 7 9 8 9 7 11 11 5 5 12 5 6 9 12 7 6 11 10 6 10 9 
7 11 10 7 5 12 8 6 8 12 5 8 11 7 8 11 5 8 8 12 5 6 5 6 12 12 10 10 11 8 5 9 5 7 9 
9 6 7 12 12 11 12 5 7 12 7 9 9 8 12 6 11 8 11 7 7 6 10 9 11 7 9 5 8 7 6 8 6 12 9 
7 11 6 10 7 12 5 10 11 10 11 8 7 9 11 5 5 5 11 9 6 6 6 8 12 5 5 7 5 7 7 12 10 10 6 
5 9 6 12 7 8 6 6 10 11 7 8 10 7 8 9 10 8 10 9 12 8 9 8 12 9 12 8 6 5 10 5 5 12 6 
12 5 6 12 10 11 9 12 7 12 5 7 10 11 6 7 7 7 10 12 7 12 12 12 6 9 8 11 10 10 7 11 10 6 6 
5 6 12 10 9 6 10 6 11 6 6 9 6 8 8 10 5 10 7 5 8 9 11 10 12 6 12 12 6 8 9 7 9 10 11 
6 5 7 11 12 11 11 9 9 7 12 7 7 5 9 5 6 7 10 6 5 5 8 11 9 6 5 6 11 7 7 10 5 10 9 
9 5 8 11 6 6 9 12 12 11 11 5 6 5 10 7 9 7 7 8 7 7 12 10 5 8 7 12 7 7 5 5 11 10 9 
6 11 7 5 7 7 12 8 5 10 11 8 11 12 9 10 6 8 6 8 6 6 7 10 9 12 11 8 10 9 11 7 10 10 6 
10 6 8 11 11 10 10 8 10 11 7 10 5 11 6 6 9 9 10 8 8 7 8 10 11 8 11 8 10 9 10 9 9 7 7 
8 5 10 12 11 8 9 10 12 9 6 10 7 8 11 7 11 8 5 11 12 6 7 9 8 9 10 11 9 10 12 5 11 6 7 
9 6 9 12 5 5 5 7 10 8 12 5 6 8 11 11 5 9 7 8 11 12 12 6 5 6 12 5 8 11 5 9 10 7 6 
5 8 6 10 7 7 10 6 6 8 6 8 10 5 9 9 10 9 12 5 12 8 7 7 9 9 9 10 6 5 7 6 10 11 7 
8 5 10 6 5 6 11 6 8 8 5 11 10 6 11 8 9 12 12 6 5 8 9 5 6 8 12 6 10 6 6 8 6 9 9 
9 10 6 8 8 10 7 5 9 10 11 9 8 11 7 9 9 11 10 6 7 9 7 5 12 9 6 9 9 5 12 6 6 5 5 
8 12 7 7 11 9 11 9 12 12 9 11 7 9 12 8 10 7 10 9 10 8 12 12 5 9 12 5 8 11 5 11 10 10 7 
7 8 12 10 8 10 11 11 10 6 6 5 8 12 5 10 8 10 12 11 7 8 10 11 12 6 10 10 9 5 9 9 7 12 9 
10 9 12 6 10 12 6 8 9 5 11 8 9 11 12 6 5 7 12 10 12 10 10 9 6 6 11 10 6 7 7 10 8 11 11 
5 6 8 8 6 6 12 9 9 6 11 10 7 10 5 7 10 5 6 11 9 6 10 11 5 5 8 10 5 7 6 6 8 6 6 
10 10 12 7 5 8 9 7 11 7 11 8 11 9 6 8 9 10 5 5 5 10 7 9 11 12 5 11 12 6 10 6 5 10 12 
5 7 5 11 7 7 5 8 8 7 9 8 8 12 11 9 8 9 9 11 10 12 5 10 9 7 9 12 9 10 7 6 7 7 8 
12 12 6 11 8 6 10 8 11 7 12 5 10 10 7 10 10 12 11 8 7 8 6 7 10 6 8 8 9 12 5 8 11 12 8 
7 12 8 6 7 6 12 9 9 9 12 7 12 12 6 10 7 12 8 8 9 12 5 6 7 6 12 9 6 9 9 5 10 12 9 
10 6 9 8 11 5 6 5 9 8 8 8 8 8 8 10 7 7 11 6 6 10 12 7 11 10 5 11 6 12 7 6 6 5 6 
10 11 9 8 5 5 6 7 11 12 5 12 5 10 9 7 10 7 11 12 6 11 12 8 9 9 12 5 9 10 11 10 10 7 7 
7 12 11 6 8 6 8 12 7 10 9 6 7 9 8 8 6 8 10 12 10 11 7 12 7 9 6 10 8 8 8 5 5 11 12 
7 11 9 11 6 10 8 12 7 11 9 11 9 9 6 6 9 10 9 9 10 5 7 10 8 6 5 7 5 7 9 6 11 10 12 
5 10 5 7 12 12 12 12 7 8 5 6 8 5 8 12 5 7 6 9 6 6 12 8 10 5 8 6 10 8 11 8 6 10 7 
7 7 5 10 9 12 11 12 10 9 6 6 11 5 11 11 9 10 12 11 9 11 5 6 11 9 7 6 12 6 12 8 9 6 10 
5 9 10 12 11 10 7 5 9 6 7 6 11 7 7 9 11 9 8 7 9 7 9 8 12 9 5 9 9 12 9 11 12 10 10 
9 5 12 12 9 12 6 5 7 7 10 11 7 11 7 11 10 10 10 12 10 5 6 11 9 10 8 9 7 7 6 10 11 8 10 
7 12 12 10 6 8 7 10 7 12 12 11 11 5 9 5 9 7 8 11 9 12 10 6 12 7 7 5 11 9 12 11 7 12 12 
10 9 7 10 7 12 9 5 5 8 9 5 7 7 5 6 8 5 9 10 5 12 11 12 6 5 5 10 8 6 10 10 6 8 5 
9 10 8 6 7 6 9 6 7 8 8 5 6 6 8 10 10 5 7 11 5 9 9 5 9 8 11 6 6 7 10 9 11 10 5 
11 10 6 8 12 6 9 11 7 9 12 11 5 9 7 7 6 10 6 5 10 11 11 6 8 10 12 7 5 8 7 10 7 5 11 
12 10 11 8 8 11 6 10 12 11 7 10 11 6 5 6 11 12 5 10 7 8 11 6 7 7 10 9 6 12 8 7 5 10 6 
8 7 8 6 9 5 12 5 6 10 9 12 8 9 11 9 11 6 5 11 12 10 9 7 9 11 8 12 9 11 10 6 6 8 8 
9 8 12 7 11 12 6 8 7 12 9 7 7 9 11 8 10 6 8 9 7 7 8 12 9 9 7 11 11 12 11 9 6 7 11 
6 8 11 6 11 7 10 10 7 7 9 6 9 8 12 10 8 11 9 5 7 6 8 7 12 6 9 8 12 5 7 9 7 5 11 
10 10 11 11 11 12 7 5 7 8 12 7 6 5 11 9 10 11 12 5 12 7 7 5 8 8 7 6 6 11 9 12 10 12 5 
7 6 6 10 12 7 5 6 6 5 10 6 6 7 6 10 9 7 11 5 9 9 7 12 7 10 10 5 7 6 10 10 12 10 5 
6 6 12 8 7 9 8 5 12 9 12 9 9 10 6 7 9 12 12 7 12 7 5 12 9 11 6 5 12 12 7 9 12 12 7 
8 7 9 5 7 7 8 9 12 9 10 10 12 10 7 10 10 5 8 7 8 12 9 10 10 11 6 5 9 11 5 9 6 5 5 
6 8 12 5 7 7 9 9 12 10 9 8 9 6 10 9 8 7 6 7 11 12 7 11 12 6 11 9 8 10 10 5 9 8 6 
8 12 10 9 5 11 8 6 9 11 11 9 11 8 10 8 8 7 10 6 9 12 8 6 9 6 12 5 10 8 6 11 8 9 12 
11 8 6 8 8 9 6 11 10 12 7 6 10 9 7 11 11 11 6 7 10 12 10 11 7 11 10 11 11 5 7 7 12 9 7 
8 8 9 12 5 7 6 5 6 11 12 12 8 12 6 8 11 7 10 11 8 7 8 6 8 7 7 12 9 7 9 5 9 5 8 
12 8 5 9 11 9 12 8 12 9 10 12 11 12 6 12 11 12 6 10 6 11 7 7 10 11 10 7 8 11 8 6 6 5 7 
12 7 6 5 5 9 6 12 12 8 9 7 9 9 5 12 8 9 12 10 12 7 12 5 11 8 6 8 12 10 12 10 7 10 6 
5 12 10 7 10 6 5 11 9 9 5 11 8 10 7 5 9 6 5 6 9 6 5 9 6 9 7 5 9 10 5 9 12 11 6 
11 6 11 12 10 12 12 7 8 10 8 8 12 11 5 11 7 6 6 7 6 9 5 7 7 10 6 6 7 11 5 7 11 6 10 
11 6 10 11 7 10 12 11 12 11 9 10 8 8 11 6 6 11 10 8 10 11 5 9 7 8 10 7 12 7 10 11 12 6 8 
5 5 11 11 10 11 8 10 5 6 9 8 11 10 9 9 11 6 10 11 6 7 11 8 11 5 7 11 7 5 12 9 11 9 9 
10 6 6 11 7 12 12 10 7 7 11 8 5 5 12 9 12 10 5 9 6 8 10 11 8 12 8 6 11 11 11 5 7 5 11 
6 8 9 10 10 5 9 9 7 7 7 12 11 7 7 11 10 11 7 11 10 11 5 12 5 6 8 11 6 10 9 11 8 12 11 
8 11 5 9 5 8 6 7 6 7 5 12 8 6 8 7 8 5 9 7 9 9 11 7 10 6 12 10 7 8 12 11 6 11 5 
8 5 9 11 7 11 12 5 10 12 5 12 8 9 5 12 12 7 9 10 10 6 11 5 6 5 7 7 7 12 11 5 5 11 11 
5 7 9 11 8 8 7 6 8 10 6 7 12 11 6 7 10 8 9 6 12 7 7 5 6 9 11 11 6 8 5 6 5 5 10 
12 6 6 9 11 12 6 7 6 9 5 6 9 12 9 9 7 10 5 11 9 8 9 9 10 8 10 5 9 11 11 12 7 6 12 
10 10 7 11 5 9 9 9 7 8 7 6 8 6 6 6 11 5 6 5 7 10 10 10 10 6 6 9 9 12 8 11 10 12 10 
9 6 7 7 7 9 12 12 6 12 10 9 12 6 7 8 8 6 9 5 8 11 11 6 5 8 10 5 10 10 9 12 9 11 9 
9 7 5 5 10 9 7 5 10 6 12 8 5 7 12 8 8 5 10 9 12 9 8 11 5 10 8 8 6 10 5 7 8 10 9 
10 10 7 8 5 10 5 12 8 5 12 11 7 12 7 6 8 8 12 11 5 7 9 5 10 7 12 11 9 11 7 6 12 12 9 
7 11 9 8 8 7 9 5 9 6 8 9 7 8 9 7 8 9 12 9 10 8 8 8 12 7 10 6 5 12 7 7 12 7 6 
7 7 5 9 5 8 12 5 8 5 8 8 9 7 6 12 10 5 8 9 5 10 8 7 8 12 8 11 7 7 8 10 10 9 9 
12 9 7 11 11 6 8 10 5 10 8 6 5 10 8 10 9 11 12 5 8 12 5 8 10 11 8 8 12 10 6 12 11 11 6 
9 9 10 8 12 7 10 11 7 10 11 10 8 9 11 9 6 5 10 7 6 9 10 7 5 5 6 7 6 6 10 12 7 8 5 
5 7 6 10 8 10 9 5 10 9 8 12 11 11 7 11 9 8 11 12 12 8 12 7 10 7 12 7 11 12 7 5 7 11 12 
9 7 7 11 6 10 12 7 6 9 12 5 6 5 7 6 10 7 9 10 12 8 7 5 9 10 10 7 12 7 7 6 8 9 6 
7 8 9 10 5 9 11 8 9 11 10 11 10 11 8 8 6 5 9 5 10 8 9 7 7 10 11 5 6 6 12 7 6 10 7 
11 11 6 9 8 8 10 8 12 8 8 8 12 10 10 6 11 11 12 8 12 8 5 5 11 12 11 9 9 7 5 12 6 8 12 
12 5 12 12 7 10 8 7 5 6 11 12 5 7 7 6 8 9 10 7 11 10 8 7 9 5 11 8 8 5 5 12 10 12 5 
8 7 12 9 10 9 6 11 10 8 10 7 5 7 6 12 8 7 10 9 11 10 11 9 11 11 6 10 12 12 8 11 7 8 12 
12 9 10 12 10 12 5 11 11 10 6 11 6 6 7 11 7 6 6 11 10 6 5 10 6 6 10 8 12 8 10 8 8 10 10 
8 7 11 6 12 9 11 5 7 10 11 5 12 11 8 11 5 6 10 6 9 10 10 5 11 11 11 5 9 6 7 7 10 11 5 
10 11 12 10 5 12 5 7 8 6 5 9 11 8 12 6 6 11 5 6 11 10 6 8 9 6 5 8 11 9 6 5 9 9 10 
7 12 8 10 8 7 9 12 10 5 5 5 10 6 8 8 12 6 5 6 8 7 9 6 11 5 6 7 8 10 6 12 8 12 12 
7 8 12 5 9 11 9 12 8 7 12 7 10 12 12 12 10 10 5 8 9 10 5 9 6 8 7 10 9 7 12 7 12 6 6 
10 11 10 6 5 6 12 9 9 12 12 7 7 10 6 5 12 5 12 11 10 12 12 7 5 10 12 11 11 10 11 5 8 11 9 
6 8 6 10 6 6 6 6 6 5 8 5 5 5 10 10 7 9 9 5 10 6 6 5 11 6 9 6 9 6 8 7 8 5 9 
7 9 6 7 10 8 7 10 6 7 11 10 11 9 5 12 10 8 6 6 12 11 9 8 7 10 5 11 5 12 11 7 5 12 8 
7 6 7 5 8 9 9 6 11 7 9 7 6 11 10 5 9 8 11 12 7 6 9 5 12 9 10 11 7 11 6 6 8 12 10 
7 11 7 5 5 5 6 7 7 6 8 6 11 8 10 10 7 8 12 12 6 10 6 11 5 9 10 7 6 7 11 9 5 10 7 
10 9 9 9 11 5 5 10 5 8 11 9 10 9 8 8 12 7 6 9 5 9 7 9 6 9 7 12 12 6 7 9 8 10 6 
7 5 9 11 8 7 11 9 5 11 12 10 10 9 10 7 12 9 6 6 8 5 7 6 5 11 11 7 5 7 8 5 8 6 10 
7 10 5 6 10 6 11 6 12 11 12 5 6 6 8 6 9 8 11 8 12 9 6 5 12 12 6 11 6 5 12 10 9 9 5 
7 8 5 11 8 6 10 11 9 10 7 8 7 6 7 8 11 10 5 5 9 6 5 7 10 8 5 9 7 11 12 9 7 9 9 
0 1 0 0 1 0 1 0 0 1 0 1 0 0 0 0 0 0 0 0 0 0 0 0 0 0 0 0 0 0 0 0 0 0 0 
0 0 1 0 0 0 0 0 0 0 0 0 0 0 0 0 0 0 0 0 0 0 0 0 0 0 0 0 0 0 0 0 0 0 0 
0 0 0 1 0 0 0 0 0 0 0 0 0 0 0 0 0 0 0 0 0 0 0 0 0 0 0 0 0 0 0 0 0 0 0 
0 0 0 0 0 0 0 0 0 0 1 0 0 0 0 0 0 0 0 0 0 0 0 0 0 0 0 0 0 0 0 0 0 0 0 
0 0 0 0 0 1 0 0 0 0 0 0 0 0 0 0 0 0 0 0 0 0 0 0 0 0 0 0 0 0 0 0 0 0 0 
0 0 0 0 0 0 1 1 0 0 0 0 0 0 0 0 0 0 0 0 0 0 0 0 0 0 0 0 0 0 0 0 0 0 0 
0 0 0 0 0 0 0 0 0 0 0 0 0 1 0 0 0 1 0 0 0 0 0 0 0 0 0 0 0 0 0 0 0 0 0 
0 0 0 0 0 0 0 0 1 0 0 0 0 0 0 0 0 0 0 0 0 0 0 0 0 0 0 0 0 0 0 0 0 0 0 
0 0 0 0 0 0 0 0 0 0 0 0 1 0 0 0 0 0 0 0 0 0 0 0 0 0 0 0 0 0 0 0 0 0 0 
0 0 0 0 0 0 0 0 0 0 0 0 0 1 0 0 0 0 0 0 0 0 0 0 0 0 0 0 0 0 0 0 0 0 0 
0 0 0 0 0 0 0 0 0 0 0 0 0 0 0 0 0 0 0 0 0 0 0 0 0 0 0 1 0 0 0 0 1 0 0 
0 0 0 0 0 0 0 0 0 0 0 0 0 0 0 0 0 1 0 0 0 0 0 0 0 0 0 0 0 0 0 0 0 0 0 
0 0 0 0 0 0 0 0 0 0 0 0 0 0 0 0 0 0 0 0 0 0 0 0 0 0 0 1 0 0 0 0 1 0 0 
0 0 0 0 0 0 0 0 0 0 0 0 0 0 1 0 0 0 0 0 0 0 0 0 0 0 0 0 0 0 0 0 0 0 0 
0 0 0 0 0 0 0 0 0 0 0 0 0 0 0 1 0 0 0 0 0 0 0 0 0 0 0 0 0 0 0 0 0 0 0 
0 0 0 0 0 0 0 0 0 0 0 0 0 0 0 0 0 0 0 0 1 0 0 0 0 0 0 0 0 0 0 0 0 0 0 
0 0 0 0 0 0 0 0 0 0 0 0 0 0 0 0 0 0 0 1 0 0 0 0 0 0 0 0 0 0 0 0 0 0 0 
0 0 0 0 0 0 0 0 0 0 0 0 0 0 0 0 0 0 1 0 0 0 0 0 0 0 0 0 0 0 0 0 0 0 0 
0 0 0 0 0 0 0 0 0 0 0 0 0 0 0 0 0 0 0 1 0 0 0 0 0 0 0 0 0 0 0 0 0 0 0 
0 0 0 0 0 0 0 0 0 0 0 0 0 0 0 0 0 0 0 0 1 0 0 0 0 0 0 0 0 0 0 0 0 0 0 
0 0 0 0 0 0 0 0 0 0 0 0 0 0 0 0 0 0 0 0 0 1 0 0 1 0 0 0 0 1 0 1 0 0 0 
0 0 0 0 0 0 0 0 0 0 0 0 0 0 0 0 0 0 0 0 0 0 1 0 0 0 0 0 0 0 0 0 0 0 0 
0 0 0 0 0 0 0 0 0 0 0 0 0 0 0 0 0 0 0 0 0 0 0 1 0 0 0 0 0 0 0 0 0 0 0 
0 0 0 0 0 0 0 0 0 0 0 0 0 0 0 0 0 0 0 0 0 0 0 0 0 0 1 0 0 0 0 0 0 0 0 
0 0 0 0 0 0 0 0 0 0 0 0 0 0 0 0 0 0 0 0 0 0 0 0 0 1 0 0 0 0 0 0 0 0 0 
0 0 0 0 0 0 0 0 0 0 0 0 0 0 0 0 0 0 0 0 0 0 0 0 0 0 1 0 0 0 0 0 0 0 0 
0 0 0 0 0 0 0 0 0 0 0 0 0 0 0 0 0 0 0 0 0 0 0 0 0 0 0 1 0 0 0 0 1 1 0 
0 0 0 0 0 0 0 0 0 0 0 0 0 0 0 0 0 0 0 0 0 0 0 0 0 0 0 0 1 0 0 0 0 0 0 
0 0 0 0 0 0 0 0 0 0 0 0 0 0 0 0 0 0 0 0 0 0 0 0 0 0 0 0 0 0 0 0 0 0 0 
0 0 0 0 0 0 0 0 0 0 0 0 0 0 0 0 0 0 0 0 0 0 0 0 0 0 0 0 0 0 1 0 0 0 0 
0 0 0 0 0 0 0 0 0 0 0 0 0 0 0 0 0 0 0 0 0 0 0 0 0 0 0 0 0 0 0 1 0 0 0 
0 0 0 0 0 0 0 0 0 0 0 0 0 0 0 0 0 0 0 0 0 0 0 0 0 0 0 0 0 0 0 0 1 0 0 
0 0 0 0 0 0 0 0 0 0 0 0 0 0 0 0 0 0 0 0 0 0 0 0 0 0 0 0 0 0 0 0 0 0 1 
0 0 0 0 0 0 0 0 0 0 0 0 0 0 0 0 0 0 0 0 0 0 0 0 0 0 0 0 0 0 0 0 0 0 0 
0 0 0 0 0 0 0 0 0 0 0 0 0 0 0 0 0 0 0 0 0 0 0 0 0 0 0 0 0 0 0 0 0 0 0
0.22 0.13 0.29 0.24 0.26 0.19 0.28 0.14 0.27 0.15 0.11 0.25 0.06 