25
3
131 68 60 143 57 91 88 128 87 148 108 85 146 138 110 142 91 64 111 73 108 83 66 121 145 
92 76 74 130 103 87 66 109 123 123 117 76 142 52 118 108 86 141 135 111 54 66 116 120 123 
130 109 132 61 147 77 105 98 126 54 50 115 129 100 143 116 112 92 109 94 71 86 146 81 122 
77 121 96 108 82 76 103 69 103 112 72 114 101 95 121 123 125 96 115 119 95 83 110 112 87 
59 98 92 79 71 122 93 73 93 78 117 110 115 90 59 123 55 109 90 84 58 88 67 70 76 
84 117 125 110 69 113 113 71 103 74 84 59 92 58 85 68 64 65 84 71 118 122 110 107 60 
111 189 150 148 162 106 189 107 155 118 133 172 161 193 113 100 197 148 136 188 184 184 134 128 104 
19 15 21 13 21 12 21 19 17 16 25 12 22 16 20 13 17 17 17 23 14 15 17 14 19 
13 15 19 17 14 19 14 13 17 24 14 13 21 17 21 14 13 21 20 24 14 14 19 15 12 
15 12 13 25 21 14 17 13 19 19 15 14 21 19 19 21 17 17 14 12 16 23 12 13 17 
10 10 8 11 10 5 12 11 7 10 7 10 7 7 10 8 5 10 6 12 5 10 6 8 5 
12 9 8 12 7 12 11 7 9 7 6 9 5 7 5 11 12 5 11 12 5 12 11 11 8 
9 8 11 7 6 10 6 6 7 11 5 9 8 9 7 8 6 12 8 7 6 10 11 9 12 
9 11 6 5 5 7 10 6 10 5 8 6 5 8 7 9 6 12 11 7 8 9 7 12 12 
6 10 9 11 9 8 12 11 12 11 11 12 9 9 6 11 10 7 6 7 10 6 8 10 8 
5 7 10 6 7 9 8 12 7 9 8 10 9 5 11 6 11 8 9 11 12 10 11 11 11 
6 8 5 11 5 7 10 5 10 5 5 7 5 6 10 12 12 9 9 12 7 7 10 6 10 
12 10 11 9 10 7 12 6 10 9 7 7 12 10 5 6 9 7 8 9 7 7 11 11 5 
12 10 10 8 7 5 11 5 9 7 10 7 7 11 7 12 5 9 5 11 7 5 5 8 12 
8 11 11 12 12 6 6 11 10 6 6 6 7 9 12 6 6 7 12 10 7 7 5 10 9 
9 10 10 11 6 8 11 10 12 10 8 6 6 10 7 5 11 9 6 12 6 8 9 11 7 
7 9 8 8 6 7 7 10 10 10 9 8 11 5 11 12 12 12 9 9 10 8 9 10 8 
8 12 9 10 11 11 10 9 12 7 8 7 5 12 8 11 7 6 5 7 9 5 12 8 7 
5 9 6 5 9 9 12 12 8 10 10 11 8 7 10 10 11 9 7 12 7 11 5 11 11 
12 5 8 7 10 7 10 10 5 5 7 10 9 5 9 8 9 8 11 9 8 9 12 12 9 
8 11 9 11 7 12 7 5 12 9 9 8 9 5 9 12 9 5 6 11 11 8 10 6 11 
8 7 12 8 9 11 10 8 10 9 8 11 10 10 8 6 5 12 12 6 7 10 8 8 8 
12 6 6 8 8 9 5 12 9 12 5 10 7 11 8 10 7 10 7 6 5 5 9 12 7 
8 5 8 11 8 11 7 12 9 6 10 9 10 12 7 7 6 9 7 8 12 8 11 11 9 
12 8 6 12 6 5 10 10 8 10 6 12 10 11 6 6 10 5 5 9 9 9 9 11 12 
7 7 5 8 12 6 5 10 7 7 5 5 8 5 12 5 10 10 12 12 12 11 12 11 10 
5 6 12 9 8 11 5 10 10 6 8 6 7 6 8 12 8 8 6 6 9 5 5 11 8 
8 11 9 11 11 9 8 8 9 5 7 11 7 6 9 12 7 7 8 7 5 8 6 8 6 
9 7 6 5 8 11 7 8 5 10 12 10 12 9 7 11 11 12 10 5 5 12 10 8 6 
11 12 8 8 6 7 5 5 11 10 12 6 10 7 12 11 8 8 11 12 10 8 10 7 8 
6 6 11 10 6 9 5 7 8 9 9 11 5 7 11 8 7 10 6 9 8 12 5 11 6 
5 8 5 5 8 10 10 6 11 8 12 7 10 12 11 11 6 11 6 11 10 11 9 12 7 
10 8 11 8 11 11 7 8 10 10 6 11 9 11 10 11 12 9 5 12 11 7 11 9 5 
6 8 8 5 12 9 11 8 6 7 9 12 7 9 5 8 8 9 5 7 10 11 5 6 10 
9 5 9 5 10 9 9 5 12 7 9 10 7 6 9 12 12 5 10 7 6 10 10 8 8 
12 11 8 8 11 8 7 10 6 7 10 7 5 5 8 8 9 6 10 5 8 12 9 11 6 
11 12 6 8 10 10 11 10 12 12 9 12 8 7 8 8 5 9 11 7 10 9 10 5 5 
12 12 10 11 6 11 10 8 6 8 7 7 5 8 6 11 7 7 8 7 10 12 9 11 8 
5 6 8 8 5 10 7 10 10 10 12 10 12 11 9 12 12 8 8 9 9 8 8 9 8 
7 5 10 5 11 9 7 5 10 7 12 6 10 9 9 9 10 8 6 7 7 5 6 10 9 
6 7 5 8 11 9 7 8 9 12 11 5 6 7 11 11 6 6 7 12 6 12 9 8 7 
10 11 8 6 6 11 12 9 7 5 6 12 7 9 6 12 11 7 6 12 8 8 9 7 6 
7 8 5 9 8 6 9 5 8 5 10 10 6 7 9 8 8 10 10 5 8 6 7 5 8 
8 9 9 11 12 8 11 7 6 5 8 8 10 6 7 7 6 10 10 11 12 5 11 6 12 
6 9 11 9 8 10 6 10 6 10 5 12 10 5 5 6 7 10 9 6 5 10 7 10 6 
7 10 10 7 7 7 12 8 11 10 7 8 11 9 12 11 5 5 9 5 5 12 9 11 7 
9 9 8 11 8 11 5 9 12 8 5 5 12 10 8 12 6 8 6 8 10 6 7 7 11 
12 8 11 9 5 9 6 10 11 5 5 10 8 9 7 9 8 8 5 12 6 6 11 6 5 
12 8 8 8 11 11 7 11 5 6 6 11 8 8 11 11 12 6 6 10 8 9 7 9 8 
6 7 9 9 9 11 12 8 11 12 10 8 7 10 8 10 7 10 12 10 12 5 11 7 6 
11 7 11 8 8 11 12 8 6 9 11 6 11 7 11 11 5 12 12 11 11 9 8 6 5 
6 5 11 7 10 5 6 10 8 10 12 11 6 6 12 8 7 10 9 8 12 5 5 11 6 
7 8 10 8 7 10 8 10 10 5 9 8 5 6 9 5 5 5 9 10 12 10 5 12 7 
11 10 5 6 12 6 9 11 6 8 11 7 11 10 9 9 9 11 6 8 5 10 6 11 9 
8 7 7 9 6 7 9 11 7 8 5 6 7 11 7 12 12 12 7 10 11 10 10 7 6 
10 6 11 5 12 6 11 11 6 7 10 10 7 10 10 9 7 12 11 5 6 10 11 6 10 
8 7 12 12 12 8 9 5 7 10 8 5 12 9 7 5 12 5 9 6 8 7 7 9 9 
12 8 8 5 10 6 12 10 9 12 9 8 12 5 7 10 8 5 11 6 12 6 5 5 9 
12 11 5 11 10 6 5 9 9 11 8 10 5 12 5 9 11 8 6 10 8 9 9 5 12 
12 12 11 7 7 12 6 10 6 7 6 9 6 7 9 7 5 10 11 11 9 9 6 9 9 
6 11 12 9 10 10 11 10 5 6 10 9 7 5 11 6 6 7 12 9 9 5 10 8 5 
12 6 11 6 9 7 12 8 7 9 9 6 6 12 12 11 7 8 5 7 6 7 5 12 7 
11 7 9 12 11 11 7 5 8 10 11 9 12 9 11 5 5 7 5 11 7 9 12 12 8 
9 11 8 7 10 7 5 7 8 9 7 9 5 9 7 8 6 9 7 9 8 9 5 10 5 
6 6 10 11 9 5 10 7 5 12 10 6 9 10 7 12 7 5 12 8 11 10 6 8 8 
11 5 9 8 8 7 10 11 9 7 9 10 11 7 6 11 9 9 7 8 5 12 11 11 7 
12 11 5 5 11 6 8 12 8 12 9 6 5 5 10 12 5 11 6 5 5 5 7 8 11 
6 5 7 12 5 7 5 10 6 7 9 6 9 9 11 10 9 12 6 11 8 12 6 5 9 
7 5 7 6 7 9 8 11 7 7 10 11 10 6 5 9 8 5 8 9 10 7 12 9 8 
9 9 10 9 8 5 11 11 8 10 8 11 11 8 7 8 7 11 11 11 11 6 12 9 10 
7 7 12 9 5 10 7 6 8 11 9 10 8 9 11 8 8 11 5 6 12 8 6 12 9 
7 11 11 12 7 10 8 5 9 7 8 5 5 7 6 7 11 11 11 11 12 7 5 8 7 
12 11 11 7 10 8 11 5 10 7 7 11 11 6 10 9 11 5 5 11 9 8 6 10 8 
11 8 10 7 7 11 12 7 10 5 5 12 11 9 7 8 6 7 6 12 12 12 5 8 8 
12 10 5 5 5 8 8 12 6 12 10 12 7 10 7 10 11 8 12 12 11 11 12 9 5 
9 12 12 5 7 5 8 10 12 10 5 5 5 11 11 5 10 10 7 7 9 12 12 12 10 
9 12 10 11 7 7 8 5 12 11 12 6 11 5 8 8 10 7 5 10 9 11 6 5 5 
6 8 10 5 8 8 10 5 11 6 6 10 10 8 8 12 12 10 10 11 9 5 5 11 12 
5 5 10 9 8 11 12 10 12 11 12 5 8 8 6 8 5 12 10 7 6 12 12 5 6 
11 10 9 9 5 6 11 6 7 5 8 11 6 7 10 10 5 7 11 10 11 5 11 9 5 
0 1 0 0 0 0 0 0 0 0 0 0 0 0 0 0 0 0 0 0 0 0 0 0 0 
0 0 1 0 0 0 0 0 0 0 0 0 0 0 0 0 0 0 0 0 0 0 0 0 0 
0 0 0 1 0 0 0 0 0 0 0 0 0 0 0 0 0 0 0 0 0 0 0 0 0 
0 0 0 0 1 0 0 1 0 0 0 0 0 0 0 0 0 0 0 0 0 0 0 0 0 
0 0 0 0 0 1 0 0 0 0 0 0 0 0 0 0 0 0 0 0 0 0 0 0 0 
0 0 0 0 0 0 1 0 0 1 0 0 0 0 0 0 0 0 0 0 0 0 0 0 0 
0 0 0 0 0 0 0 0 0 0 1 1 0 0 0 0 0 0 0 0 0 0 0 0 0 
0 0 0 0 0 0 0 0 1 0 1 0 0 0 0 0 0 0 0 0 0 0 0 0 0 
0 0 0 0 0 0 0 0 0 1 0 0 1 0 0 0 0 0 0 0 0 0 0 0 0 
0 0 0 0 0 0 0 0 0 0 0 0 0 0 0 0 0 0 0 0 0 0 0 0 0 
0 0 0 0 0 0 0 0 0 0 0 0 1 0 0 0 0 0 0 0 0 0 0 0 0 
0 0 0 0 0 0 0 0 0 0 0 0 0 0 1 0 0 0 0 0 0 0 0 0 0 
0 0 0 0 0 0 0 0 0 0 0 0 0 1 0 0 0 0 0 0 0 0 0 0 0 
0 0 0 0 0 0 0 0 0 0 0 0 0 0 0 1 0 0 1 1 0 0 0 0 0 
0 0 0 0 0 0 0 0 0 0 0 0 0 0 0 0 1 0 0 0 0 1 0 0 0 
0 0 0 0 0 0 0 0 0 0 0 0 0 0 0 0 0 1 0 0 0 0 0 0 0 
0 0 0 0 0 0 0 0 0 0 0 0 0 0 0 0 0 1 0 0 0 0 1 0 0 
0 0 0 0 0 0 0 0 0 0 0 0 0 0 0 0 0 0 0 0 0 0 0 0 1 
0 0 0 0 0 0 0 0 0 0 0 0 0 0 0 0 0 0 0 0 0 1 0 0 0 
0 0 0 0 0 0 0 0 0 0 0 0 0 0 0 0 0 0 0 0 1 0 0 0 1 
0 0 0 0 0 0 0 0 0 0 0 0 0 0 0 0 0 0 0 0 0 1 0 1 0 
0 0 0 0 0 0 0 0 0 0 0 0 0 0 0 0 0 0 0 0 0 0 0 0 0 
0 0 0 0 0 0 0 0 0 0 0 0 0 0 0 0 0 0 0 0 0 0 0 0 1 
0 0 0 0 0 0 0 0 0 0 0 0 0 0 0 0 0 0 0 0 0 0 0 0 0 
0 0 0 0 0 0 0 0 0 0 0 0 0 0 0 0 0 0 0 0 0 0 0 0 0 
0.3 0.27 0.17 0.11 