53
5
104 128 127 83 116 73 97 135 52 126 55 117 86 145 96 148 130 98 57 95 82 119 129 83 82 136 53 141 144 57 131 103 80 91 86 146 92 72 90 117 67 149 115 133 116 84 64 67 130 97 110 143 115 
86 80 115 113 54 135 124 64 56 120 91 99 55 67 101 120 116 78 110 125 56 111 136 61 140 67 91 112 146 107 118 95 85 120 78 136 101 111 58 76 79 131 126 94 148 73 121 139 119 51 56 76 118 
83 56 59 66 50 61 129 149 101 117 109 78 144 139 87 131 59 96 113 137 75 84 111 50 75 58 69 134 68 90 147 100 62 135 84 142 79 112 63 70 82 139 109 150 63 98 63 68 96 126 143 131 55 
69 98 95 69 123 80 78 126 136 56 61 136 139 101 137 106 80 141 62 109 60 68 121 82 105 129 85 104 150 70 146 146 96 86 81 133 50 61 64 142 64 102 86 140 105 65 148 55 81 141 62 121 132 
65 81 103 55 107 67 94 82 108 100 98 95 106 68 67 59 52 141 52 98 148 118 69 82 73 61 76 149 59 51 82 127 56 83 78 93 91 104 68 64 72 138 78 131 60 105 101 67 143 80 82 146 58 
66 102 123 104 116 110 99 115 94 57 112 68 64 67 75 73 100 76 78 119 51 63 97 119 124 65 63 79 58 73 88 53 78 80 51 92 60 68 76 125 98 113 93 79 101 84 108 62 121 72 55 68 95 
73 99 109 113 118 66 77 84 62 56 119 92 83 67 72 61 87 118 104 74 118 91 53 115 71 81 110 87 79 52 101 57 63 74 120 53 98 94 92 95 118 75 88 100 97 115 105 90 79 112 106 109 58 
99 73 101 66 107 118 66 90 53 99 69 63 98 85 81 111 72 75 78 121 76 112 109 67 55 90 88 112 83 68 107 115 73 104 67 67 113 109 58 53 110 58 100 87 66 112 108 99 52 64 74 115 88 
65 71 85 90 96 125 90 116 117 69 87 125 73 122 100 118 120 56 77 110 93 117 93 100 104 106 108 77 67 69 68 87 92 70 112 86 70 80 81 72 122 86 56 114 105 69 104 101 95 83 72 122 121 
100 124 86 113 64 68 93 110 65 104 69 76 83 74 125 89 121 81 82 94 82 76 58 111 80 119 51 77 119 75 54 101 53 111 125 105 65 54 70 66 62 68 89 58 117 113 52 121 65 123 53 99 85 
105 189 124 158 141 174 107 187 105 162 198 184 178 119 109 118 152 193 166 177 113 105 189 171 116 113 136 165 196 140 171 196 129 101 186 100 111 163 168 115 158 139 174 136 157 195 183 116 170 184 109 187 121 
25 19 19 18 23 18 13 15 16 15 21 12 23 12 24 21 19 24 12 14 12 24 20 23 13 24 25 17 19 16 25 12 18 14 23 25 24 21 24 17 23 17 24 16 25 24 18 20 12 24 22 24 19 
14 17 19 18 17 16 17 21 15 24 18 18 15 18 25 12 17 17 19 19 18 19 16 22 18 15 14 14 16 17 20 22 17 20 14 21 14 17 23 12 16 12 18 18 12 18 22 14 25 14 19 13 19 
15 14 22 13 18 24 17 16 13 14 15 19 21 21 21 23 16 12 16 18 23 24 14 20 16 15 16 20 20 25 21 21 14 16 16 24 15 20 15 23 16 22 12 13 25 20 22 17 12 18 14 23 17 
17 24 20 22 24 13 14 18 12 15 15 23 24 22 19 19 17 20 15 17 22 12 18 25 16 19 24 21 18 14 14 20 12 21 17 22 13 21 24 12 18 22 13 17 24 14 22 23 15 25 23 17 18 
15 21 14 21 18 16 18 20 15 20 15 23 17 24 22 16 12 19 19 19 22 22 19 19 21 20 24 13 13 15 15 20 19 19 16 18 19 20 20 15 13 22 21 17 16 15 25 13 13 18 16 21 18 
5 6 8 5 6 11 6 11 9 8 9 6 5 6 6 8 6 12 8 7 6 6 5 12 8 12 7 11 9 6 7 5 8 6 5 11 7 6 10 11 10 5 9 8 8 12 11 5 8 5 11 10 6 
6 9 10 5 10 11 12 7 9 9 9 11 10 7 5 7 6 8 10 6 6 9 9 11 7 5 10 7 5 7 7 8 6 12 11 10 9 10 8 10 7 12 10 9 8 8 6 5 9 10 8 6 5 
10 11 8 9 11 9 12 12 6 5 12 7 7 7 7 10 5 9 9 7 8 8 7 10 6 5 10 9 7 12 10 9 10 12 12 9 7 8 7 11 6 6 11 8 8 6 11 11 5 5 5 9 5 
11 8 8 11 9 5 5 7 7 9 10 11 5 10 8 8 8 7 9 9 8 5 10 8 8 7 6 8 5 6 6 12 10 10 8 6 11 7 6 10 9 12 9 11 6 8 5 6 9 5 6 6 12 
9 11 8 12 11 11 8 9 11 5 11 7 5 12 7 11 8 11 7 10 10 5 12 7 6 8 9 11 8 11 5 10 8 5 6 11 6 8 12 8 5 7 11 8 10 11 6 9 7 12 8 9 11 
6 12 7 5 10 9 6 9 7 6 10 10 8 12 5 8 7 11 12 11 10 5 6 9 6 11 5 5 9 12 8 9 5 5 7 5 9 6 9 8 10 9 11 5 10 8 10 10 7 7 11 6 8 
8 8 9 12 6 6 9 11 12 5 10 8 6 8 5 8 8 5 12 12 6 6 12 5 12 10 12 9 7 6 5 8 11 8 11 5 7 5 12 9 6 9 6 10 7 7 5 12 7 10 5 6 5 
12 5 9 6 12 5 12 11 5 9 11 8 12 7 9 6 10 5 12 11 12 6 8 8 7 7 7 11 8 12 7 6 11 9 12 8 9 6 8 11 8 10 8 6 6 11 9 11 5 5 11 11 6 
10 12 9 7 8 8 12 6 9 8 9 11 7 8 9 9 6 5 7 6 7 7 12 12 10 12 6 6 11 6 7 6 9 5 10 6 11 7 11 6 11 7 7 6 8 12 9 12 6 12 7 8 9 
9 12 6 10 10 8 12 9 5 5 5 11 12 11 5 6 5 6 6 11 6 6 10 11 9 8 10 6 12 11 6 7 5 5 6 12 12 7 9 12 9 6 11 10 7 12 12 9 9 7 7 8 5 
7 8 9 6 6 10 5 6 11 8 10 11 7 10 7 9 12 11 6 9 11 8 11 9 5 11 5 11 12 9 11 10 11 8 9 11 11 6 11 9 7 6 9 11 10 12 11 9 8 11 7 5 11 
12 9 7 7 10 10 12 7 12 12 7 9 10 12 8 7 12 9 5 8 8 5 6 7 10 10 5 10 8 6 6 5 6 10 11 8 8 7 11 7 7 10 12 8 6 10 6 10 5 7 10 12 5 
5 11 12 5 10 12 9 12 12 10 11 8 6 12 9 6 5 8 11 11 6 7 10 11 10 12 12 9 12 9 5 6 10 11 10 12 11 6 7 5 9 12 12 8 6 10 11 5 11 12 5 8 7 
10 6 11 5 10 6 7 9 9 9 11 12 12 9 9 6 12 11 12 12 9 8 7 10 6 12 10 10 5 12 6 6 12 11 12 10 9 6 8 6 10 10 12 10 8 10 10 10 5 5 9 5 11 
6 5 9 7 6 8 9 6 8 5 10 6 11 7 10 8 6 5 9 5 6 8 5 7 11 8 9 9 12 12 5 9 8 9 12 5 8 6 9 12 9 5 12 7 5 11 12 7 12 12 5 9 7 
9 12 7 6 11 8 8 10 5 12 12 5 5 10 8 9 11 10 9 7 5 11 7 9 10 9 7 10 5 8 6 12 5 8 10 9 11 9 11 6 11 9 11 6 7 12 9 11 8 11 12 10 6 
8 6 7 10 9 7 6 10 11 12 5 5 8 8 6 8 12 9 9 8 5 6 9 8 9 8 5 5 5 6 10 8 11 5 7 12 11 7 10 9 5 12 9 9 5 7 12 9 9 11 9 10 7 
5 7 8 10 11 7 10 7 5 7 11 11 11 10 8 7 8 5 12 7 5 10 9 7 9 10 7 7 8 7 9 8 9 8 6 7 12 9 6 10 11 10 7 9 9 6 6 7 9 7 9 8 8 
7 12 5 5 10 10 6 8 11 7 8 9 5 12 7 10 11 11 5 8 9 11 12 5 12 6 8 10 7 9 9 12 8 11 8 12 11 10 7 11 6 11 6 5 12 8 11 6 5 7 9 10 5 
8 5 9 12 7 5 12 7 11 9 9 6 6 7 5 5 7 10 10 6 12 10 6 6 11 10 6 7 11 6 11 7 6 11 5 7 10 12 5 6 9 9 7 7 5 11 8 8 8 6 12 12 11 
6 11 12 5 5 12 9 7 11 11 6 5 7 8 11 7 5 8 12 9 9 7 12 8 11 5 12 6 12 9 9 8 7 12 5 6 11 8 12 10 8 8 9 5 8 9 10 6 9 10 10 12 8 
8 5 7 8 5 9 9 11 10 12 11 8 10 8 5 5 9 6 6 7 12 10 5 8 11 11 7 8 5 6 10 7 10 11 9 9 7 8 9 12 6 12 11 6 12 7 12 11 7 8 9 5 7 
8 7 12 11 5 9 9 8 9 11 5 6 12 7 7 12 7 6 6 5 11 10 12 10 9 9 12 10 11 12 5 7 10 9 6 11 10 5 5 11 11 6 11 11 10 9 10 10 7 7 10 8 8 
6 8 5 6 5 8 11 5 7 5 6 10 12 6 11 9 12 11 7 5 5 8 9 11 7 9 11 9 6 8 5 10 8 10 11 5 8 8 9 8 10 5 11 7 7 11 9 10 11 12 11 5 6 
5 9 9 8 5 7 11 9 7 7 11 8 11 7 8 9 12 12 11 12 6 7 9 12 6 7 5 5 7 7 5 10 10 10 11 6 5 12 7 9 7 11 10 5 11 6 6 10 11 12 5 6 8 
9 8 9 7 12 10 9 5 12 11 9 6 12 8 7 10 12 11 6 10 11 7 9 9 10 8 9 6 10 8 9 10 9 12 7 5 9 9 6 5 9 9 10 10 8 10 12 11 7 9 7 5 6 
10 10 6 10 12 7 5 6 11 10 12 7 5 6 8 12 10 5 9 6 5 7 5 5 8 5 9 11 7 6 11 5 12 9 10 6 11 12 7 6 6 12 8 12 12 6 9 7 5 6 6 12 9 
6 8 11 10 10 12 10 7 9 10 6 11 6 11 7 5 7 12 12 9 6 11 7 7 7 8 10 10 9 6 10 12 8 10 10 8 10 11 11 8 9 10 11 8 8 12 12 11 10 5 7 12 7 
8 8 7 8 12 12 10 5 9 8 6 5 12 11 10 6 7 7 10 6 12 12 11 9 11 6 11 11 10 8 7 8 5 8 5 10 6 5 11 12 6 6 7 5 5 5 8 6 7 5 5 7 8 
7 5 7 9 11 6 11 10 5 10 9 10 6 7 5 6 5 6 12 6 5 7 7 6 9 10 10 12 5 9 6 5 6 12 11 5 5 5 10 6 8 6 10 8 10 7 9 11 5 12 6 9 12 
6 5 7 5 9 10 5 7 6 9 12 9 10 5 7 12 7 8 6 9 9 11 7 5 11 6 5 12 11 10 6 12 12 5 7 12 11 6 11 12 12 9 12 6 5 5 9 6 11 12 8 7 12 
11 6 6 5 11 5 10 5 7 5 12 9 8 7 11 9 5 5 11 11 6 6 7 7 10 9 5 11 8 7 10 8 11 6 5 12 10 11 8 9 7 8 12 5 5 6 12 12 8 12 5 12 8 
9 12 7 6 7 8 6 10 9 10 11 12 6 11 8 9 6 5 6 8 12 12 9 6 5 6 10 7 8 8 5 6 6 11 5 7 12 8 12 11 7 8 7 11 7 7 8 9 7 9 6 11 11 
5 11 9 11 9 5 10 8 6 7 9 5 6 8 6 8 12 5 10 8 11 10 11 8 9 6 9 5 12 8 8 5 6 5 7 9 5 12 8 5 7 11 10 5 12 10 11 10 12 8 9 5 11 
6 11 10 9 9 11 9 7 12 7 10 7 5 8 7 11 6 11 6 9 7 7 6 6 10 5 10 8 8 6 5 8 10 10 5 8 9 5 10 9 10 7 9 9 5 12 12 11 5 9 12 6 5 
8 10 11 8 6 10 9 10 11 9 11 5 9 8 5 7 8 9 11 10 10 10 11 11 11 8 11 8 11 6 6 12 7 6 11 12 12 7 6 7 6 8 12 9 8 12 9 9 12 6 12 12 6 
6 5 9 12 5 5 7 9 5 7 11 10 5 6 7 8 12 8 7 8 11 9 5 7 8 10 8 9 8 12 8 12 5 8 6 8 8 8 10 11 9 11 12 10 5 5 7 10 7 5 10 8 10 
12 9 5 5 11 12 7 8 11 7 12 6 10 10 8 12 5 9 8 9 9 6 7 6 7 5 10 8 8 9 8 12 12 5 12 10 9 6 5 5 10 7 5 10 6 12 9 7 11 12 9 6 10 
9 9 9 12 9 7 8 6 10 6 9 9 9 10 8 6 12 12 8 8 9 9 8 9 6 6 9 10 11 6 7 5 5 8 6 5 12 10 7 9 7 11 11 12 6 8 7 9 8 5 8 5 6 
6 9 5 7 6 11 10 6 7 5 10 10 11 12 9 12 12 12 8 6 7 7 12 10 6 6 10 8 5 6 10 12 5 5 9 7 8 5 12 5 12 7 9 8 12 12 8 11 10 8 11 9 10 
8 10 6 11 5 10 6 7 10 6 5 6 11 6 7 5 6 7 9 5 6 11 7 9 5 11 7 7 10 10 6 11 12 12 10 9 6 7 8 10 11 9 7 8 11 10 5 5 7 11 8 9 9 
7 7 11 8 9 10 10 11 6 7 11 11 5 7 6 6 12 8 5 9 12 12 5 6 7 10 8 7 9 12 9 9 6 8 9 12 10 11 10 10 7 11 11 6 10 11 11 8 6 5 9 6 6 
11 11 12 5 6 5 7 8 11 5 6 6 11 5 10 7 9 8 8 11 10 9 5 12 8 8 9 7 7 6 7 7 12 11 12 11 10 6 6 8 7 5 7 10 6 5 10 7 6 12 5 12 12 
5 7 12 12 5 12 6 6 12 7 7 7 5 7 9 12 9 5 10 6 8 5 7 11 10 11 10 9 6 8 9 9 9 5 10 9 9 7 12 10 10 12 7 11 9 12 7 6 7 12 5 10 8 
7 7 8 12 6 8 10 6 10 11 9 11 6 12 6 5 10 8 11 9 6 6 10 6 12 6 6 8 10 9 10 11 6 8 7 11 10 10 9 11 10 9 12 5 11 12 11 10 7 10 9 10 6 
5 12 5 7 5 6 11 7 7 6 10 9 5 6 6 8 7 6 6 9 11 10 5 11 9 7 5 11 10 12 11 12 11 7 7 12 12 5 10 5 6 5 5 9 11 7 7 7 8 9 7 6 9 
11 11 7 12 12 9 9 9 12 12 7 8 12 10 12 11 10 11 9 6 9 12 6 12 9 12 8 12 11 6 10 12 7 9 7 12 9 5 6 6 10 7 7 12 11 6 6 11 7 7 6 7 9 
6 7 8 12 6 10 11 10 11 12 11 7 6 10 9 6 8 5 9 12 10 6 8 12 5 11 11 11 6 10 10 5 12 5 5 8 5 6 5 7 5 5 6 9 9 9 11 12 11 12 11 11 7 
9 11 8 5 10 12 6 7 5 6 6 6 7 5 12 9 12 11 11 6 5 6 7 11 11 11 9 6 11 11 8 12 11 5 5 8 12 5 8 12 8 12 10 12 6 7 10 9 11 12 12 12 11 
10 7 12 9 8 6 9 11 9 9 9 10 7 5 12 8 6 9 11 11 10 10 6 9 12 10 6 12 8 12 8 8 10 11 11 10 11 11 12 12 6 8 8 6 8 6 9 7 7 9 5 5 10 
6 12 9 10 10 8 6 8 9 9 11 7 9 10 7 10 9 6 5 9 12 8 8 8 10 9 9 9 8 10 6 12 7 5 5 11 11 7 10 11 5 9 5 8 11 7 8 7 6 8 7 10 12 
8 8 8 8 10 5 11 7 10 8 6 11 10 6 7 5 11 7 9 7 6 6 5 8 11 12 10 11 11 9 10 10 9 5 7 7 6 12 6 12 5 9 10 12 11 12 5 9 11 6 11 6 10 
12 7 8 6 11 9 9 12 12 8 5 11 8 5 9 11 5 8 8 10 9 8 8 8 6 5 5 9 7 7 12 11 10 12 11 8 6 6 7 6 7 12 5 6 8 11 5 10 9 11 12 10 9 
6 9 8 5 7 10 11 9 8 8 9 6 7 9 9 5 9 12 8 11 6 10 9 6 8 11 10 7 7 6 5 8 6 6 5 8 12 9 10 5 11 10 6 9 5 10 8 8 8 10 9 8 7 
12 6 10 12 11 5 8 10 8 11 8 8 6 5 8 11 8 6 10 10 10 8 10 8 6 6 5 5 8 10 5 6 11 11 11 7 5 9 12 6 8 12 6 10 11 9 12 12 9 6 9 12 8 
9 10 7 5 11 7 7 6 11 11 12 7 9 9 10 9 7 10 11 8 7 12 6 12 9 5 7 11 11 9 10 12 7 8 10 7 7 12 7 12 12 9 8 9 7 5 12 7 7 10 7 7 5 
10 11 9 5 11 5 6 6 11 10 7 10 5 10 12 10 12 12 10 12 8 10 7 7 7 5 7 9 6 12 5 6 7 10 10 12 5 6 9 5 6 6 7 12 9 6 5 11 8 6 8 5 7 
10 10 8 6 6 10 5 11 9 10 10 12 9 7 7 12 8 6 9 11 6 5 12 11 7 8 12 8 5 6 5 7 9 11 9 11 6 6 10 12 7 5 9 9 11 8 6 7 5 12 9 10 9 
10 9 11 11 7 11 11 10 12 5 8 6 8 11 5 6 5 9 7 5 8 10 5 5 5 9 7 12 11 7 10 7 12 12 10 12 8 9 10 12 10 5 9 9 11 6 5 12 5 10 12 11 11 
7 8 9 7 8 11 6 11 9 12 8 5 5 8 10 5 5 5 12 8 12 10 11 10 9 11 10 8 5 12 9 12 6 12 6 12 11 12 9 12 8 7 5 11 12 12 11 12 9 10 8 7 12 
5 11 7 6 6 8 12 10 7 8 12 8 6 12 5 9 9 7 7 12 12 12 8 8 7 9 7 11 12 10 5 11 7 9 9 11 7 12 11 8 12 7 11 12 9 12 11 11 11 8 10 5 10 
8 11 11 9 11 5 12 9 10 12 10 11 5 8 9 5 8 12 8 11 7 9 12 10 5 12 9 10 11 6 10 10 6 11 11 9 10 6 12 10 6 10 9 6 8 11 8 9 11 6 11 6 6 
7 6 12 7 10 11 5 8 12 12 12 8 10 9 7 5 10 11 6 8 9 8 11 10 12 8 10 6 11 6 11 6 11 12 5 11 12 8 5 7 10 11 7 5 7 5 12 12 9 9 6 8 7 
6 8 9 10 8 9 8 10 12 10 7 7 12 5 8 9 10 9 9 10 7 12 6 10 6 8 7 11 5 9 12 6 12 5 7 5 10 5 9 11 12 12 7 9 6 5 6 11 7 10 5 10 8 
10 10 11 6 10 7 8 8 8 6 5 11 12 11 5 12 7 9 6 5 8 8 11 12 5 6 9 8 7 11 12 6 10 9 10 11 11 11 8 10 10 5 12 8 10 5 11 7 7 9 11 8 7 
9 12 12 12 6 11 5 9 12 7 8 11 11 7 6 10 12 11 11 8 10 11 6 9 6 5 11 12 8 11 5 9 11 11 8 11 9 9 6 8 6 10 7 6 9 10 7 8 8 9 11 10 12 
10 12 9 5 12 7 7 7 12 12 5 5 10 6 9 12 11 10 11 12 7 11 11 10 12 5 5 9 11 9 7 11 9 9 10 11 9 5 7 12 7 12 12 7 8 7 7 9 9 10 11 11 5 
12 9 7 11 10 8 7 7 7 7 7 8 6 11 6 10 11 5 9 5 7 5 10 5 10 5 7 11 6 7 5 12 10 8 6 9 12 9 9 7 11 12 9 7 11 12 8 8 10 8 6 12 11 
9 12 9 9 10 6 9 6 8 9 12 12 9 9 12 12 10 7 9 6 12 8 6 8 6 9 12 10 9 9 5 9 8 8 12 10 6 7 11 10 5 8 5 11 12 8 5 10 8 9 7 7 7 
5 6 5 9 7 5 10 7 12 9 9 9 11 6 6 10 9 10 10 7 8 7 8 8 9 5 6 6 7 7 8 6 6 5 9 12 12 10 12 12 7 7 11 12 7 7 5 6 5 12 5 5 12 
10 8 6 6 11 8 10 10 11 7 8 5 12 5 8 7 5 6 5 8 6 6 10 11 8 7 9 9 11 12 8 9 7 6 6 6 6 7 12 10 10 5 6 10 12 10 12 9 5 9 12 9 8 
11 11 7 7 11 12 7 5 7 8 9 12 9 7 10 8 12 5 5 12 10 8 11 11 5 9 9 10 5 9 10 12 10 6 12 5 11 7 7 12 6 12 11 10 8 9 9 8 7 12 5 9 6 
5 10 11 9 6 7 12 10 11 9 10 11 12 9 11 5 9 7 6 8 5 7 10 12 5 11 6 8 11 9 9 9 6 7 11 5 12 12 11 7 11 8 10 6 5 6 7 10 10 9 5 7 10 
6 10 5 11 9 10 6 7 10 12 10 10 8 10 8 11 6 7 6 9 6 12 10 8 12 11 10 11 12 8 9 12 7 12 11 10 9 12 11 11 6 10 10 10 7 10 11 10 8 8 5 12 12 
8 9 5 10 5 12 12 9 7 7 10 10 7 5 11 6 12 5 12 8 11 9 6 11 10 6 10 7 6 5 12 8 6 9 5 8 7 10 12 7 9 9 5 8 10 5 5 5 10 5 5 5 7 
7 5 5 10 9 10 5 9 6 10 12 6 11 8 7 8 10 12 6 8 7 5 7 7 9 9 8 6 11 12 7 6 12 7 12 10 11 11 9 9 7 6 8 8 7 5 6 8 5 11 7 11 8 
9 10 5 10 7 6 9 7 9 5 9 7 5 8 10 6 12 11 7 10 7 11 5 12 5 5 7 11 10 8 10 5 10 6 12 8 6 7 9 8 5 7 6 9 7 9 10 8 6 12 9 5 6 
5 11 12 7 12 5 12 9 11 6 6 7 5 12 10 6 12 7 7 8 6 7 11 12 8 10 10 9 11 9 9 11 6 11 5 12 12 10 7 7 8 5 11 9 6 5 10 8 12 12 5 9 9 
10 10 5 12 10 12 12 8 5 6 5 7 6 8 11 12 6 5 12 6 8 12 7 10 7 6 12 7 6 7 9 8 9 9 9 6 11 5 7 12 7 12 12 7 10 5 5 5 9 7 9 5 7 
9 10 8 10 7 9 6 7 8 7 12 10 7 9 12 11 7 11 6 6 10 9 6 9 11 10 6 11 10 6 5 11 9 9 8 6 5 8 8 6 7 12 12 7 11 5 8 11 8 8 6 9 9 
12 5 10 12 9 7 12 9 10 7 10 5 5 10 12 8 9 5 10 11 7 8 7 6 12 10 12 9 6 5 10 9 12 10 12 6 11 8 5 11 6 10 6 5 6 7 10 7 11 6 5 5 9 
8 10 8 6 8 12 10 11 9 8 10 10 8 9 10 7 10 12 7 9 6 5 9 11 6 9 12 6 10 6 5 10 5 8 9 5 12 5 11 10 5 11 12 5 12 8 8 6 12 10 6 12 12 
9 8 5 7 10 5 11 9 5 11 9 7 9 8 6 6 6 11 9 6 11 7 6 8 9 8 7 6 8 8 7 11 9 12 11 11 11 11 10 11 10 7 7 12 5 7 12 12 6 11 8 6 8 
10 12 11 12 9 11 9 12 5 9 11 12 11 6 9 6 5 10 9 5 8 11 6 12 12 12 8 7 12 9 12 10 6 8 6 9 5 10 12 8 5 11 12 12 6 5 9 9 5 12 10 6 7 
6 12 6 8 9 9 8 12 9 9 9 11 10 8 8 10 11 7 11 7 12 7 8 5 9 12 6 9 7 7 5 12 7 6 11 11 9 8 9 11 10 11 5 9 9 9 9 9 7 11 12 12 5 
12 8 8 10 9 12 11 12 6 10 7 7 5 11 5 12 12 10 11 12 12 7 7 6 9 5 9 5 7 5 12 5 9 12 6 7 8 11 9 11 10 6 8 5 8 7 5 12 5 11 10 7 12 
5 7 8 9 10 12 5 11 5 7 5 8 12 8 9 9 11 11 11 8 7 6 10 8 5 12 6 11 12 9 10 9 9 7 8 8 9 8 9 7 12 5 12 8 8 6 7 5 12 11 12 10 6 
11 6 11 7 10 12 7 5 8 5 5 9 8 5 6 11 7 7 12 10 6 11 9 8 8 10 11 6 8 8 7 12 5 8 11 11 7 6 8 7 7 9 8 7 10 8 12 6 7 7 9 7 9 
10 12 5 6 9 12 9 9 12 7 7 5 9 7 11 11 12 6 8 6 6 8 9 5 9 9 12 8 10 7 11 7 8 8 5 8 5 7 5 7 11 11 9 10 8 8 6 6 5 10 9 12 11 
7 9 8 7 5 11 12 8 5 6 8 6 6 9 5 5 12 10 10 10 10 9 6 6 5 11 7 9 11 11 11 9 5 6 12 10 9 5 9 8 11 9 12 11 12 10 6 10 11 8 9 12 12 
6 7 10 6 12 7 9 10 12 9 7 8 7 10 12 12 9 9 11 9 10 10 8 12 6 11 12 5 8 6 7 9 10 7 5 12 8 6 5 5 6 6 6 10 6 7 10 6 7 10 8 8 10 
12 12 6 7 12 10 9 8 7 11 10 12 12 7 6 7 12 12 6 7 12 5 10 10 6 7 7 7 5 8 7 10 8 8 8 12 8 5 7 10 5 9 6 12 6 7 12 9 8 7 12 9 10 
5 9 11 6 9 8 9 9 10 6 8 7 12 12 12 9 12 8 12 8 9 6 10 7 6 6 6 12 5 8 11 7 6 6 9 6 8 8 5 8 7 6 6 8 7 9 9 5 8 11 8 8 10 
9 6 5 11 5 6 6 7 9 12 12 7 9 12 7 5 8 11 8 7 6 11 5 10 8 10 5 8 8 12 5 5 7 8 10 7 8 9 7 12 7 6 9 9 10 12 9 8 7 11 10 9 6 
6 5 12 8 7 9 5 8 10 6 9 8 8 12 9 8 7 7 5 11 8 6 11 10 10 12 8 5 5 6 5 6 9 7 6 9 8 9 7 10 9 12 7 5 6 12 10 11 9 5 10 12 10 
10 6 8 12 8 5 10 9 12 12 7 11 12 7 11 5 12 5 6 9 7 7 5 11 9 10 11 5 11 10 10 12 7 9 12 11 12 9 7 7 12 6 9 12 12 8 7 6 11 7 12 9 7 
8 9 5 5 8 8 12 7 6 5 6 11 5 7 8 9 9 11 8 5 11 10 12 6 8 12 11 6 7 5 11 12 10 7 5 6 12 8 7 10 5 6 8 7 10 8 9 7 8 6 10 8 9 
12 11 12 8 11 12 5 10 8 6 5 7 9 12 5 7 5 12 12 8 12 11 11 7 7 8 6 12 9 7 5 11 6 9 12 8 11 9 8 11 6 11 11 12 7 8 10 9 7 5 5 6 7 
5 6 12 5 11 6 5 11 5 12 7 9 6 7 7 12 11 7 8 6 8 6 12 7 11 5 9 12 9 12 8 8 7 10 10 9 12 6 12 12 6 5 5 11 10 5 6 6 8 9 9 8 6 
6 12 11 11 5 8 6 7 11 5 6 10 5 9 11 10 8 9 5 9 7 7 6 5 6 12 10 10 7 7 12 5 11 7 10 10 12 6 5 9 8 6 10 12 8 8 12 5 10 11 5 5 12 
10 10 8 10 10 7 7 9 10 11 5 5 11 5 7 8 10 7 6 12 11 10 7 11 8 11 5 5 11 12 12 10 9 6 9 8 7 5 9 7 9 12 7 11 8 11 10 10 12 6 6 7 11 
8 9 6 9 8 9 8 8 11 5 9 9 10 9 9 12 5 6 8 5 7 9 6 8 12 11 10 5 9 9 8 7 11 12 8 10 11 11 5 11 8 8 11 5 6 9 5 9 6 8 6 5 5 
5 6 8 9 10 7 5 9 7 9 6 12 7 10 11 5 10 10 12 6 5 7 11 11 7 12 5 8 6 7 10 5 9 11 10 8 7 11 11 12 8 8 9 10 10 5 5 5 7 8 10 10 12 
12 11 7 5 5 8 11 8 12 11 7 7 12 6 12 10 12 8 5 12 6 8 5 12 7 8 12 8 7 5 6 5 11 6 5 10 10 12 8 5 5 9 12 6 11 12 10 11 11 11 9 11 11 
10 6 7 8 11 8 6 7 6 9 8 12 12 10 6 9 6 6 7 10 12 11 6 6 10 12 10 8 5 10 6 6 7 11 10 10 7 12 9 8 5 11 6 7 12 8 8 11 9 6 5 10 11 
12 6 6 11 9 7 10 6 7 11 9 8 7 5 11 12 5 10 9 9 5 5 11 7 6 10 8 11 7 7 6 6 7 8 11 5 9 11 11 5 8 11 10 5 7 8 12 9 5 7 11 11 6 
6 10 12 5 11 8 12 9 6 6 7 5 11 12 9 5 12 9 10 6 7 10 5 5 12 5 6 11 10 6 10 7 10 10 12 12 11 10 5 12 8 10 11 5 7 11 6 12 12 5 7 8 5 
9 9 8 7 6 12 7 9 10 7 6 7 12 7 11 10 8 6 9 6 10 5 8 12 6 12 6 9 7 9 6 7 7 8 8 10 7 11 10 6 7 10 5 7 8 12 10 8 8 6 7 8 6 
11 5 10 6 5 12 5 7 11 9 12 11 11 6 6 7 10 10 7 12 10 12 8 6 11 10 6 11 6 6 7 5 5 12 10 11 7 5 6 5 10 8 11 7 10 9 9 8 10 10 6 11 8 
9 12 5 5 10 10 8 5 7 9 8 12 5 10 5 10 9 6 8 9 11 6 9 12 9 12 8 10 7 10 10 11 6 10 6 10 11 5 9 12 9 8 7 8 9 11 11 7 9 12 9 6 10 
12 10 9 7 8 7 11 11 11 10 12 10 10 9 9 11 8 12 10 12 10 10 8 7 6 7 6 12 8 8 9 6 5 10 11 10 12 7 12 5 9 10 10 6 11 6 11 12 9 10 8 9 9 
8 5 7 9 7 6 10 10 5 12 6 9 8 7 10 7 7 6 6 12 12 6 9 7 5 8 6 9 11 6 7 12 11 6 10 6 12 7 11 10 7 12 11 8 6 8 8 11 6 9 5 12 6 
7 11 5 5 6 7 9 7 11 6 10 9 12 7 11 5 11 8 8 8 11 12 10 10 11 11 7 5 12 10 9 10 6 12 5 8 8 9 8 6 7 7 5 11 6 6 10 12 7 8 12 6 9 
9 7 5 11 11 11 12 8 5 11 6 11 5 8 12 12 12 5 7 11 9 12 9 5 8 10 7 6 12 6 10 6 10 7 7 6 9 7 11 12 7 10 10 5 5 12 10 11 6 10 12 7 12 
7 11 9 12 10 7 6 11 6 12 8 8 11 7 12 11 11 9 9 7 7 8 5 5 10 10 12 9 6 11 11 8 6 8 9 10 12 12 7 5 12 12 10 10 9 7 7 12 7 8 6 5 8 
6 10 11 10 11 8 12 9 12 5 6 9 9 5 11 7 6 10 10 9 9 10 8 10 5 12 9 11 6 12 10 6 6 5 9 5 7 6 8 11 9 8 5 8 6 7 5 11 5 7 11 11 12 
9 11 7 10 5 12 7 12 10 5 10 6 5 7 9 12 7 12 12 9 10 6 11 7 12 11 8 8 5 7 12 6 6 10 6 6 10 12 11 10 10 6 10 6 11 11 8 11 10 8 12 11 12 
7 11 12 7 10 6 9 5 6 10 5 10 5 9 9 11 9 7 7 9 6 8 8 7 7 8 12 8 12 11 8 5 11 6 5 6 12 5 6 6 9 7 9 12 5 7 10 7 12 12 5 9 12 
11 11 8 11 11 6 9 9 9 8 5 7 5 9 9 8 5 8 9 7 9 12 5 9 7 11 6 12 8 10 10 8 10 6 6 5 7 11 12 6 6 11 6 5 9 9 9 6 7 6 5 8 10 
12 12 9 11 10 9 9 5 7 11 11 7 10 10 7 6 9 10 11 11 8 6 12 8 5 6 7 9 10 11 12 9 10 10 6 10 8 8 12 9 12 5 12 9 7 12 8 7 9 10 9 6 9 
5 12 12 5 7 10 12 10 11 12 6 6 7 7 12 12 10 12 6 9 8 11 8 5 11 9 10 11 5 7 8 12 12 6 12 8 5 7 9 7 12 8 9 8 10 12 9 8 8 9 10 5 11 
8 12 11 8 9 7 7 10 6 10 10 10 8 7 8 7 7 6 9 6 6 10 8 11 5 9 10 9 12 7 9 6 12 5 10 11 8 6 12 10 12 11 11 8 5 7 11 6 9 5 8 11 8 
9 5 12 11 12 12 6 12 12 6 10 6 11 11 11 7 7 12 5 11 10 6 6 10 11 10 9 5 5 12 8 5 6 8 10 5 10 12 6 9 9 10 7 7 6 12 8 12 10 5 10 10 9 
5 11 9 11 5 9 12 5 12 8 5 9 9 8 12 11 10 10 12 6 5 12 6 7 5 12 9 7 8 9 10 7 6 8 9 7 12 6 5 7 9 9 9 10 8 12 6 8 8 10 11 11 9 
10 11 12 8 12 6 6 12 12 10 11 10 12 11 7 6 7 8 10 11 11 8 9 5 6 5 7 5 5 9 8 12 9 6 6 11 10 10 8 11 8 10 7 9 8 6 11 12 12 6 6 10 7 
11 7 7 7 9 9 8 12 11 5 7 7 8 6 8 6 5 11 11 8 11 10 11 12 10 11 6 7 5 11 6 5 8 10 8 7 8 7 10 6 11 10 10 7 8 10 5 8 7 8 6 10 11 
12 7 7 7 7 12 5 8 9 6 12 9 11 6 5 12 7 11 12 8 7 5 7 6 12 11 7 9 8 10 6 5 5 6 9 6 7 6 9 12 8 11 5 6 11 10 10 5 11 11 5 10 12 
8 8 11 10 9 11 10 10 7 5 6 5 8 12 6 12 12 9 11 8 5 7 5 9 12 5 9 10 9 10 10 10 10 9 6 6 9 5 10 5 7 7 8 5 5 5 7 12 5 5 12 9 12 
11 8 12 11 7 10 11 6 10 7 7 5 11 7 7 9 5 10 11 9 11 10 11 5 7 10 9 10 6 7 11 8 8 7 6 8 7 8 8 11 6 9 5 7 5 6 5 10 10 8 11 12 9 
12 8 8 7 6 9 11 12 5 7 8 7 8 6 12 6 9 8 6 6 9 10 8 8 12 7 12 5 7 12 9 11 7 5 5 8 11 6 8 6 5 11 6 8 5 12 5 12 7 11 7 9 6 
8 10 11 9 7 7 5 12 8 8 7 10 8 5 8 10 6 8 5 7 9 8 10 5 7 11 8 9 9 8 8 8 6 12 7 11 12 10 11 9 6 8 5 5 11 8 7 10 11 5 8 12 7 
7 5 9 9 8 11 8 10 7 10 8 11 5 12 12 6 7 6 5 6 11 6 9 12 6 6 11 12 5 8 11 7 11 11 8 9 10 12 10 6 5 8 5 9 6 9 11 5 12 7 9 8 7 
9 5 5 7 5 6 9 9 12 12 7 11 9 10 8 11 12 10 5 11 10 7 7 7 7 8 10 10 6 12 12 5 8 9 12 10 11 10 9 9 5 8 9 9 10 7 12 9 10 5 7 6 7 
6 5 8 5 12 11 9 10 6 11 5 8 6 11 8 9 7 6 5 11 6 12 11 12 8 6 5 7 5 5 9 7 11 11 8 12 6 9 8 12 7 11 7 11 11 9 9 6 5 7 12 5 6 
8 10 7 12 6 6 10 9 5 10 11 5 9 9 11 7 5 9 11 8 5 11 9 8 6 5 11 5 12 7 11 9 5 6 12 11 5 6 12 9 8 11 11 5 7 9 11 5 5 10 8 8 9 
8 9 5 10 12 8 6 6 6 7 6 11 6 11 6 9 11 5 6 7 10 6 10 5 9 11 10 10 12 10 7 8 7 12 11 5 5 12 9 11 9 6 5 10 12 11 12 11 6 12 7 8 8 
5 12 11 9 5 6 5 7 10 6 8 8 10 9 7 10 7 12 12 8 11 6 10 6 5 5 12 7 10 12 5 12 7 11 10 8 6 7 5 10 8 12 11 11 10 8 8 9 10 9 9 11 12 
10 11 5 8 10 10 6 6 6 5 8 5 8 8 8 8 7 9 7 11 9 8 8 12 7 8 11 5 8 11 9 9 8 5 9 5 10 7 10 9 12 7 10 7 10 6 7 11 5 11 12 11 6 
6 6 10 6 7 8 7 7 8 11 11 8 8 10 11 5 10 5 11 6 5 11 12 9 5 6 6 10 10 10 10 10 7 7 9 5 6 7 9 8 10 9 10 11 5 7 11 12 11 5 11 12 6 
11 12 6 11 5 10 5 6 9 5 5 10 9 11 5 11 9 11 11 7 11 5 8 10 9 5 6 9 11 9 7 10 10 9 8 10 12 7 6 7 9 7 7 7 5 8 5 8 7 12 6 9 8 
5 8 8 9 8 11 6 7 6 6 9 8 8 7 9 10 12 6 5 9 6 9 6 10 8 5 11 7 12 11 7 10 9 9 8 12 5 11 9 8 10 10 11 12 12 12 7 8 9 11 8 11 10 
10 7 10 10 6 6 9 12 10 8 7 10 5 9 5 11 7 10 8 12 10 8 7 11 6 6 7 7 8 8 5 12 11 10 11 6 7 7 7 12 9 6 8 7 11 10 11 11 6 9 5 5 6 
8 9 5 5 5 5 6 10 5 8 12 11 7 6 5 8 8 7 11 10 8 5 9 12 5 5 12 9 7 8 12 6 11 10 11 9 12 10 5 11 7 12 9 10 6 11 7 10 8 11 10 12 6 
6 8 7 9 12 7 7 10 9 10 11 10 10 5 11 11 8 5 10 6 8 11 8 7 10 11 11 7 9 8 8 8 10 11 12 6 8 11 8 11 7 7 12 11 8 10 10 10 5 5 7 11 6 
12 6 10 10 10 6 12 10 6 12 6 10 10 12 11 9 9 12 10 12 10 9 7 6 10 7 9 10 6 11 12 12 9 11 8 5 11 8 9 5 11 11 8 6 7 6 10 7 9 12 8 6 11 
11 7 10 7 9 8 7 8 5 11 11 5 7 7 9 7 11 5 12 9 10 6 6 7 10 10 9 10 7 11 6 11 9 9 5 6 8 8 12 10 5 6 11 6 11 9 7 6 6 8 5 5 11 
9 10 5 8 11 9 5 5 5 12 10 11 7 6 10 12 7 9 5 12 7 11 12 6 12 7 7 10 11 9 9 5 7 10 7 9 6 5 9 7 12 8 8 10 8 7 9 6 6 5 8 9 5 
5 8 8 10 9 10 5 12 8 5 8 9 5 5 12 9 6 7 12 10 10 11 5 11 6 11 5 6 10 12 12 7 7 10 10 10 12 8 10 12 10 8 5 8 12 8 10 5 11 6 12 6 9 
6 12 10 12 9 9 5 6 8 6 7 10 9 11 11 9 9 6 11 6 11 11 10 7 8 9 10 6 7 8 8 6 7 8 12 9 11 11 5 9 5 5 12 6 6 11 7 8 12 11 10 6 5 
10 9 6 12 11 9 5 10 6 7 9 6 8 9 5 8 10 12 5 10 12 6 11 8 11 5 9 10 8 7 8 7 11 12 8 5 8 8 9 6 9 5 10 12 12 9 8 9 6 12 9 8 8 
5 9 8 9 5 12 10 5 12 5 9 5 10 7 10 6 9 10 12 6 9 9 9 12 12 9 5 8 12 12 7 11 9 7 6 8 7 8 5 11 7 5 10 8 5 9 12 7 10 8 11 7 11 
5 12 9 10 9 5 7 11 7 6 12 10 6 9 5 11 7 11 9 10 7 11 5 12 7 10 11 5 10 12 11 11 7 6 10 11 8 8 11 11 10 6 12 8 6 9 10 9 7 11 7 11 5 
11 10 7 9 5 8 9 10 6 11 10 7 6 8 7 6 7 12 11 5 6 9 11 7 7 6 9 9 6 5 12 5 11 10 6 7 5 8 5 6 10 5 6 5 5 9 7 11 10 11 11 7 7 
5 12 8 11 9 12 5 11 12 12 8 10 10 9 8 9 10 11 7 7 11 8 9 11 7 9 6 8 7 11 10 8 8 9 11 12 12 8 10 11 12 11 6 9 12 8 5 9 7 10 5 6 5 
8 10 7 10 7 8 10 9 11 12 10 8 12 6 11 6 6 10 5 11 9 7 7 7 11 6 7 6 10 7 7 9 7 10 10 8 7 10 7 8 11 6 12 7 11 10 7 8 7 11 10 11 6 
10 5 11 10 11 8 7 11 7 9 9 11 7 11 11 11 9 8 12 12 8 7 5 8 7 9 8 9 6 9 11 10 8 11 9 5 12 7 10 5 11 5 5 6 10 10 11 9 8 12 5 12 9 
11 8 9 5 9 8 6 11 11 11 5 10 8 8 5 9 10 8 8 12 10 11 6 10 9 6 11 6 12 12 12 11 7 10 8 11 6 8 12 9 8 12 7 6 5 9 8 9 9 8 5 10 9 
5 5 9 6 6 7 10 7 8 5 12 12 11 12 10 9 6 5 10 7 5 9 12 9 10 7 5 5 11 10 5 10 11 10 5 9 10 7 5 7 9 5 5 9 9 12 10 9 12 8 12 9 7 
9 6 5 5 11 5 6 7 8 12 11 11 12 7 11 11 10 7 9 8 6 6 7 6 10 11 7 9 5 8 5 8 8 10 8 10 11 9 11 6 8 9 7 7 5 7 12 8 8 8 7 12 6 
7 6 9 5 5 10 6 11 6 12 10 7 9 11 7 6 8 5 8 8 10 12 6 12 5 11 9 9 8 9 5 7 7 5 11 5 8 11 10 12 6 5 5 12 11 6 6 6 12 11 11 10 8 
11 9 9 9 8 7 5 6 6 12 8 8 12 11 10 11 9 5 7 7 9 7 9 8 8 6 10 11 6 9 12 11 11 7 12 10 5 8 12 11 7 8 9 8 12 9 12 7 5 7 12 11 8 
10 12 8 10 8 9 6 5 10 8 10 5 8 5 9 7 6 6 7 12 9 9 8 5 5 12 12 7 9 12 8 9 6 7 10 11 11 5 5 9 12 12 6 8 12 12 6 9 9 12 10 12 7 
10 7 6 8 8 10 6 10 5 7 12 9 9 7 11 7 5 8 10 9 10 8 5 12 10 9 9 8 12 12 7 11 11 7 8 9 9 9 11 11 8 7 11 5 10 8 12 5 9 6 7 8 9 
6 12 7 5 10 7 11 7 12 6 12 12 6 10 8 7 8 5 10 5 10 11 9 9 10 12 11 9 8 8 10 9 8 12 5 6 8 12 10 6 11 9 11 5 5 5 6 11 8 5 9 5 6 
7 6 8 8 11 12 6 6 7 6 10 8 5 7 6 5 8 6 7 9 7 7 7 12 9 10 11 9 10 8 6 5 5 11 6 9 10 5 6 8 9 12 12 5 8 12 11 7 10 6 12 6 9 
8 8 11 5 12 9 11 5 5 10 5 5 8 11 12 9 8 10 6 9 12 7 6 5 5 7 7 11 10 11 10 6 6 9 10 10 5 11 6 6 10 7 6 8 5 8 10 7 12 10 8 5 7 
11 12 11 8 8 5 10 11 6 5 7 10 11 8 7 12 11 9 12 7 7 10 6 11 11 11 5 9 7 5 5 12 8 7 11 7 8 8 8 8 12 6 12 11 12 7 12 9 8 6 7 10 8 
8 6 9 5 7 10 8 7 6 10 12 7 6 5 9 6 9 12 9 12 6 12 9 5 5 11 5 10 11 8 5 12 7 8 8 6 5 7 8 12 11 12 5 6 11 8 7 9 9 7 6 8 5 
8 5 7 11 10 7 9 9 7 7 10 8 6 6 7 7 11 9 12 12 10 9 6 12 12 8 11 6 9 8 7 11 7 6 9 8 9 7 12 7 11 9 10 11 5 5 6 11 7 12 9 8 5 
8 8 10 10 12 11 8 9 6 9 7 9 12 10 6 9 5 5 7 5 10 12 7 8 5 5 10 11 8 10 9 12 8 10 5 10 12 9 9 8 9 6 11 8 8 12 11 10 10 12 7 5 10 
8 6 5 12 10 12 6 5 6 5 8 11 6 5 11 6 5 7 5 8 6 5 10 9 6 8 11 5 7 8 10 10 6 6 12 12 7 8 8 11 7 5 8 9 11 10 6 12 7 12 9 11 9 
6 7 7 8 5 12 7 7 10 12 8 6 8 6 12 11 8 11 11 12 9 5 8 8 11 10 6 7 6 11 10 8 6 8 10 10 10 7 6 12 5 5 6 8 12 11 5 5 10 12 5 5 9 
7 10 7 9 8 11 6 6 12 6 9 5 5 11 11 6 10 5 6 9 10 12 12 10 10 6 7 7 6 7 10 12 5 6 7 12 8 11 10 11 11 6 5 10 5 9 6 11 5 9 6 5 5 
9 11 10 12 7 8 7 7 11 11 11 7 5 8 12 9 6 12 7 9 10 5 6 8 5 8 7 9 12 10 10 6 5 11 11 8 9 8 9 7 8 8 6 7 6 10 9 11 5 5 8 6 11 
7 9 8 6 10 11 5 5 12 8 5 8 6 6 7 11 7 7 7 6 9 5 10 9 5 10 7 7 11 7 9 8 5 11 10 12 12 7 10 12 10 7 9 11 10 11 9 5 5 7 7 6 7 
8 11 6 9 8 5 12 8 12 11 9 5 12 9 7 6 10 8 10 6 7 10 5 9 10 5 7 10 10 6 7 8 7 8 6 6 12 12 5 10 7 11 7 9 11 11 8 9 6 6 5 6 7 
9 6 9 11 11 10 6 8 5 10 5 9 9 8 12 11 5 9 11 7 10 9 8 10 8 6 11 9 5 8 12 9 6 7 12 5 12 5 10 9 11 5 7 7 7 5 11 8 8 8 10 6 7 
7 9 7 9 9 6 12 12 8 7 11 8 6 9 10 8 8 12 5 9 10 12 9 10 11 12 10 12 11 6 10 11 10 6 11 6 10 8 7 12 7 7 6 8 6 7 8 6 12 5 11 6 9 
6 7 9 12 5 8 9 9 9 12 6 9 6 6 6 8 11 10 5 12 12 9 5 12 8 8 7 8 6 12 11 8 12 8 5 8 8 11 8 10 10 12 7 12 9 7 10 11 5 12 6 8 6 
6 8 10 11 9 11 12 5 8 7 9 5 6 5 5 11 11 9 6 9 9 7 11 7 8 9 12 8 7 7 10 5 11 8 7 8 5 9 9 12 7 12 11 11 7 10 5 8 8 11 6 6 5 
5 7 8 7 12 9 11 9 9 10 9 9 6 12 7 10 9 6 9 9 7 7 5 12 11 8 5 9 7 9 9 6 10 7 12 5 10 5 6 11 12 8 10 8 10 8 8 9 12 11 6 5 10 
12 11 5 9 12 12 8 12 8 10 5 5 12 12 10 12 5 9 12 7 5 8 8 11 11 12 10 10 9 10 12 5 10 5 10 12 11 12 11 11 9 9 10 7 12 6 5 10 11 12 6 11 8 
12 9 10 5 9 5 10 7 5 6 8 9 11 10 11 12 5 11 12 6 7 5 8 9 11 8 11 6 7 7 7 9 12 10 6 7 8 10 5 5 7 11 9 10 5 6 6 8 7 8 6 7 10 
5 7 11 12 9 8 7 10 8 12 9 9 12 8 8 10 8 10 12 7 11 11 12 11 6 7 6 10 9 9 11 11 11 12 8 7 9 8 12 5 9 10 7 12 8 7 8 5 8 10 10 7 5 
12 8 5 10 11 6 6 8 7 10 11 7 8 10 6 8 12 8 8 10 8 11 11 11 12 8 10 10 12 9 7 11 12 5 11 10 5 9 11 11 5 12 8 9 11 9 7 6 11 8 11 11 7 
6 8 8 7 7 10 6 9 9 5 11 5 11 6 6 11 5 9 11 6 10 12 9 12 11 12 10 6 6 7 11 6 7 10 5 7 5 12 12 9 9 10 6 12 10 12 5 5 12 8 8 7 10 
6 7 12 10 12 6 5 9 10 12 5 6 8 12 12 11 7 11 11 9 6 11 12 11 6 8 12 6 8 10 11 7 5 10 11 5 6 8 7 9 6 12 6 12 12 11 8 8 5 12 8 9 9 
12 10 5 5 7 8 10 10 8 8 6 11 11 8 5 12 9 12 7 9 12 7 8 5 11 8 12 5 7 7 10 12 7 9 8 8 10 8 8 12 12 6 9 7 10 11 9 5 9 5 10 5 11 
8 10 11 12 7 7 7 12 9 11 5 6 7 5 6 8 12 8 7 12 6 7 9 7 5 9 9 7 10 10 9 11 10 10 6 5 11 10 11 11 5 12 6 7 12 11 9 11 6 11 12 9 8 
9 9 10 6 6 8 5 10 8 12 10 5 9 6 7 12 12 9 12 12 6 5 10 9 10 8 9 12 8 10 10 11 6 7 10 5 6 10 9 6 10 8 9 8 6 11 11 11 6 9 6 6 8 
12 9 6 10 10 11 6 7 8 9 8 6 11 8 11 11 7 12 6 11 12 8 11 10 5 7 8 7 11 10 10 10 10 10 10 12 9 9 5 8 8 12 6 9 5 12 7 5 8 6 9 8 8 
7 8 12 5 11 10 7 7 8 9 5 6 7 6 7 12 11 9 12 9 5 6 8 5 6 10 11 11 6 7 11 12 5 12 12 9 9 9 6 5 8 10 8 10 6 9 12 11 8 9 11 10 10 
8 10 12 6 12 5 9 6 9 11 8 12 10 10 10 7 7 5 6 9 5 11 5 8 12 10 6 9 5 11 5 11 11 8 8 11 12 11 11 12 7 9 12 10 8 7 9 7 9 11 8 5 12 
6 7 12 7 9 6 6 6 6 9 10 7 8 10 7 10 6 7 9 8 11 8 8 6 10 12 7 10 8 12 10 5 10 8 12 9 9 9 7 12 11 6 5 6 12 11 8 8 5 7 5 5 11 
12 6 5 11 5 7 8 5 11 9 8 6 8 6 10 11 8 12 7 11 12 6 5 12 9 7 11 8 9 8 5 9 9 11 5 11 10 9 11 9 11 10 6 11 7 11 11 6 11 5 6 12 12 
11 7 6 6 11 6 8 7 9 9 12 5 9 5 9 5 12 12 12 6 12 7 8 5 11 12 10 11 9 9 8 12 5 10 12 9 6 6 12 8 10 9 12 9 6 6 5 5 7 11 7 11 9 
10 5 11 6 12 8 6 9 9 7 5 11 6 5 9 6 6 12 11 9 12 9 6 11 7 7 10 11 7 9 9 7 8 10 7 11 12 7 6 5 6 8 7 7 12 10 8 12 12 8 10 7 11 
12 10 8 9 8 11 8 9 10 10 7 8 8 10 12 12 7 9 5 7 11 11 7 11 10 5 8 8 9 12 11 5 12 7 5 12 8 10 6 8 11 5 9 11 6 5 7 11 9 9 8 12 8 
7 12 5 5 8 10 12 6 9 7 10 9 12 9 7 5 6 12 5 10 10 5 8 12 6 5 9 12 5 8 7 8 5 6 7 12 9 10 5 8 9 9 12 11 8 6 10 9 7 12 8 10 9 
10 8 11 7 6 7 8 12 11 6 10 11 5 11 5 8 7 5 6 12 11 9 11 5 10 6 11 5 12 8 8 10 10 11 10 6 9 5 6 8 10 9 6 11 9 9 11 5 10 12 8 10 11 
9 9 10 6 11 11 9 5 5 6 5 11 8 9 5 8 10 5 8 5 9 12 12 9 9 11 8 11 10 6 12 10 5 11 7 9 8 10 9 6 8 11 10 6 7 9 11 9 7 5 12 12 5 
5 5 6 9 7 9 10 6 9 8 7 5 11 12 5 6 7 6 9 9 7 10 10 9 8 8 5 11 6 12 6 7 9 8 8 12 6 9 7 8 8 7 12 8 8 9 8 12 11 9 5 7 11 
11 9 6 9 12 12 7 9 8 12 12 6 12 7 8 8 6 10 9 11 10 7 6 11 6 11 11 12 8 9 11 6 6 9 6 9 7 6 11 5 8 7 6 6 9 11 6 6 9 10 9 11 7 
9 9 10 11 6 11 12 12 6 12 9 12 12 7 10 9 10 6 11 12 12 5 8 7 11 5 7 11 8 7 7 8 10 6 7 9 9 11 11 6 12 11 10 11 8 12 11 10 9 8 9 5 6 
9 5 6 8 5 11 10 12 12 7 11 10 8 10 6 12 11 7 5 10 8 11 5 5 11 5 10 12 10 10 9 12 8 11 6 10 8 11 8 6 7 12 10 8 5 10 11 6 5 10 8 10 10 
11 8 5 12 6 9 8 12 11 9 5 5 5 8 9 12 6 12 5 9 5 12 5 5 7 9 9 6 11 9 10 10 11 6 7 9 8 7 8 5 6 6 10 6 8 10 5 9 12 5 10 9 10 
8 10 9 9 6 11 9 11 7 11 7 10 6 10 7 11 5 11 6 10 6 11 12 6 5 6 8 6 5 6 8 12 8 5 9 9 12 5 12 9 10 5 10 8 8 7 9 6 9 8 7 7 11 
8 6 6 10 11 9 11 11 7 6 10 11 6 12 6 9 6 7 5 10 8 10 6 12 6 12 9 12 8 7 6 12 9 12 8 7 5 11 11 7 5 10 12 9 7 11 8 7 8 11 8 7 11 
8 11 9 7 11 12 7 11 6 5 8 5 8 5 6 12 6 6 9 10 12 10 10 6 5 7 5 9 8 8 9 8 11 7 9 9 12 8 8 9 5 7 9 5 8 12 5 8 12 5 9 12 6 
5 6 5 11 12 10 10 5 8 8 5 12 10 12 5 7 11 9 10 12 9 6 9 12 5 6 8 10 7 7 5 5 12 5 10 12 7 8 11 10 5 12 11 11 5 8 12 5 8 9 5 10 5 
7 9 5 9 7 6 11 5 11 11 12 8 8 5 9 6 6 12 9 9 5 10 7 7 6 11 6 12 7 11 8 10 12 5 10 6 10 8 5 5 5 7 9 7 5 8 10 11 12 12 7 11 11 
9 9 9 6 5 9 9 5 12 5 9 5 12 5 7 6 7 8 10 5 8 12 11 5 10 6 5 10 5 7 11 7 10 8 9 8 9 7 6 10 8 10 9 10 7 11 9 11 11 5 9 12 8 
6 12 9 10 6 5 8 5 7 10 7 11 5 9 5 6 7 12 6 7 6 10 11 7 6 6 9 11 12 12 8 5 7 8 7 9 9 9 6 5 7 7 5 5 7 9 11 5 10 10 9 8 10 
12 8 9 6 5 8 9 12 10 11 8 6 9 9 7 8 11 5 5 8 10 7 8 7 7 12 6 8 8 11 5 6 8 9 8 11 7 8 11 6 11 11 9 12 7 5 11 10 11 11 12 10 12 
7 11 5 5 6 9 8 6 12 12 9 5 7 11 11 11 9 10 9 8 10 8 8 8 5 7 8 7 9 12 12 12 12 8 8 11 11 6 10 5 12 6 12 11 8 9 9 9 11 6 6 8 6 
12 11 6 8 9 10 10 8 11 7 10 5 5 8 7 10 12 7 12 12 11 6 11 5 11 11 9 7 7 12 11 9 7 12 8 6 10 7 9 6 10 10 7 12 11 6 11 10 5 7 12 10 10 
8 12 7 9 10 12 11 12 12 9 10 7 12 7 6 10 7 6 5 9 6 9 8 10 10 6 5 7 9 11 7 12 9 6 5 11 5 9 8 6 6 11 9 5 11 10 10 9 11 7 11 8 10 
11 9 10 11 9 10 11 6 11 12 10 10 10 6 9 12 8 7 6 9 9 6 9 8 9 9 7 11 7 10 6 7 10 7 10 10 11 9 8 6 12 7 10 11 7 12 10 9 10 6 10 5 9 
9 10 12 12 11 11 6 11 9 5 5 8 10 12 7 12 10 8 7 12 10 12 11 5 6 7 10 6 7 10 12 5 10 10 6 12 8 6 5 5 8 11 11 12 10 6 9 12 5 9 12 5 12 
10 11 5 11 8 7 12 9 8 11 12 9 7 7 8 9 8 8 12 6 9 10 7 7 9 8 12 10 12 11 7 12 11 10 6 5 5 9 5 11 10 5 6 6 10 6 9 12 9 6 9 5 6 
9 7 9 5 6 11 9 9 5 8 12 6 9 8 11 6 7 8 7 9 8 12 9 11 12 6 10 9 7 11 12 12 9 6 9 9 8 10 11 8 9 10 11 12 7 11 5 10 11 5 12 5 12 
5 10 10 8 7 11 7 12 10 11 9 9 12 5 7 8 8 6 9 8 12 9 5 5 8 11 10 10 12 10 6 10 10 10 6 12 12 8 5 5 6 10 6 10 7 7 5 6 5 11 11 9 7 
6 8 10 6 6 7 6 6 9 12 10 9 7 8 5 6 7 9 9 8 10 11 12 9 5 12 10 9 11 7 5 10 10 7 7 6 12 6 7 10 9 6 11 12 11 8 5 12 10 12 9 7 9 
8 6 10 9 12 11 5 12 5 11 5 5 8 12 6 6 10 5 9 10 6 6 11 12 6 12 6 7 5 5 12 8 5 8 8 9 5 9 8 8 5 12 8 7 12 8 8 12 10 6 10 12 10 
10 12 12 10 9 5 8 6 11 5 7 9 12 5 7 6 5 10 5 7 8 12 8 11 12 12 7 5 5 5 7 11 8 9 9 12 5 7 12 5 6 12 7 6 7 9 10 8 7 11 5 10 6 
8 8 5 7 8 5 12 8 10 11 8 7 10 5 11 8 7 11 11 12 9 6 10 12 10 9 11 6 12 7 7 7 12 8 10 10 6 8 7 8 10 9 11 8 5 7 8 9 10 12 8 6 10 
6 6 9 10 6 7 11 5 11 6 10 9 6 9 12 6 6 6 12 12 7 10 11 12 7 11 8 10 9 12 11 9 6 9 6 8 8 12 5 12 8 7 8 6 11 11 6 6 9 9 12 8 7 
6 7 6 5 12 6 6 9 7 12 6 5 5 12 5 7 10 5 11 8 10 8 12 8 8 8 8 8 7 10 7 7 7 12 12 9 11 11 7 12 8 8 7 5 8 11 8 11 8 10 9 10 7 
11 9 11 8 9 12 10 9 12 8 9 5 12 5 11 7 6 12 10 8 8 6 5 11 10 9 12 7 5 7 6 5 9 7 6 10 9 8 9 7 10 11 11 8 5 9 11 9 8 5 12 7 11 
10 5 6 9 8 11 7 6 11 12 5 9 5 8 8 10 6 12 9 5 9 7 7 7 8 9 9 8 10 8 5 10 12 12 9 10 6 6 8 12 8 5 7 11 12 9 8 9 5 11 7 12 9 
12 11 11 11 5 7 7 12 7 10 5 11 12 11 10 10 6 9 8 11 7 11 9 11 8 11 9 6 6 8 9 11 10 12 8 9 7 11 5 10 9 5 11 7 5 6 12 12 11 12 9 6 11 
8 8 10 7 9 8 7 5 5 9 7 9 10 7 10 8 12 9 12 7 8 12 8 5 8 6 5 6 7 8 8 10 8 11 10 5 10 6 11 8 7 6 6 8 5 8 7 6 12 11 11 7 9 
10 7 5 10 8 12 5 11 12 9 10 9 8 9 10 5 12 7 7 11 8 7 9 12 10 7 11 9 5 6 11 9 11 11 5 12 11 9 10 8 6 10 5 12 7 10 6 12 10 5 11 12 7 
11 12 8 6 10 5 12 12 5 9 7 7 5 5 5 7 5 11 6 6 10 9 9 9 10 9 5 7 12 10 9 9 9 7 9 11 9 6 12 11 9 11 5 7 11 6 7 11 7 10 12 11 9 
8 7 6 11 12 9 12 12 5 9 9 9 11 7 10 11 12 11 7 9 8 9 10 7 6 8 8 7 6 11 5 8 8 8 5 12 5 7 8 6 5 5 5 11 8 10 10 8 9 7 11 5 8 
12 9 9 7 9 5 6 7 12 6 6 11 10 6 5 5 9 12 9 8 5 6 8 7 9 12 9 12 9 5 6 10 6 12 7 7 10 11 11 5 12 11 11 8 6 11 7 5 5 7 5 8 9 
11 7 6 6 8 5 5 9 5 10 8 7 10 11 8 11 9 6 7 6 7 7 7 12 10 9 11 12 10 11 12 9 12 8 6 7 5 12 12 7 12 12 9 7 12 5 8 11 8 7 7 9 8 
11 8 12 11 11 8 6 5 10 11 12 11 12 8 5 12 6 8 11 10 9 5 5 9 11 9 12 8 7 5 12 6 6 11 5 7 6 5 11 7 10 7 11 5 10 10 8 12 12 11 12 6 11 
12 10 10 7 10 12 8 5 7 8 10 9 8 9 5 9 9 11 8 12 7 6 5 10 6 7 6 5 5 11 9 9 7 6 6 8 11 12 9 10 6 5 12 11 7 6 7 12 11 5 10 6 11 
5 9 5 11 12 9 10 12 9 11 11 12 9 6 7 12 11 10 12 10 11 11 12 8 5 10 8 5 11 10 11 11 8 9 10 9 5 6 10 9 11 10 10 12 11 10 11 5 11 12 6 11 10 
7 12 11 5 8 12 6 11 11 8 7 6 6 9 7 11 12 5 12 12 9 5 7 11 9 12 6 10 6 5 10 9 10 12 9 8 9 8 6 5 11 7 7 8 8 10 7 6 12 11 6 11 6 
5 6 10 12 10 7 10 9 11 5 9 9 11 8 12 12 12 5 11 10 7 11 7 6 6 8 5 6 5 5 7 10 8 7 9 10 6 8 9 5 7 6 10 7 9 9 11 10 9 11 12 9 9 
11 8 9 12 10 10 9 10 10 9 12 8 12 5 12 7 9 7 9 9 11 12 10 7 5 11 11 6 8 7 8 11 7 6 8 5 5 11 6 10 6 9 12 5 11 9 9 6 10 6 5 10 6 
7 10 12 10 5 6 12 12 5 6 7 8 8 12 8 9 9 12 6 8 7 12 5 6 12 10 9 12 12 11 8 5 10 8 8 10 8 11 10 7 6 11 5 12 5 5 5 7 12 12 5 7 10 
10 10 12 5 7 10 5 11 8 6 10 7 12 12 12 6 12 8 9 10 9 11 12 6 10 12 5 12 5 7 5 12 6 11 5 5 7 9 7 9 7 9 12 12 5 7 8 5 6 6 11 8 6 
11 9 11 11 6 12 8 8 5 9 11 9 9 8 12 10 12 8 7 5 11 11 10 12 9 5 6 11 5 11 10 10 5 10 12 10 10 5 9 5 5 11 8 11 11 7 10 10 5 10 12 5 11 
7 8 8 11 5 9 11 12 10 6 6 7 6 9 12 8 6 7 11 10 10 10 11 9 9 6 12 12 12 10 5 10 8 8 10 11 7 6 6 11 9 5 9 11 7 9 12 9 9 10 11 9 8 
11 9 11 6 10 11 7 5 7 5 7 6 8 10 12 11 12 11 11 7 7 5 8 12 5 7 12 12 10 12 12 12 10 7 10 6 12 12 8 7 12 7 10 9 9 7 11 9 12 10 11 11 11 
7 7 12 5 8 9 9 7 7 10 6 6 10 5 10 5 10 6 9 9 8 11 9 11 9 10 9 7 12 11 7 11 9 7 9 9 5 9 7 8 11 12 7 8 5 5 8 5 11 10 11 6 11 
11 6 6 9 8 11 10 9 12 10 5 11 8 10 9 6 11 5 6 9 8 5 8 6 9 9 12 7 11 5 10 5 9 9 10 7 5 8 8 8 5 11 10 12 11 7 12 12 7 5 9 8 8 
9 5 5 9 5 9 8 9 7 7 9 5 8 6 10 10 6 8 10 6 12 10 5 6 8 11 7 6 6 9 9 12 11 9 11 5 5 5 11 12 9 11 5 8 12 11 11 6 6 9 6 7 12 
5 6 12 6 7 6 6 8 6 12 10 12 10 8 6 7 8 10 5 11 7 9 9 6 9 9 10 9 12 5 9 11 10 6 10 7 5 10 10 11 7 8 12 10 9 11 11 5 10 5 11 5 11 
6 8 12 8 5 12 5 9 7 11 9 10 5 10 12 8 10 7 7 6 6 10 7 6 5 12 6 11 12 7 8 6 12 6 8 8 7 6 12 8 11 6 6 5 5 11 5 7 7 7 12 9 5 
10 9 9 5 10 9 11 6 7 10 10 10 10 9 8 6 7 5 9 9 8 11 11 11 5 11 9 9 9 10 8 6 6 10 9 12 11 8 9 11 5 12 5 9 12 6 10 11 8 7 11 10 12 
6 12 10 9 12 7 7 5 10 5 9 6 9 8 9 10 10 6 12 9 7 8 8 5 9 12 5 8 12 8 6 7 8 8 7 6 10 9 9 12 10 7 5 8 6 12 5 12 7 10 9 9 9 
11 8 12 9 7 5 7 11 6 12 11 10 6 5 12 11 7 9 5 11 5 10 6 8 6 8 11 6 5 9 7 12 6 8 9 6 10 10 6 12 6 5 7 10 7 10 12 9 9 12 8 6 8 
9 7 9 6 9 6 9 6 5 11 7 8 9 12 8 7 5 12 7 7 8 11 10 11 6 5 11 6 5 6 9 8 10 12 8 11 9 6 7 7 12 11 9 11 11 6 7 12 5 9 12 11 6 
8 8 10 10 7 8 7 9 6 6 5 12 12 5 7 7 10 9 6 7 9 12 5 5 6 11 11 11 5 11 8 7 5 6 12 6 10 10 12 11 8 12 6 8 7 8 8 12 10 5 12 5 12 
7 7 8 5 12 9 7 9 12 7 10 10 10 8 9 7 8 5 9 5 10 5 5 5 10 7 7 6 12 9 7 5 10 8 11 10 11 9 8 12 7 8 8 7 6 7 12 6 10 10 11 12 10 
8 12 7 9 12 9 7 6 12 5 11 5 10 7 5 6 10 7 7 12 11 8 5 9 9 6 5 8 10 10 5 11 8 5 12 6 7 9 12 12 7 6 6 8 11 11 6 6 11 11 8 11 8 
11 12 11 6 8 6 10 6 6 9 5 5 7 12 9 7 8 5 12 8 11 6 11 5 8 6 12 6 5 9 5 6 8 10 12 6 10 8 8 7 6 6 8 6 10 8 11 5 6 11 7 8 11 
12 6 6 6 12 6 9 12 10 8 6 8 9 12 8 11 11 10 10 11 7 12 5 7 7 10 9 10 5 6 7 7 7 10 6 12 8 6 12 9 9 6 8 10 8 11 6 11 8 9 10 12 9 
9 8 6 9 8 11 5 11 8 5 6 8 5 7 10 11 10 9 12 8 5 12 7 8 9 6 11 6 11 6 10 6 7 8 6 7 11 11 6 6 12 9 9 5 8 7 10 12 12 7 12 7 7 
10 7 7 6 9 11 6 9 5 5 5 6 5 8 8 5 9 6 5 12 5 7 8 12 8 9 11 11 5 9 12 11 9 9 7 10 6 10 6 12 8 12 6 7 7 12 12 5 12 12 8 7 7 
9 9 7 8 10 8 7 12 12 9 8 10 6 8 6 7 9 8 10 7 7 10 8 5 9 12 11 5 9 8 5 8 7 6 11 8 10 12 7 12 5 5 8 5 5 8 8 10 8 12 5 10 8 
0 1 1 1 1 1 1 0 0 0 0 0 0 0 0 0 0 0 0 0 0 0 0 0 0 0 0 0 0 0 0 0 0 0 0 0 0 0 0 0 0 0 0 0 0 0 0 0 0 0 0 0 0 
0 0 0 0 0 0 0 0 0 0 0 0 0 0 0 0 0 0 0 0 0 0 0 0 0 0 0 0 0 0 0 0 0 0 0 1 0 0 0 0 0 0 0 0 0 0 0 0 0 0 0 0 0 
0 0 0 0 0 0 0 0 0 0 0 0 0 0 0 0 0 0 0 0 0 0 0 0 0 0 0 0 0 0 0 0 0 0 0 1 0 0 0 0 0 0 0 0 0 0 0 0 0 0 0 0 0 
0 0 0 0 0 0 0 0 1 0 0 0 0 0 0 0 0 0 0 0 0 0 0 0 0 0 0 0 0 0 0 0 0 0 0 0 0 0 0 0 0 0 0 0 0 0 0 0 0 0 0 0 0 
0 0 0 0 0 0 0 0 1 0 0 0 0 0 0 0 0 0 0 0 0 0 0 0 0 0 0 0 0 0 0 0 0 0 0 0 0 0 0 0 0 0 0 0 0 0 0 0 0 0 0 0 0 
0 0 0 0 0 0 0 0 1 0 0 0 0 0 0 0 0 0 0 0 0 0 0 0 0 0 0 0 0 0 0 0 0 0 0 0 0 0 0 0 0 0 0 0 0 0 0 0 0 0 0 0 0 
0 0 0 0 0 0 0 0 1 0 0 0 0 0 0 0 0 0 0 0 0 0 0 0 0 0 0 0 0 0 0 0 0 0 0 0 0 0 0 0 0 0 0 0 0 0 0 0 0 0 0 0 0 
0 0 0 0 0 0 0 0 1 0 0 0 0 0 0 0 0 0 0 0 0 0 0 0 0 0 0 0 0 0 0 0 0 0 0 0 0 0 0 0 0 0 0 0 0 0 0 0 0 0 0 0 0 
0 0 0 0 0 0 0 0 0 1 0 0 0 0 0 0 0 0 0 0 0 0 0 0 0 0 0 0 0 0 0 0 0 0 0 0 0 0 0 0 0 0 0 0 0 0 0 0 0 0 0 0 0 
0 0 0 0 0 0 0 0 0 0 1 0 0 0 0 0 0 0 0 0 0 0 0 0 0 0 0 0 0 0 0 0 0 0 0 0 0 0 0 0 0 0 0 0 0 0 0 0 0 0 0 0 0 
0 0 0 0 0 0 0 0 0 0 0 1 0 0 0 0 0 0 0 0 0 0 0 0 0 0 0 0 0 0 0 0 0 0 0 0 0 0 0 0 0 0 0 0 0 0 0 0 0 0 0 0 0 
0 0 0 0 0 0 0 0 0 0 0 0 1 1 1 0 0 0 0 0 0 0 0 0 0 0 0 0 0 0 0 0 0 0 0 0 0 0 0 0 0 0 0 0 0 0 0 0 0 0 0 0 0 
0 0 0 0 0 0 0 0 0 0 0 0 0 0 0 1 1 1 0 0 0 0 0 0 0 0 0 0 0 0 0 0 0 0 0 0 0 0 0 0 0 0 0 0 0 0 0 0 0 0 0 0 0 
0 0 0 0 0 0 0 0 0 0 0 0 0 0 0 0 0 0 0 0 0 1 0 0 0 0 0 0 0 0 0 0 0 0 0 0 0 0 0 0 0 0 0 0 0 0 0 0 0 0 0 0 0 
0 0 0 0 0 0 0 0 0 0 0 0 0 0 0 1 1 0 0 0 0 0 0 0 0 0 0 0 0 0 0 0 0 0 0 0 0 0 0 0 0 0 0 0 0 0 0 0 0 0 0 0 0 
0 0 0 0 0 0 0 0 0 0 0 0 0 0 0 0 0 0 0 0 0 0 0 0 0 0 0 0 1 1 1 0 0 0 0 0 0 0 0 0 0 0 0 0 0 0 0 0 0 0 0 0 0 
0 0 0 0 0 0 0 0 0 0 0 0 0 0 0 0 0 0 1 0 0 0 0 0 0 0 0 0 0 0 0 0 0 0 0 0 0 0 0 0 0 0 0 0 0 0 0 0 0 0 0 0 0 
0 0 0 0 0 0 0 0 0 0 0 0 0 0 0 0 0 0 0 0 0 0 0 0 0 0 0 0 0 0 0 0 0 0 0 0 0 0 0 0 0 1 0 0 0 0 0 0 0 0 0 0 0 
0 0 0 0 0 0 0 0 0 0 0 0 0 0 0 0 0 0 0 1 1 1 0 0 0 0 0 0 0 0 0 0 0 0 0 0 0 0 0 0 0 0 0 0 0 0 0 0 0 0 0 0 0 
0 0 0 0 0 0 0 0 0 0 0 0 0 0 0 0 0 0 0 0 0 0 1 0 0 0 0 0 0 0 0 0 0 0 0 0 0 0 0 0 0 0 0 0 0 0 0 0 0 0 0 0 0 
0 0 0 0 0 0 0 0 0 0 0 0 0 0 0 0 0 0 0 0 0 0 0 1 0 0 0 0 0 0 0 0 0 0 0 0 0 0 0 0 0 0 0 0 0 0 0 0 0 0 0 0 0 
0 0 0 0 0 0 0 0 0 0 0 0 0 0 0 0 0 0 0 0 0 0 0 0 1 0 0 0 0 0 0 0 0 0 0 0 0 0 0 0 0 0 0 0 0 0 0 0 0 0 0 0 0 
0 0 0 0 0 0 0 0 0 0 0 0 0 0 0 0 0 0 0 0 0 0 0 0 0 0 0 0 0 0 0 0 0 0 0 1 0 0 0 0 0 0 0 0 0 0 0 0 0 0 0 0 0 
0 0 0 0 0 0 0 0 0 0 0 0 0 0 0 0 0 0 0 0 0 0 0 0 0 0 0 0 0 0 0 0 0 0 0 1 0 0 0 0 0 0 0 0 0 0 0 0 0 0 0 0 0 
0 0 0 0 0 0 0 0 0 0 0 0 0 0 0 0 0 0 0 0 0 0 0 0 0 1 0 0 0 0 0 0 0 0 0 0 0 0 0 0 0 0 0 0 0 0 0 0 0 0 0 0 0 
0 0 0 0 0 0 0 0 0 0 0 0 0 0 0 0 0 0 0 0 0 0 0 0 0 0 1 0 0 0 0 0 0 0 0 0 0 0 0 0 0 0 0 0 0 0 0 0 0 0 0 0 0 
0 0 0 0 0 0 0 0 0 0 0 0 0 0 0 0 0 0 0 0 0 0 0 0 0 0 0 1 0 0 0 0 0 0 0 0 0 0 0 0 0 0 0 0 0 0 0 0 0 0 0 0 0 
0 0 0 0 0 0 0 0 0 0 0 0 0 0 0 0 0 0 0 0 0 0 0 0 0 0 0 0 1 1 1 1 1 1 0 0 0 0 0 0 0 0 0 0 0 0 0 0 0 0 0 0 0 
0 0 0 0 0 0 0 0 0 0 0 0 0 0 0 0 0 0 0 0 0 0 0 0 0 0 0 0 0 0 0 0 0 0 1 0 0 0 0 0 0 0 0 0 0 0 0 0 0 0 0 0 0 
0 0 0 0 0 0 0 0 0 0 0 0 0 0 0 0 0 0 0 0 0 0 0 0 0 0 0 0 0 0 0 0 0 0 1 0 0 0 0 0 0 0 0 0 0 0 0 0 0 0 0 0 0 
0 0 0 0 0 0 0 0 0 0 0 0 0 0 0 0 0 0 0 0 0 0 0 0 0 0 0 0 0 0 0 0 0 0 1 0 0 0 0 0 0 0 0 0 0 0 0 0 0 0 0 0 0 
0 0 0 0 0 0 0 0 0 0 0 0 0 0 0 0 0 0 0 0 0 0 0 0 0 0 0 0 0 0 0 0 0 0 1 0 0 0 0 0 0 0 0 0 0 0 0 0 0 0 0 0 0 
0 0 0 0 0 0 0 0 0 0 0 0 0 0 0 0 0 0 0 0 0 0 0 0 0 0 0 0 0 0 0 0 0 0 1 0 0 0 0 0 0 0 0 0 0 0 0 0 0 0 0 0 0 
0 0 0 0 0 0 0 0 0 0 0 0 0 0 0 0 0 0 0 0 0 0 0 0 0 0 0 0 0 0 0 0 0 0 1 0 0 0 0 0 0 0 0 0 0 0 0 0 0 0 0 0 0 
0 0 0 0 0 0 0 0 0 0 0 0 0 0 0 0 0 0 0 0 0 0 0 0 0 0 0 0 0 0 0 0 0 0 0 1 0 0 0 0 0 0 0 0 0 0 0 0 0 0 0 0 0 
0 0 0 0 0 0 0 0 0 0 0 0 0 0 0 0 0 0 0 0 0 0 0 0 0 0 0 0 0 0 0 0 0 0 0 0 1 0 0 0 0 0 0 0 0 0 0 0 0 0 0 0 0 
0 0 0 0 0 0 0 0 0 0 0 0 0 0 0 0 0 0 0 0 0 0 0 0 0 0 0 0 0 0 0 0 0 0 0 0 0 1 1 1 0 0 0 0 0 0 0 0 0 0 0 0 0 
0 0 0 0 0 0 0 0 0 0 0 0 0 0 0 0 0 0 0 0 0 0 0 0 0 0 0 0 0 0 0 0 0 0 0 0 0 0 0 0 1 0 0 0 0 0 0 0 0 0 0 0 0 
0 0 0 0 0 0 0 0 0 0 0 0 0 0 0 0 0 0 0 0 0 0 0 0 0 0 0 0 0 0 0 0 0 0 0 0 0 0 0 0 1 0 0 0 0 0 0 0 0 0 0 0 0 
0 0 0 0 0 0 0 0 0 0 0 0 0 0 0 0 0 0 0 0 0 0 0 0 0 0 0 0 0 0 0 0 0 0 0 0 0 0 0 0 1 0 0 0 0 0 0 0 0 0 0 0 0 
0 0 0 0 0 0 0 0 0 0 0 0 0 0 0 0 0 0 0 0 0 0 0 0 0 0 0 0 0 0 0 0 0 0 0 0 0 0 0 0 0 1 0 0 0 0 0 0 0 0 0 0 0 
0 0 0 0 0 0 0 0 0 0 0 0 0 0 0 0 0 0 0 0 0 0 0 0 0 0 0 0 0 0 0 0 0 0 0 0 0 0 0 0 0 0 1 1 1 1 1 0 0 0 0 0 0 
0 0 0 0 0 0 0 0 0 0 0 0 0 0 0 0 0 0 0 0 0 0 0 0 0 0 0 0 0 0 0 0 0 0 0 0 0 0 0 0 0 0 0 0 0 0 0 1 0 0 0 0 0 
0 0 0 0 0 0 0 0 0 0 0 0 0 0 0 0 0 0 0 0 0 0 0 0 0 0 0 0 0 0 0 0 0 0 0 0 0 0 0 0 0 0 0 0 0 0 0 0 1 0 0 0 0 
0 0 0 0 0 0 0 0 0 0 0 0 0 0 0 0 0 0 0 0 0 0 0 0 0 0 0 0 0 0 0 0 0 0 0 0 0 0 0 0 0 0 0 0 0 0 0 0 0 0 1 1 0 
0 0 0 0 0 0 0 0 0 0 0 0 0 0 0 0 0 0 0 0 0 0 0 0 0 0 0 0 0 0 0 0 0 0 0 0 0 0 0 0 0 0 0 0 0 0 0 0 0 1 0 0 0 
0 0 0 0 0 0 0 0 0 0 0 0 0 0 0 0 0 0 0 0 0 0 0 0 0 0 0 0 0 0 0 0 0 0 0 0 0 0 0 0 0 0 0 0 0 0 0 0 0 0 1 1 0 
0 0 0 0 0 0 0 0 0 0 0 0 0 0 0 0 0 0 0 0 0 0 0 0 0 0 0 0 0 0 0 0 0 0 0 0 0 0 0 0 0 0 0 0 0 0 0 0 0 0 1 1 0 
0 0 0 0 0 0 0 0 0 0 0 0 0 0 0 0 0 0 0 0 0 0 0 0 0 0 0 0 0 0 0 0 0 0 0 0 0 0 0 0 0 0 0 0 0 0 0 0 0 0 1 1 0 
0 0 0 0 0 0 0 0 0 0 0 0 0 0 0 0 0 0 0 0 0 0 0 0 0 0 0 0 0 0 0 0 0 0 0 0 0 0 0 0 0 0 0 0 0 0 0 0 0 0 1 1 0 
0 0 0 0 0 0 0 0 0 0 0 0 0 0 0 0 0 0 0 0 0 0 0 0 0 0 0 0 0 0 0 0 0 0 0 0 0 0 0 0 0 0 0 0 0 0 0 0 0 0 0 0 1 
0 0 0 0 0 0 0 0 0 0 0 0 0 0 0 0 0 0 0 0 0 0 0 0 0 0 0 0 0 0 0 0 0 0 0 0 0 0 0 0 0 0 0 0 0 0 0 0 0 0 0 0 1 
0 0 0 0 0 0 0 0 0 0 0 0 0 0 0 0 0 0 0 0 0 0 0 0 0 0 0 0 0 0 0 0 0 0 0 0 0 0 0 0 0 0 0 0 0 0 0 0 0 0 0 0 0
0.26 0.3 0.2 0.3 0.28 0.14 