35
4
142 105 133 99 102 102 134 141 115 60 93 72 103 123 133 141 86 121 102 75 108 78 102 140 76 86 98 146 92 79 134 103 104 144 92 
107 113 91 120 56 67 51 84 93 118 57 126 59 96 120 142 146 142 128 53 116 100 58 150 132 131 82 89 125 54 96 123 133 130 64 
72 60 128 92 122 98 130 65 50 63 109 65 52 122 118 50 101 115 125 54 74 78 144 139 71 70 149 86 112 147 130 68 125 130 76 
129 89 134 107 74 128 89 64 72 150 97 98 140 84 149 141 107 75 52 61 133 98 79 76 59 115 110 137 144 114 111 52 120 133 55 
75 99 117 58 97 87 63 124 67 97 60 53 117 119 124 119 67 58 69 101 94 100 87 93 87 108 103 50 96 119 108 69 76 83 101 
73 71 125 82 76 68 110 53 96 96 118 66 54 108 64 70 77 123 73 121 118 79 57 122 100 72 74 51 98 76 66 57 100 84 79 
61 74 87 108 116 54 54 95 80 76 116 77 115 63 119 66 75 91 115 118 99 56 113 55 101 120 119 56 112 81 62 77 68 110 107 
95 92 60 106 90 99 71 104 70 115 77 124 119 54 101 57 116 97 77 57 98 93 50 109 92 115 64 71 122 52 112 52 71 66 100 
163 197 194 183 193 154 116 155 174 132 116 188 107 168 100 161 141 165 187 158 169 156 108 169 141 189 152 114 159 158 100 105 164 131 137 
18 14 12 25 15 14 25 13 16 25 19 22 13 17 17 23 20 12 18 13 12 21 22 12 16 25 22 16 12 12 18 24 22 23 21 
18 15 16 19 15 20 25 14 22 17 21 17 17 15 25 19 20 14 19 17 19 16 18 22 15 13 18 14 14 13 12 18 22 23 19 
17 18 13 25 13 25 17 24 21 17 20 19 15 19 22 19 24 16 18 17 19 17 21 12 16 23 21 13 13 22 24 12 23 22 25 
22 21 19 25 20 17 16 14 21 15 16 17 15 15 21 16 19 25 15 16 19 20 22 22 23 16 19 15 17 14 14 16 20 20 16 
6 7 12 10 9 12 6 9 12 6 10 7 11 7 8 5 10 6 8 9 8 5 9 9 11 9 9 7 5 7 5 6 6 5 11 
12 9 7 6 9 11 12 10 7 10 8 9 10 10 10 6 9 6 9 7 6 5 10 8 10 10 5 6 5 8 10 8 5 6 6 
5 12 8 10 10 7 7 5 11 12 10 9 5 12 12 12 9 10 7 8 11 10 9 12 11 5 6 12 11 12 7 7 11 11 10 
8 10 8 10 8 6 12 8 9 6 10 10 6 5 5 11 9 9 7 11 5 5 7 8 5 12 10 12 12 8 5 10 7 10 10 
12 7 10 10 6 12 9 10 8 7 12 8 8 6 12 8 6 6 12 10 12 11 11 6 6 12 11 11 6 5 9 12 12 12 6 
5 12 8 5 12 7 7 6 11 6 8 10 5 12 8 8 7 12 8 8 9 12 6 6 5 8 11 8 7 10 6 11 5 8 7 
12 9 6 6 11 5 6 5 12 7 5 11 9 5 8 11 10 10 6 12 7 10 8 10 7 10 6 5 10 11 12 8 12 9 5 
5 10 7 7 7 10 6 8 7 6 5 6 12 10 10 5 5 7 10 12 8 6 6 9 9 9 7 7 11 6 11 5 10 5 8 
9 12 12 9 5 5 9 7 8 10 8 9 8 9 6 7 6 7 5 11 10 9 8 9 10 8 10 8 5 6 10 9 5 6 10 
8 12 11 8 10 5 7 12 6 7 8 11 6 6 6 12 8 10 7 9 7 12 6 8 8 6 10 10 10 10 11 11 5 6 11 
12 6 6 10 6 10 10 10 8 10 10 12 10 5 8 11 10 12 5 7 7 10 6 5 5 10 8 5 8 6 10 11 5 5 10 
11 5 12 10 7 11 8 12 11 8 11 12 11 12 6 5 11 8 6 7 6 10 10 8 11 9 11 8 5 10 12 9 10 10 5 
6 7 5 11 11 10 6 10 6 8 7 5 5 8 12 5 8 7 11 9 8 5 6 5 8 8 5 6 11 7 5 12 7 10 6 
9 8 9 12 9 7 10 11 11 12 7 9 7 10 7 6 8 11 11 7 12 11 12 12 9 9 11 6 10 11 9 5 10 10 8 
9 9 6 9 8 5 11 8 7 11 12 5 12 6 6 5 11 7 9 8 8 5 10 12 5 7 12 10 12 8 9 7 7 9 12 
6 5 6 8 11 8 10 6 11 5 12 11 11 12 6 8 6 9 11 6 11 9 10 10 6 9 8 5 6 12 10 7 7 11 11 
5 9 10 11 9 8 9 9 9 5 8 10 10 5 6 11 6 9 12 11 11 6 5 12 7 5 9 12 9 6 10 7 10 8 6 
7 11 12 7 6 8 11 8 11 6 5 9 12 9 12 12 11 9 8 8 12 6 12 6 6 10 9 10 8 5 10 12 5 7 7 
8 11 9 6 11 9 5 6 8 7 7 6 10 10 12 6 10 8 11 12 10 8 8 10 11 6 8 5 12 6 10 9 5 7 11 
12 11 11 5 8 12 11 9 5 5 7 10 7 10 7 12 11 7 12 5 7 12 10 11 11 6 10 6 11 12 11 7 6 6 9 
8 12 5 9 6 11 7 11 5 10 10 9 11 10 11 7 8 10 7 12 12 11 9 8 10 11 5 6 11 5 5 12 6 8 11 
8 6 7 6 6 5 9 8 7 8 10 7 12 10 10 10 11 5 12 7 9 6 10 10 9 9 7 8 12 6 5 5 9 10 8 
11 7 8 11 5 9 9 9 11 9 10 7 6 8 5 8 6 12 11 9 9 11 9 6 7 8 8 12 12 12 9 8 6 6 8 
8 8 6 8 9 7 6 8 9 10 10 5 6 7 10 8 6 11 5 9 8 10 8 12 11 9 8 11 6 7 12 12 8 11 7 
5 9 10 12 5 8 8 10 12 6 9 10 5 10 8 7 11 7 8 6 11 12 9 6 9 10 6 9 5 11 12 11 6 8 5 
11 7 12 6 7 10 8 6 5 11 6 8 8 6 10 10 8 12 5 7 5 9 12 10 12 9 9 5 11 5 8 8 10 8 5 
5 10 8 12 12 11 9 9 11 9 11 9 8 6 7 8 10 6 5 12 5 6 11 10 12 6 9 8 11 9 8 11 5 11 12 
10 12 11 7 10 8 9 9 12 10 9 5 12 9 8 5 10 5 6 8 6 9 5 11 8 6 10 6 6 6 9 8 10 6 5 
6 11 8 9 8 11 8 8 12 8 5 12 8 7 10 5 10 6 6 8 10 8 9 10 10 7 8 5 12 12 10 11 5 11 12 
8 9 6 9 5 7 6 6 9 6 9 6 11 8 8 10 6 6 8 11 12 12 12 10 6 7 9 8 10 12 10 9 7 10 5 
7 5 11 5 12 8 7 9 8 7 10 5 12 8 7 8 5 6 5 6 5 5 9 7 7 5 11 8 10 5 5 8 8 10 10 
5 7 9 12 8 7 9 9 6 5 5 6 8 7 8 12 6 9 9 10 8 8 10 11 5 6 11 10 7 5 12 11 6 6 11 
12 12 12 11 12 9 5 6 10 9 9 11 9 10 6 11 11 10 11 9 11 9 12 9 8 10 5 11 7 8 11 7 7 7 7 
10 11 8 12 10 11 9 11 7 5 12 12 11 11 7 8 11 12 12 5 6 7 10 10 5 12 11 12 12 6 7 8 9 7 10 
9 10 10 9 12 11 7 11 10 8 10 5 7 8 5 6 9 11 7 5 10 5 5 7 10 11 8 6 6 5 7 6 5 5 6 
10 5 8 7 6 10 10 8 6 7 7 6 7 8 7 9 12 6 9 7 5 12 11 5 11 11 9 11 6 9 12 8 10 7 5 
6 7 10 11 6 9 9 9 7 8 9 11 12 8 6 10 12 11 12 5 6 5 5 11 11 9 11 7 6 11 7 11 10 5 11 
8 12 5 6 5 9 7 6 6 8 7 10 7 11 10 8 9 10 6 5 11 8 7 11 5 10 11 8 10 6 8 5 12 8 12 
11 12 11 6 5 9 6 11 10 8 12 11 9 6 9 5 11 11 9 8 11 7 11 12 9 9 7 8 7 5 12 5 11 5 5 
11 7 12 5 11 5 7 8 12 7 5 11 10 6 8 7 12 9 12 10 5 9 8 7 5 10 11 7 8 5 9 8 8 12 6 
5 7 12 10 6 7 10 5 9 5 8 12 9 11 7 5 6 5 9 8 5 7 7 7 10 5 8 7 11 11 11 7 6 6 7 
9 6 11 9 7 10 6 7 7 7 5 11 10 7 6 9 9 9 6 12 9 11 12 5 9 6 6 6 9 9 10 6 5 9 7 
6 10 7 5 12 9 9 10 5 10 6 7 9 10 12 11 9 8 5 6 12 12 10 8 11 9 5 10 9 5 5 5 7 7 6 
11 7 8 8 11 7 5 10 8 8 12 5 12 8 12 5 9 5 10 6 8 11 10 11 6 7 11 5 12 5 5 9 6 7 7 
11 6 7 12 11 9 8 6 5 10 7 7 5 6 7 11 10 8 6 10 10 6 10 12 6 12 8 5 8 7 6 12 10 12 7 
7 9 10 7 9 10 6 8 7 12 6 12 7 6 7 11 9 10 10 8 10 10 5 7 7 10 7 10 8 6 6 5 5 5 12 
6 5 6 6 9 12 10 7 10 12 11 5 12 8 11 11 10 5 8 7 12 10 7 12 12 10 6 10 10 7 6 5 5 9 9 
12 10 7 8 10 10 5 8 10 7 7 6 7 7 5 9 10 5 7 7 8 12 11 10 10 5 12 12 6 11 5 9 6 5 7 
5 8 12 8 6 6 5 5 10 7 9 8 12 6 11 5 11 9 10 10 11 5 8 5 8 7 10 11 8 6 9 5 9 8 7 
5 11 10 6 11 7 12 6 9 9 11 6 5 9 9 5 8 8 10 9 10 9 9 8 8 6 11 5 9 5 9 5 6 10 12 
10 8 6 12 8 6 8 10 6 6 12 6 7 12 9 11 9 10 8 10 6 7 9 5 10 10 8 5 12 8 8 5 9 5 6 
9 12 8 10 9 10 9 9 10 6 7 7 7 8 5 11 12 12 6 11 11 8 9 10 11 5 6 7 6 10 9 7 9 5 6 
6 9 12 6 10 12 11 9 9 6 6 5 12 5 10 5 11 7 7 5 11 11 8 5 6 5 6 5 10 6 10 8 12 11 10 
12 6 12 6 9 7 8 11 7 10 7 7 5 10 8 6 7 12 5 5 8 5 12 5 9 6 6 10 8 5 5 5 12 6 10 
6 7 9 5 6 6 6 9 12 6 6 6 7 7 12 9 11 5 5 9 7 12 11 11 6 12 8 9 5 5 9 6 5 5 8 
5 8 7 7 11 10 7 10 9 8 12 12 7 12 12 5 6 12 6 10 12 7 12 5 5 9 8 7 8 9 8 11 8 9 5 
5 12 6 8 11 10 10 6 11 7 6 6 5 9 11 8 10 9 10 9 5 11 10 12 8 8 11 11 11 6 9 6 9 6 11 
11 11 7 12 6 9 9 10 11 5 12 5 10 11 10 10 10 7 10 9 10 5 6 11 12 6 8 8 10 9 8 8 5 9 9 
8 12 6 5 8 10 6 6 10 12 5 7 5 9 11 10 12 10 5 11 9 11 6 12 5 11 8 10 12 9 5 9 12 7 11 
12 7 12 8 7 10 12 9 8 5 11 9 11 11 11 9 5 12 9 11 11 10 6 11 5 8 5 8 5 10 8 7 12 9 8 
9 7 5 5 6 5 8 10 10 5 8 5 7 5 5 6 11 6 5 5 12 7 12 9 9 6 8 7 10 6 12 7 11 6 10 
5 5 6 7 6 5 8 10 9 9 12 5 9 8 11 7 8 10 9 8 6 8 5 7 10 5 11 9 9 5 12 11 5 5 12 
9 7 11 12 8 7 7 8 9 11 10 12 7 7 5 11 12 12 6 9 6 12 7 9 8 5 7 9 6 12 6 5 8 11 11 
9 11 6 7 11 12 11 7 8 7 9 6 6 7 10 10 9 7 11 8 10 8 11 10 5 12 10 8 10 10 5 5 7 11 7 
11 12 5 10 9 6 5 6 12 8 10 9 12 7 8 8 9 5 11 12 5 8 12 9 12 12 9 11 9 6 7 10 10 10 11 
7 8 8 10 7 7 10 6 8 5 10 10 10 9 10 7 8 9 11 8 6 9 9 10 6 8 7 9 6 5 7 7 11 10 5 
6 12 8 5 8 8 12 10 5 10 8 8 5 6 12 12 6 12 7 11 8 5 9 8 7 11 11 10 9 6 9 5 9 12 6 
8 11 8 9 7 9 7 7 9 5 7 8 5 8 9 7 8 10 8 12 10 10 10 12 11 9 7 12 8 11 8 9 10 6 9 
12 9 5 10 12 12 7 10 5 12 12 5 7 10 7 9 10 6 10 11 9 10 7 7 12 6 11 7 10 5 8 11 6 8 11 
10 10 9 10 8 9 11 10 9 10 8 8 6 10 11 7 5 8 7 10 5 7 7 10 10 8 8 10 5 6 12 9 8 6 8 
7 9 6 8 12 5 5 10 6 7 12 8 9 9 12 10 11 10 7 11 8 8 11 11 12 8 5 5 8 12 10 9 7 12 12 
5 8 8 10 8 6 5 9 7 7 6 10 11 10 5 12 10 5 10 12 6 6 11 9 11 8 5 5 12 8 10 9 9 8 11 
8 10 11 7 8 7 10 5 12 10 7 7 5 5 9 8 9 9 7 7 12 6 8 12 7 10 10 10 7 12 10 5 8 8 11 
7 9 8 10 6 9 8 10 7 10 10 11 9 5 12 9 11 6 7 10 8 9 9 7 5 5 5 7 7 9 10 8 10 12 9 
7 8 9 11 10 6 11 11 5 6 5 7 10 8 6 12 12 10 10 10 5 10 12 6 6 9 11 8 8 10 10 12 9 11 5 
12 9 12 9 6 5 6 11 10 11 6 12 7 7 9 11 6 5 10 11 6 9 10 6 10 12 7 10 8 7 8 12 12 5 8 
11 5 12 10 6 5 12 12 8 6 11 6 10 11 8 12 10 5 6 10 11 8 11 9 5 5 10 7 6 9 7 11 9 6 9 
9 6 8 12 10 10 11 7 9 9 11 11 9 9 12 6 11 9 11 7 6 10 12 11 7 12 5 6 12 12 11 6 12 12 12 
5 10 11 5 5 9 7 12 9 9 9 9 9 10 8 9 6 9 9 11 7 9 5 7 12 12 11 10 9 10 7 7 5 9 11 
11 11 6 5 8 8 11 9 5 7 10 9 11 10 8 10 11 9 5 9 6 7 11 6 5 11 12 7 11 5 10 8 7 10 9 
10 6 10 8 10 8 7 8 11 10 8 11 6 12 8 10 9 12 9 8 5 11 12 10 5 6 5 11 12 8 10 10 6 6 5 
7 10 11 11 7 6 12 11 12 12 7 11 8 12 8 7 11 9 12 12 11 8 10 5 12 6 6 11 9 10 8 10 9 11 12 
9 5 11 11 10 8 12 10 11 8 10 10 12 5 9 8 11 8 8 5 12 6 7 9 12 12 5 12 8 5 5 5 10 10 9 
6 12 10 7 7 8 10 11 10 7 6 6 7 8 8 6 9 11 8 6 9 7 6 7 10 9 12 6 12 6 7 8 5 10 7 
12 12 10 5 8 8 7 5 7 9 12 12 9 5 11 12 11 6 10 5 8 10 11 6 8 11 12 12 9 7 5 10 11 11 8 
10 8 12 6 11 12 6 7 12 9 9 9 7 6 8 6 9 9 12 7 10 10 9 6 8 11 6 10 9 5 11 12 8 12 6 
10 7 5 7 9 7 7 5 8 12 8 7 11 12 9 8 5 8 5 5 10 12 6 9 12 12 9 11 12 8 10 6 11 10 11 
10 10 5 9 9 7 8 8 12 8 11 9 6 5 10 8 9 9 7 10 8 9 12 7 5 9 10 5 5 11 12 5 8 9 7 
10 5 5 6 6 5 7 9 7 6 7 5 11 12 11 10 8 11 11 9 7 8 11 5 10 9 9 12 11 10 7 5 7 9 11 
12 11 12 6 11 5 9 10 12 7 6 8 5 7 10 8 10 10 12 9 9 11 11 12 10 6 6 12 6 10 5 9 10 6 7 
6 12 11 5 7 5 11 7 7 7 8 6 9 8 7 9 5 8 7 12 5 7 5 6 8 11 10 9 7 9 7 8 7 10 7 
12 6 8 7 7 9 8 9 5 5 10 7 7 5 7 6 10 12 11 8 8 11 11 7 6 5 9 7 5 9 5 11 12 7 6 
11 6 7 9 12 8 6 9 9 6 10 9 9 7 9 6 8 6 5 7 10 10 10 9 5 8 11 6 7 7 10 7 8 12 6 
10 9 8 10 5 5 7 12 11 7 9 11 6 12 7 5 7 10 6 7 10 9 8 6 5 9 12 6 10 5 10 9 10 7 11 
11 5 11 8 11 8 8 10 12 6 12 10 12 10 7 11 5 11 12 12 10 9 11 10 12 7 10 6 7 10 6 11 6 9 12 
10 6 6 12 9 10 12 9 9 10 8 10 7 9 5 5 6 7 11 12 11 5 8 8 9 7 10 6 6 6 11 7 6 7 5 
12 6 6 8 10 11 7 11 10 12 6 7 12 5 5 10 5 6 6 11 6 12 10 9 7 6 10 8 12 10 12 6 7 9 8 
11 7 8 10 8 7 9 11 10 9 9 12 7 5 11 10 8 12 5 8 7 10 9 9 11 12 8 6 9 6 10 7 5 8 8 
5 10 10 5 7 6 5 10 11 9 12 10 8 8 11 6 9 5 7 9 12 9 6 6 12 5 8 9 5 5 6 11 6 7 10 
10 11 10 7 8 11 9 10 11 7 10 10 5 5 11 12 5 12 5 10 6 8 11 5 6 8 12 8 9 6 7 7 7 7 7 
8 12 12 7 8 6 8 7 9 12 11 8 11 5 6 5 9 7 8 10 5 9 9 9 7 11 5 11 9 12 11 12 7 12 6 
10 5 11 11 7 9 10 12 5 11 9 5 9 10 8 6 11 9 10 8 5 9 7 11 11 9 9 6 10 12 9 8 11 10 11 
8 9 9 7 8 9 5 9 8 10 5 11 8 6 8 9 12 8 8 6 7 6 6 6 10 8 7 11 12 9 6 12 6 6 9 
10 7 5 8 5 6 8 11 7 6 10 11 7 7 9 12 9 10 12 9 11 5 7 9 11 8 5 9 7 7 5 10 5 9 8 
12 5 8 10 10 12 10 7 8 10 7 9 11 6 12 7 9 8 8 7 9 7 5 6 11 5 9 7 10 7 5 11 9 9 6 
9 5 10 10 7 9 12 5 7 7 7 5 12 6 5 11 7 7 9 11 5 5 12 5 12 11 9 5 6 8 10 8 12 9 9 
8 7 6 11 9 11 8 10 5 6 8 11 5 7 12 8 10 10 6 6 11 11 5 9 7 8 8 6 5 12 8 9 10 10 5 
9 11 7 12 9 12 11 8 8 8 9 7 11 9 12 6 9 10 12 7 8 12 10 9 6 6 9 9 10 9 5 8 12 10 9 
5 11 9 11 5 5 10 10 8 12 9 11 5 7 12 8 9 6 12 11 12 11 12 10 12 5 12 11 7 6 8 9 10 7 5 
7 7 11 12 5 7 10 11 9 12 7 7 7 11 11 6 12 8 11 5 7 10 8 5 10 8 6 11 8 12 7 8 7 7 8 
6 7 5 5 12 11 11 9 12 8 6 8 11 12 5 8 9 10 10 12 10 10 5 12 12 6 10 10 10 10 12 6 8 11 9 
12 7 12 8 12 11 12 9 11 12 12 12 8 10 8 12 10 12 5 5 8 11 10 12 8 10 9 6 12 9 7 12 9 11 10 
5 10 12 11 12 6 7 12 12 5 6 12 9 8 11 8 9 10 7 12 11 9 10 11 6 9 10 11 5 12 7 5 9 10 6 
12 8 7 12 11 5 6 7 11 8 8 7 5 8 10 10 6 5 5 8 9 11 7 12 9 12 11 12 6 5 12 11 7 12 8 
5 10 8 11 11 8 9 9 8 12 10 8 10 5 12 12 5 10 5 5 12 6 9 7 10 5 7 9 9 5 8 8 9 8 11 
12 10 9 5 10 5 5 7 12 8 12 8 7 9 7 12 11 5 5 5 8 9 9 10 7 9 6 5 6 7 6 9 9 6 6 
11 5 7 6 8 6 12 9 8 12 11 8 9 9 6 11 7 6 9 10 11 7 11 9 10 12 8 11 7 10 6 8 11 9 6 
10 12 6 6 12 12 12 5 12 11 7 6 11 8 10 9 10 12 9 6 7 7 9 12 8 7 7 9 7 6 6 10 7 11 5 
5 6 12 8 5 12 11 5 6 11 6 10 10 7 12 6 12 7 12 5 10 12 8 8 8 10 10 12 11 6 6 9 10 7 9 
6 12 7 8 11 6 11 11 8 12 9 11 12 11 10 10 8 12 8 11 5 11 10 10 11 8 6 12 12 6 6 10 8 10 6 
10 10 6 12 7 10 7 9 10 5 12 7 8 10 8 12 6 6 10 6 11 11 10 7 5 12 6 12 7 12 7 8 9 8 6 
6 8 10 11 6 8 7 7 7 7 11 7 7 11 12 12 7 7 12 9 11 10 11 5 8 9 12 10 6 6 6 5 8 8 6 
7 9 5 12 11 10 6 11 9 10 10 5 10 5 5 6 5 8 10 7 10 11 7 7 5 7 8 5 12 11 6 8 5 10 10 
10 10 7 5 11 6 12 9 10 5 7 5 9 6 6 5 10 12 12 9 12 6 5 7 11 12 6 11 7 11 8 6 11 10 7 
12 9 6 6 10 12 11 5 8 6 12 6 12 11 12 12 7 5 6 5 12 10 10 10 6 11 10 12 9 6 12 9 12 6 8 
7 5 9 12 9 5 11 6 8 6 10 10 11 10 9 5 9 6 8 9 6 7 12 9 5 11 11 8 6 12 11 5 8 8 11 
10 8 12 10 5 11 11 7 6 8 9 8 10 9 5 7 8 11 7 10 10 12 5 10 6 5 12 6 5 9 5 9 11 5 6 
9 9 7 11 10 8 12 5 10 7 12 10 6 6 9 12 5 11 9 6 11 5 7 5 9 8 9 12 11 9 5 10 10 10 5 
7 11 7 6 5 7 10 11 12 12 12 7 8 5 5 11 7 6 6 12 6 10 5 9 11 8 10 11 8 11 7 5 6 10 12 
7 9 7 12 6 11 11 10 6 11 10 8 10 7 11 10 11 7 11 6 8 12 10 6 5 9 6 10 7 9 7 7 6 9 11 
5 12 7 10 8 5 12 12 12 7 6 10 7 5 9 11 9 6 6 8 7 11 12 10 9 10 7 10 8 12 6 9 12 5 9 
9 5 5 11 12 9 10 12 11 5 9 10 10 7 5 10 10 12 6 9 7 5 6 8 11 7 8 7 10 11 10 8 8 11 5 
8 8 6 10 10 7 6 8 5 8 8 11 6 8 12 6 9 5 6 12 12 11 11 11 12 7 8 11 5 7 8 6 12 9 12 
8 7 12 8 9 7 5 12 8 5 10 8 10 11 12 11 12 12 8 6 5 6 6 12 7 7 6 5 8 6 8 11 12 11 11 
5 5 10 9 10 5 12 9 8 11 7 12 6 5 7 11 6 5 12 9 7 7 6 6 10 10 6 11 11 12 7 5 11 11 5 
12 12 10 5 11 12 8 5 5 5 8 5 5 12 12 6 6 9 10 10 5 6 12 5 12 12 11 10 9 10 12 9 6 8 6 
7 9 11 10 6 7 9 12 7 5 7 9 5 7 9 9 12 12 11 7 10 10 5 7 12 6 12 8 12 7 7 10 10 12 6 
9 9 10 10 10 12 10 9 5 8 11 9 12 11 12 7 11 5 12 8 9 6 6 7 6 8 7 8 5 7 10 6 12 6 6 
8 9 12 6 8 7 7 9 7 10 7 11 11 8 7 12 11 8 7 8 5 7 5 6 5 8 5 5 9 11 6 12 10 10 7 
8 6 8 11 11 12 11 9 11 7 12 6 9 7 5 7 11 12 10 10 5 12 10 12 11 7 8 8 10 9 5 6 8 9 8 
0 1 0 0 1 0 1 0 0 1 0 1 0 0 0 0 0 0 0 0 0 0 0 0 0 0 0 0 0 0 0 0 0 0 0 
0 0 1 0 0 0 0 0 0 0 0 0 0 0 0 0 0 0 0 0 0 0 0 0 0 0 0 0 0 0 0 0 0 0 0 
0 0 0 1 0 0 0 0 0 0 0 0 0 0 0 0 0 0 0 0 0 0 0 0 0 0 0 0 0 0 0 0 0 0 0 
0 0 0 0 0 0 0 0 0 0 1 0 0 0 0 0 0 0 0 0 0 0 0 0 0 0 0 0 0 0 0 0 0 0 0 
0 0 0 0 0 1 0 0 0 0 0 0 0 0 0 0 0 0 0 0 0 0 0 0 0 0 0 0 0 0 0 0 0 0 0 
0 0 0 0 0 0 1 1 0 0 0 0 0 0 0 0 0 0 0 0 0 0 0 0 0 0 0 0 0 0 0 0 0 0 0 
0 0 0 0 0 0 0 0 0 0 0 0 0 1 0 0 0 1 0 0 0 0 0 0 0 0 0 0 0 0 0 0 0 0 0 
0 0 0 0 0 0 0 0 1 0 0 0 0 0 0 0 0 0 0 0 0 0 0 0 0 0 0 0 0 0 0 0 0 0 0 
0 0 0 0 0 0 0 0 0 0 0 0 1 0 0 0 0 0 0 0 0 0 0 0 0 0 0 0 0 0 0 0 0 0 0 
0 0 0 0 0 0 0 0 0 0 0 0 0 1 0 0 0 0 0 0 0 0 0 0 0 0 0 0 0 0 0 0 0 0 0 
0 0 0 0 0 0 0 0 0 0 0 0 0 0 0 0 0 0 0 0 0 0 0 0 0 0 0 1 0 0 0 0 1 0 0 
0 0 0 0 0 0 0 0 0 0 0 0 0 0 0 0 0 1 0 0 0 0 0 0 0 0 0 0 0 0 0 0 0 0 0 
0 0 0 0 0 0 0 0 0 0 0 0 0 0 0 0 0 0 0 0 0 0 0 0 0 0 0 1 0 0 0 0 1 0 0 
0 0 0 0 0 0 0 0 0 0 0 0 0 0 1 0 0 0 0 0 0 0 0 0 0 0 0 0 0 0 0 0 0 0 0 
0 0 0 0 0 0 0 0 0 0 0 0 0 0 0 1 0 0 0 0 0 0 0 0 0 0 0 0 0 0 0 0 0 0 0 
0 0 0 0 0 0 0 0 0 0 0 0 0 0 0 0 0 0 0 0 1 0 0 0 0 0 0 0 0 0 0 0 0 0 0 
0 0 0 0 0 0 0 0 0 0 0 0 0 0 0 0 0 0 0 1 0 0 0 0 0 0 0 0 0 0 0 0 0 0 0 
0 0 0 0 0 0 0 0 0 0 0 0 0 0 0 0 0 0 1 0 0 0 0 0 0 0 0 0 0 0 0 0 0 0 0 
0 0 0 0 0 0 0 0 0 0 0 0 0 0 0 0 0 0 0 1 0 0 0 0 0 0 0 0 0 0 0 0 0 0 0 
0 0 0 0 0 0 0 0 0 0 0 0 0 0 0 0 0 0 0 0 1 0 0 0 0 0 0 0 0 0 0 0 0 0 0 
0 0 0 0 0 0 0 0 0 0 0 0 0 0 0 0 0 0 0 0 0 1 0 0 1 0 0 0 0 1 0 1 0 0 0 
0 0 0 0 0 0 0 0 0 0 0 0 0 0 0 0 0 0 0 0 0 0 1 0 0 0 0 0 0 0 0 0 0 0 0 
0 0 0 0 0 0 0 0 0 0 0 0 0 0 0 0 0 0 0 0 0 0 0 1 0 0 0 0 0 0 0 0 0 0 0 
0 0 0 0 0 0 0 0 0 0 0 0 0 0 0 0 0 0 0 0 0 0 0 0 0 0 1 0 0 0 0 0 0 0 0 
0 0 0 0 0 0 0 0 0 0 0 0 0 0 0 0 0 0 0 0 0 0 0 0 0 1 0 0 0 0 0 0 0 0 0 
0 0 0 0 0 0 0 0 0 0 0 0 0 0 0 0 0 0 0 0 0 0 0 0 0 0 1 0 0 0 0 0 0 0 0 
0 0 0 0 0 0 0 0 0 0 0 0 0 0 0 0 0 0 0 0 0 0 0 0 0 0 0 1 0 0 0 0 1 1 0 
0 0 0 0 0 0 0 0 0 0 0 0 0 0 0 0 0 0 0 0 0 0 0 0 0 0 0 0 1 0 0 0 0 0 0 
0 0 0 0 0 0 0 0 0 0 0 0 0 0 0 0 0 0 0 0 0 0 0 0 0 0 0 0 0 0 0 0 0 0 0 
0 0 0 0 0 0 0 0 0 0 0 0 0 0 0 0 0 0 0 0 0 0 0 0 0 0 0 0 0 0 1 0 0 0 0 
0 0 0 0 0 0 0 0 0 0 0 0 0 0 0 0 0 0 0 0 0 0 0 0 0 0 0 0 0 0 0 1 0 0 0 
0 0 0 0 0 0 0 0 0 0 0 0 0 0 0 0 0 0 0 0 0 0 0 0 0 0 0 0 0 0 0 0 1 0 0 
0 0 0 0 0 0 0 0 0 0 0 0 0 0 0 0 0 0 0 0 0 0 0 0 0 0 0 0 0 0 0 0 0 0 1 
0 0 0 0 0 0 0 0 0 0 0 0 0 0 0 0 0 0 0 0 0 0 0 0 0 0 0 0 0 0 0 0 0 0 0 
0 0 0 0 0 0 0 0 0 0 0 0 0 0 0 0 0 0 0 0 0 0 0 0 0 0 0 0 0 0 0 0 0 0 0
0.15 0.19 0.26 0.25 0.14 