<task number>
7
<station number>
2
<robot number>
4
<robot cost>
10.55
14.52
17.17
19.52
<number of precedence relation>
6
<precedence relation>
1 4
2 3
3 6
4 7
5 6
6 7
<task operation time by operation alternatives>
5 10000 9 10000 10000 10000 4 10000 10000 
6 10000 10000 10000 10000 10000 4 10000 4 
5 10000 10000 10000 10000 10000 10000 10000 3 
3 10000 10000 10000 10000 10000 10000 10000 10000 
4 10000 10000 6 5 10000 10000 3 3 
5 10000 10000 10000 7 10000 10000 10000 3 
1 10000 10000 10000 2 10000 10000 10000 1 
