111
4
4
9.43
12.46
16.10
20.46
176
1 2
2 3
3 4
4 5
4 6
4 7
4 8
4 9
4 10
5 39
6 39
7 83
8 71
9 32
10 11
10 12
11 13
11 14
11 15
11 16
11 17
11 18
11 19
11 20
11 21
12 13
12 14
12 15
12 16
12 17
12 18
12 19
12 20
12 21
13 71
14 22
14 23
14 24
14 25
15 26
16 27
17 28
18 29
19 30
20 91
21 111
22 31
22 83
23 32
23 33
24 69
24 70
25 34
26 82
27 35
28 36
29 37
30 38
31 39
32 41
33 111
34 42
35 43
36 44
36 91
37 45
37 91
38 46
38 91
39 40
40 111
41 69
41 70
42 47
43 48
43 49
44 50
45 51
46 52
47 54
47 55
47 56
47 57
47 58
47 59
47 60
48 53
49 91
50 111
51 111
52 111
53 111
54 69
54 70
55 61
55 62
55 63
56 63
56 64
57 65
57 91
58 66
58 91
59 67
59 91
60 68
60 91
61 69
61 70
62 71
63 111
64 72
65 111
66 111
67 111
68 111
69 77
69 78
70 73
71 91
72 74
73 75
74 76
75 77
75 78
75 79
76 80
76 81
76 82
77 83
78 84
79 85
80 86
80 91
81 87
81 91
82 111
83 91
84 88
84 89
84 91
85 111
86 111
87 90
88 105
89 105
90 111
91 92
91 93
91 94
92 95
93 95
94 95
95 96
95 97
95 98
95 99
95 100
95 104
96 101
97 102
98 103
99 111
100 111
101 105
102 106
102 107
103 107
103 108
104 111
105 111
106 109
107 111
108 110
109 111
110 111
1960 3920 10000 10000 10000 1372 10000 1176 10000 
1715 10000 10000 10000 10000 1201 10000 1029 944 
735 10000 1287 10000 919 515 478 10000 405 
1715 10000 10000 10000 10000 10000 10000 10000 944 
490 10000 10000 735 10000 10000 10000 294 10000 
1225 10000 10000 10000 1532 10000 10000 735 674 
169 338 10000 254 10000 119 10000 102 10000 
2252 4504 10000 10000 2815 1577 10000 10000 1239 
1225 10000 2144 10000 1532 10000 797 735 674 
2319 10000 10000 10000 10000 10000 10000 10000 1276 
1715 3430 10000 2573 2144 1201 1115 1029 944 
980 1960 10000 1470 10000 686 10000 588 10000 
735 10000 10000 10000 10000 515 10000 441 405 
2281 10000 10000 10000 10000 10000 1483 10000 10000 
2750 10000 10000 4125 10000 10000 1788 1650 10000 
77 10000 10000 10000 10000 10000 10000 10000 10000 
89 178 156 10000 10000 63 58 10000 49 
51 10000 10000 10000 10000 36 10000 10000 29 
364 10000 637 10000 10000 10000 237 219 201 
405 810 10000 10000 507 284 10000 10000 223 
3060 6120 10000 10000 10000 2142 10000 10000 1683 
125 10000 10000 10000 157 88 10000 75 69 
3429 10000 10000 5144 10000 2401 2229 2058 10000 
43 86 10000 10000 54 31 28 10000 24 
3430 10000 10000 10000 10000 10000 10000 2058 1887 
1960 10000 10000 2940 2450 10000 10000 1176 1078 
29 10000 10000 10000 10000 10000 19 18 10000 
27 54 48 10000 34 19 18 10000 15 
15 30 10000 10000 10000 11 10000 9 10000 
121 10000 10000 10000 10000 85 10000 10000 10000 
1715 10000 3002 10000 2144 1201 1115 1029 944 
2127 4254 10000 10000 10000 1489 10000 10000 10000 
1470 2940 10000 10000 10000 1029 956 882 809 
4037 10000 10000 6056 10000 10000 10000 2423 2221 
68 10000 10000 10000 10000 10000 45 10000 10000 
62 10000 10000 10000 78 10000 10000 10000 35 
42 10000 74 10000 10000 10000 28 10000 24 
364 10000 10000 10000 10000 10000 237 10000 201 
4998 9996 10000 10000 10000 3499 10000 2999 2749 
1470 10000 2573 10000 1838 10000 956 882 809 
2963 10000 5186 10000 10000 10000 1926 10000 1630 
5689 10000 10000 10000 10000 10000 10000 10000 3129 
68 10000 119 10000 10000 10000 45 10000 38 
18 10000 10000 10000 10000 10000 10000 11 10 
10 10000 10000 15 10000 10000 10000 6 10000 
81 10000 10000 10000 10000 10000 10000 10000 10000 
5200 10000 9100 10000 10000 10000 3380 10000 2860 
39 10000 10000 10000 10000 10000 26 10000 10000 
67 10000 10000 10000 10000 47 10000 10000 10000 
27 54 10000 10000 34 19 10000 10000 15 
15 30 27 10000 10000 11 10 9 9 
121 10000 10000 10000 10000 85 79 10000 10000 
58 116 10000 10000 10000 41 10000 10000 10000 
1715 10000 10000 10000 10000 10000 1115 1029 944 
125 250 10000 10000 10000 88 82 10000 69 
4010 8020 10000 10000 5013 2807 10000 10000 2206 
1470 10000 10000 10000 10000 1029 10000 10000 10000 
1470 10000 10000 10000 10000 10000 956 882 10000 
2303 10000 10000 10000 10000 10000 10000 10000 1267 
1960 10000 10000 10000 2450 10000 10000 10000 1078 
2205 10000 10000 10000 10000 10000 1434 10000 1213 
4018 10000 10000 10000 10000 10000 10000 10000 10000 
2744 10000 10000 10000 10000 10000 1784 10000 1510 
2999 10000 10000 10000 10000 10000 10000 10000 10000 
735 10000 1287 10000 10000 10000 478 441 405 
735 10000 10000 1103 10000 10000 10000 441 10000 
735 1470 10000 10000 10000 515 10000 441 10000 
735 1470 1287 10000 919 515 478 10000 405 
545 10000 10000 10000 10000 10000 10000 10000 10000 
3386 10000 5926 5079 10000 10000 2201 2032 10000 
3234 6468 5660 10000 10000 2264 2103 10000 10000 
2205 10000 3859 10000 10000 10000 1434 10000 10000 
2206 10000 10000 10000 10000 10000 1434 1324 1214 
490 980 858 10000 10000 343 319 10000 270 
825 10000 1444 10000 10000 578 537 10000 454 
3528 10000 10000 10000 4410 2470 10000 10000 1941 
3568 10000 10000 10000 10000 10000 10000 10000 10000 
1200 10000 10000 1800 10000 840 10000 720 10000 
618 10000 10000 10000 10000 10000 10000 371 10000 
1470 10000 10000 10000 10000 10000 956 882 809 
1715 10000 3002 10000 2144 10000 1115 1029 944 
735 10000 10000 10000 10000 10000 10000 10000 405 
1960 10000 3430 2940 10000 1372 1274 1176 10000 
2889 10000 5056 10000 3612 2023 1878 1734 1589 
618 1236 10000 10000 10000 433 402 10000 340 
490 10000 10000 10000 613 10000 319 10000 270 
735 10000 1287 1103 10000 10000 478 441 405 
490 10000 10000 10000 10000 10000 319 294 270 
921 10000 10000 10000 10000 10000 599 10000 507 
326 10000 10000 10000 408 10000 212 196 180 
5390 10000 10000 10000 6738 3773 10000 10000 2965 
243 10000 10000 10000 10000 10000 158 146 10000 
371 742 10000 10000 464 260 10000 10000 205 
58 10000 102 87 10000 10000 38 35 10000 
5059 10000 8854 7589 10000 3542 3289 3036 10000 
1225 2450 10000 1838 10000 858 10000 735 10000 
769 10000 1346 10000 10000 10000 500 10000 10000 
768 10000 10000 10000 960 10000 500 10000 423 
1670 10000 10000 2505 10000 1169 10000 1002 10000 
1670 10000 10000 2505 10000 10000 10000 1002 10000 
490 980 858 10000 10000 343 319 10000 10000 
202 10000 10000 10000 10000 10000 10000 122 112 
203 10000 10000 10000 10000 10000 10000 122 10000 
202 10000 10000 10000 10000 142 10000 10000 112 
2744 5488 10000 10000 10000 1921 1784 1647 1510 
162 10000 284 243 10000 10000 106 98 90 
324 10000 10000 10000 10000 10000 10000 10000 10000 
162 10000 10000 10000 10000 10000 10000 10000 10000 
121 10000 10000 10000 10000 85 10000 73 10000 
162 324 10000 10000 10000 114 106 10000 90 
91 10000 160 137 10000 10000 60 55 10000 
