111
25
4
9.85
14.38
19.27
24.84
176
1 2
2 3
3 4
4 5
4 6
4 7
4 8
4 9
4 10
5 39
6 39
7 83
8 71
9 32
10 11
10 12
11 13
11 14
11 15
11 16
11 17
11 18
11 19
11 20
11 21
12 13
12 14
12 15
12 16
12 17
12 18
12 19
12 20
12 21
13 71
14 22
14 23
14 24
14 25
15 26
16 27
17 28
18 29
19 30
20 91
21 111
22 31
22 83
23 32
23 33
24 69
24 70
25 34
26 82
27 35
28 36
29 37
30 38
31 39
32 41
33 111
34 42
35 43
36 44
36 91
37 45
37 91
38 46
38 91
39 40
40 111
41 69
41 70
42 47
43 48
43 49
44 50
45 51
46 52
47 54
47 55
47 56
47 57
47 58
47 59
47 60
48 53
49 91
50 111
51 111
52 111
53 111
54 69
54 70
55 61
55 62
55 63
56 63
56 64
57 65
57 91
58 66
58 91
59 67
59 91
60 68
60 91
61 69
61 70
62 71
63 111
64 72
65 111
66 111
67 111
68 111
69 77
69 78
70 73
71 91
72 74
73 75
74 76
75 77
75 78
75 79
76 80
76 81
76 82
77 83
78 84
79 85
80 86
80 91
81 87
81 91
82 111
83 91
84 88
84 89
84 91
85 111
86 111
87 90
88 105
89 105
90 111
91 92
91 93
91 94
92 95
93 95
94 95
95 96
95 97
95 98
95 99
95 100
95 104
96 101
97 102
98 103
99 111
100 111
101 105
102 106
102 107
103 107
103 108
104 111
105 111
106 109
107 111
108 110
109 111
110 111
1960 10000 3430 10000 10000 10000 1274 10000 1078 
1715 3430 3002 2573 10000 1201 1115 1029 10000 
735 10000 1287 10000 10000 10000 478 10000 10000 
1715 10000 3002 10000 10000 10000 1115 10000 944 
490 10000 10000 10000 10000 10000 10000 10000 10000 
1225 10000 10000 10000 10000 10000 797 735 10000 
169 10000 296 10000 10000 119 110 10000 93 
2252 10000 10000 10000 2815 10000 10000 10000 1239 
1225 10000 2144 10000 10000 10000 797 10000 674 
2319 4638 10000 10000 10000 1624 10000 1392 1276 
1715 3430 3002 10000 10000 1201 1115 10000 944 
980 10000 10000 10000 10000 10000 10000 588 539 
735 10000 10000 1103 919 10000 10000 441 405 
2281 10000 3992 3422 10000 1597 1483 1369 10000 
2750 5500 10000 10000 3438 1925 10000 1650 1513 
77 154 10000 10000 10000 54 10000 47 10000 
89 10000 10000 10000 10000 10000 10000 54 49 
51 10000 10000 10000 10000 10000 10000 10000 10000 
364 10000 10000 546 10000 10000 237 219 10000 
405 10000 10000 10000 10000 284 10000 10000 223 
3060 10000 10000 10000 10000 10000 10000 10000 10000 
125 10000 10000 188 157 10000 10000 75 69 
3429 10000 10000 10000 4287 10000 10000 2058 1886 
43 10000 76 10000 10000 10000 28 10000 24 
3430 10000 10000 10000 10000 10000 10000 10000 1887 
1960 10000 10000 10000 10000 10000 10000 1176 1078 
29 10000 10000 10000 10000 10000 10000 10000 16 
27 10000 48 10000 10000 19 18 17 10000 
15 10000 10000 10000 10000 10000 10000 9 9 
121 10000 10000 10000 10000 10000 10000 10000 10000 
1715 10000 10000 2573 10000 10000 10000 1029 944 
2127 10000 10000 10000 10000 10000 10000 10000 10000 
1470 10000 10000 10000 10000 1029 10000 882 10000 
4037 10000 10000 10000 10000 10000 10000 2423 2221 
68 10000 10000 102 10000 10000 10000 41 10000 
62 10000 10000 10000 10000 10000 10000 10000 35 
42 10000 10000 10000 10000 30 10000 10000 24 
364 10000 10000 10000 455 10000 10000 10000 201 
4998 10000 10000 10000 10000 10000 10000 10000 10000 
1470 2940 10000 10000 10000 1029 10000 10000 10000 
2963 10000 10000 10000 10000 10000 1926 10000 1630 
5689 10000 9956 10000 7112 10000 3698 3414 3129 
68 10000 10000 10000 10000 10000 45 10000 10000 
18 10000 10000 10000 23 10000 12 10000 10 
10 10000 18 10000 10000 10000 7 10000 10000 
81 10000 10000 122 10000 57 10000 49 10000 
5200 10400 9100 10000 10000 3640 3380 10000 2860 
39 10000 69 10000 49 28 26 24 22 
67 10000 10000 10000 10000 47 10000 10000 10000 
27 54 10000 10000 34 19 10000 17 15 
15 10000 10000 10000 10000 10000 10000 10000 10000 
121 10000 10000 10000 10000 85 10000 10000 10000 
58 10000 10000 10000 10000 10000 10000 35 32 
1715 3430 10000 2573 2144 1201 10000 1029 944 
125 10000 219 10000 10000 10000 82 10000 10000 
4010 10000 10000 10000 10000 10000 2607 10000 2206 
1470 10000 10000 10000 10000 1029 956 10000 10000 
1470 10000 10000 10000 10000 10000 10000 10000 10000 
2303 10000 10000 10000 10000 1613 1497 10000 10000 
1960 10000 10000 10000 10000 10000 10000 10000 1078 
2205 10000 3859 10000 2757 10000 1434 10000 1213 
4018 10000 7032 10000 10000 2813 2612 10000 10000 
2744 10000 10000 10000 10000 10000 10000 10000 1510 
2999 10000 10000 10000 10000 2100 1950 10000 10000 
735 1470 10000 10000 10000 515 478 441 405 
735 1470 10000 10000 10000 515 478 441 405 
735 10000 10000 1103 919 10000 10000 441 405 
735 10000 10000 10000 10000 10000 478 10000 405 
545 10000 954 10000 682 10000 355 10000 300 
3386 10000 10000 5079 4233 10000 2201 2032 1863 
3234 10000 5660 4851 4043 10000 2103 1941 1779 
2205 10000 3859 10000 10000 10000 1434 10000 10000 
2206 10000 10000 10000 10000 10000 10000 1324 1214 
490 10000 10000 10000 10000 10000 10000 10000 10000 
825 10000 10000 10000 10000 10000 537 10000 10000 
3528 10000 10000 5292 10000 10000 2294 2117 1941 
3568 10000 10000 10000 10000 10000 2320 10000 10000 
1200 10000 2100 10000 10000 840 780 10000 660 
618 10000 1082 10000 773 10000 402 10000 340 
1470 10000 10000 10000 10000 1029 956 10000 809 
1715 10000 10000 10000 10000 10000 1115 1029 10000 
735 10000 10000 10000 919 10000 478 10000 405 
1960 10000 10000 10000 2450 1372 10000 1176 1078 
2889 10000 10000 10000 3612 10000 10000 1734 1589 
618 10000 10000 10000 10000 10000 10000 10000 340 
490 980 10000 735 10000 343 10000 294 10000 
735 10000 10000 10000 10000 10000 10000 10000 10000 
490 10000 10000 10000 10000 343 10000 10000 270 
921 10000 10000 10000 10000 645 10000 553 507 
326 10000 10000 10000 408 10000 10000 10000 180 
5390 10780 10000 8085 10000 3773 10000 3234 2965 
243 10000 10000 10000 10000 10000 158 10000 134 
371 10000 10000 10000 10000 10000 242 10000 10000 
58 116 10000 10000 10000 41 10000 35 10000 
5059 10000 10000 10000 6324 10000 10000 10000 2783 
1225 10000 10000 10000 10000 10000 10000 10000 10000 
769 10000 10000 10000 10000 10000 10000 10000 423 
768 10000 10000 10000 960 10000 10000 10000 423 
1670 10000 2923 2505 2088 10000 1086 1002 919 
1670 10000 10000 10000 10000 10000 10000 10000 919 
490 10000 858 10000 10000 10000 319 294 10000 
202 404 354 10000 10000 142 132 10000 10000 
203 10000 10000 305 254 10000 10000 122 112 
202 10000 10000 303 10000 142 10000 122 10000 
2744 10000 10000 10000 10000 10000 10000 10000 1510 
162 10000 10000 10000 10000 10000 10000 10000 10000 
324 10000 10000 10000 10000 10000 211 10000 10000 
162 10000 10000 10000 10000 10000 10000 98 10000 
121 10000 212 10000 10000 85 79 73 10000 
162 10000 10000 10000 203 10000 106 10000 90 
91 182 10000 10000 10000 64 10000 10000 51 
