111
22
4
9.82
13.63
17.88
24.49
176
1 2
2 3
3 4
4 5
4 6
4 7
4 8
4 9
4 10
5 39
6 39
7 83
8 71
9 32
10 11
10 12
11 13
11 14
11 15
11 16
11 17
11 18
11 19
11 20
11 21
12 13
12 14
12 15
12 16
12 17
12 18
12 19
12 20
12 21
13 71
14 22
14 23
14 24
14 25
15 26
16 27
17 28
18 29
19 30
20 91
21 111
22 31
22 83
23 32
23 33
24 69
24 70
25 34
26 82
27 35
28 36
29 37
30 38
31 39
32 41
33 111
34 42
35 43
36 44
36 91
37 45
37 91
38 46
38 91
39 40
40 111
41 69
41 70
42 47
43 48
43 49
44 50
45 51
46 52
47 54
47 55
47 56
47 57
47 58
47 59
47 60
48 53
49 91
50 111
51 111
52 111
53 111
54 69
54 70
55 61
55 62
55 63
56 63
56 64
57 65
57 91
58 66
58 91
59 67
59 91
60 68
60 91
61 69
61 70
62 71
63 111
64 72
65 111
66 111
67 111
68 111
69 77
69 78
70 73
71 91
72 74
73 75
74 76
75 77
75 78
75 79
76 80
76 81
76 82
77 83
78 84
79 85
80 86
80 91
81 87
81 91
82 111
83 91
84 88
84 89
84 91
85 111
86 111
87 90
88 105
89 105
90 111
91 92
91 93
91 94
92 95
93 95
94 95
95 96
95 97
95 98
95 99
95 100
95 104
96 101
97 102
98 103
99 111
100 111
101 105
102 106
102 107
103 107
103 108
104 111
105 111
106 109
107 111
108 110
109 111
110 111
1960 10000 10000 10000 2450 1372 10000 10000 1078 
1715 10000 10000 10000 10000 10000 10000 1029 10000 
735 1470 10000 10000 10000 515 10000 10000 10000 
1715 10000 10000 10000 2144 10000 10000 10000 944 
490 10000 10000 10000 613 10000 10000 10000 270 
1225 10000 10000 10000 10000 10000 10000 10000 10000 
169 338 10000 10000 10000 119 10000 102 10000 
2252 4504 3941 3378 2815 1577 1464 1352 1239 
1225 10000 2144 1838 10000 10000 797 735 674 
2319 10000 10000 10000 10000 10000 1508 10000 10000 
1715 10000 3002 2573 2144 1201 1115 1029 944 
980 10000 10000 10000 1225 10000 10000 10000 539 
735 1470 10000 10000 10000 515 10000 10000 405 
2281 10000 3992 3422 10000 10000 1483 1369 10000 
2750 5500 10000 10000 10000 1925 10000 1650 1513 
77 10000 10000 10000 10000 54 10000 47 10000 
89 10000 10000 10000 10000 10000 10000 54 49 
51 10000 10000 10000 10000 10000 10000 10000 10000 
364 10000 10000 10000 455 255 237 10000 201 
405 810 10000 10000 10000 284 10000 243 223 
3060 10000 10000 10000 3825 10000 10000 1836 1683 
125 10000 10000 188 157 88 10000 75 69 
3429 10000 10000 10000 10000 10000 10000 10000 10000 
43 10000 10000 10000 54 10000 28 10000 24 
3430 10000 6003 10000 10000 10000 2230 10000 10000 
1960 10000 10000 10000 10000 10000 10000 1176 10000 
29 10000 10000 44 10000 10000 10000 18 16 
27 10000 10000 10000 10000 10000 10000 10000 15 
15 30 10000 10000 10000 11 10000 10000 9 
121 242 10000 182 10000 85 10000 73 67 
1715 10000 10000 10000 10000 1201 10000 1029 944 
2127 10000 10000 10000 10000 10000 10000 1277 1170 
1470 10000 10000 10000 10000 1029 10000 10000 10000 
4037 10000 10000 10000 5047 10000 2625 10000 2221 
68 10000 119 10000 85 48 45 10000 38 
62 10000 10000 10000 10000 10000 10000 10000 10000 
42 10000 10000 10000 10000 10000 28 26 10000 
364 728 10000 10000 455 255 10000 10000 201 
4998 10000 10000 10000 6248 10000 10000 10000 2749 
1470 2940 10000 10000 10000 1029 956 10000 10000 
2963 10000 10000 10000 10000 10000 10000 10000 1630 
5689 11378 9956 10000 10000 3983 3698 3414 10000 
68 10000 10000 10000 10000 10000 10000 10000 10000 
18 10000 32 10000 23 13 12 10000 10 
10 10000 10000 10000 10000 10000 10000 6 6 
81 10000 142 122 102 10000 53 49 45 
5200 10000 9100 10000 6500 10000 3380 10000 2860 
39 78 10000 10000 10000 28 10000 24 10000 
67 10000 118 10000 10000 47 44 10000 10000 
27 10000 10000 10000 10000 10000 18 10000 10000 
15 10000 10000 23 10000 10000 10000 9 10000 
121 10000 10000 10000 10000 10000 10000 10000 10000 
58 116 10000 10000 73 41 10000 10000 32 
1715 10000 10000 10000 10000 10000 1115 1029 944 
125 10000 219 10000 10000 10000 82 10000 10000 
4010 10000 10000 10000 10000 10000 2607 2406 10000 
1470 10000 10000 10000 10000 1029 956 10000 10000 
1470 10000 10000 10000 10000 10000 956 10000 809 
2303 10000 10000 10000 10000 1613 10000 1382 1267 
1960 3920 10000 10000 10000 1372 1274 1176 1078 
2205 10000 10000 10000 10000 10000 1434 1323 10000 
4018 10000 10000 6027 10000 10000 10000 2411 10000 
2744 10000 4802 10000 3430 10000 1784 10000 1510 
2999 10000 10000 10000 10000 10000 1950 10000 10000 
735 10000 1287 10000 10000 10000 478 441 10000 
735 10000 10000 10000 10000 10000 10000 10000 10000 
735 10000 10000 10000 10000 515 10000 10000 405 
735 1470 10000 1103 10000 515 478 441 10000 
545 10000 10000 10000 10000 10000 10000 10000 10000 
3386 10000 5926 10000 10000 10000 2201 2032 10000 
3234 6468 10000 4851 4043 2264 10000 1941 1779 
2205 10000 10000 10000 10000 10000 10000 10000 1213 
2206 10000 3861 10000 10000 10000 1434 1324 1214 
490 10000 10000 10000 10000 10000 10000 10000 10000 
825 1650 10000 10000 10000 578 10000 10000 454 
3528 7056 10000 10000 10000 2470 10000 10000 10000 
3568 10000 10000 5352 10000 10000 10000 2141 10000 
1200 10000 10000 1800 1500 10000 780 720 660 
618 1236 10000 10000 10000 433 10000 371 10000 
1470 10000 2573 10000 10000 10000 956 10000 809 
1715 10000 10000 2573 10000 10000 10000 1029 944 
735 10000 1287 10000 919 515 478 10000 405 
1960 10000 10000 2940 10000 10000 10000 1176 10000 
2889 10000 5056 10000 10000 10000 1878 1734 1589 
618 1236 10000 927 10000 433 402 371 10000 
490 10000 858 735 10000 343 319 294 270 
735 10000 10000 10000 919 10000 10000 441 405 
490 10000 858 10000 613 343 319 10000 270 
921 10000 10000 10000 10000 10000 599 553 10000 
326 10000 10000 489 10000 10000 10000 196 10000 
5390 10000 10000 10000 6738 10000 10000 10000 2965 
243 10000 10000 10000 10000 10000 10000 146 134 
371 742 650 10000 464 260 242 10000 205 
58 116 10000 10000 10000 41 10000 10000 32 
5059 10000 10000 10000 10000 10000 10000 10000 10000 
1225 10000 10000 10000 1532 10000 797 10000 674 
769 10000 1346 1154 10000 10000 500 462 10000 
768 10000 10000 1152 960 538 500 461 423 
1670 10000 10000 10000 10000 10000 10000 10000 10000 
1670 10000 10000 2505 10000 10000 1086 1002 10000 
490 980 10000 735 613 343 10000 294 270 
202 10000 10000 10000 253 10000 10000 10000 112 
203 10000 10000 305 10000 10000 132 122 10000 
202 10000 10000 303 10000 10000 10000 122 10000 
2744 10000 10000 10000 10000 10000 10000 1647 10000 
162 10000 10000 10000 10000 10000 10000 98 10000 
324 648 10000 10000 10000 227 10000 10000 179 
162 324 284 10000 10000 114 106 10000 10000 
121 10000 10000 10000 10000 85 10000 73 10000 
162 10000 10000 10000 203 10000 10000 98 90 
91 10000 10000 10000 114 10000 60 10000 51 
