111
13
4
10.11
13.86
16.74
20.16
176
1 2
2 3
3 4
4 5
4 6
4 7
4 8
4 9
4 10
5 39
6 39
7 83
8 71
9 32
10 11
10 12
11 13
11 14
11 15
11 16
11 17
11 18
11 19
11 20
11 21
12 13
12 14
12 15
12 16
12 17
12 18
12 19
12 20
12 21
13 71
14 22
14 23
14 24
14 25
15 26
16 27
17 28
18 29
19 30
20 91
21 111
22 31
22 83
23 32
23 33
24 69
24 70
25 34
26 82
27 35
28 36
29 37
30 38
31 39
32 41
33 111
34 42
35 43
36 44
36 91
37 45
37 91
38 46
38 91
39 40
40 111
41 69
41 70
42 47
43 48
43 49
44 50
45 51
46 52
47 54
47 55
47 56
47 57
47 58
47 59
47 60
48 53
49 91
50 111
51 111
52 111
53 111
54 69
54 70
55 61
55 62
55 63
56 63
56 64
57 65
57 91
58 66
58 91
59 67
59 91
60 68
60 91
61 69
61 70
62 71
63 111
64 72
65 111
66 111
67 111
68 111
69 77
69 78
70 73
71 91
72 74
73 75
74 76
75 77
75 78
75 79
76 80
76 81
76 82
77 83
78 84
79 85
80 86
80 91
81 87
81 91
82 111
83 91
84 88
84 89
84 91
85 111
86 111
87 90
88 105
89 105
90 111
91 92
91 93
91 94
92 95
93 95
94 95
95 96
95 97
95 98
95 99
95 100
95 104
96 101
97 102
98 103
99 111
100 111
101 105
102 106
102 107
103 107
103 108
104 111
105 111
106 109
107 111
108 110
109 111
110 111
1960 10000 10000 2940 10000 1372 10000 1176 1078 
1715 10000 10000 2573 10000 10000 10000 1029 10000 
735 10000 10000 10000 919 515 10000 441 405 
1715 10000 10000 10000 2144 10000 10000 1029 944 
490 10000 10000 10000 10000 343 319 10000 270 
1225 2450 2144 10000 10000 858 797 10000 10000 
169 10000 10000 10000 10000 10000 110 10000 10000 
2252 10000 3941 3378 10000 10000 1464 1352 10000 
1225 10000 10000 10000 1532 10000 10000 10000 674 
2319 10000 10000 10000 2899 10000 10000 10000 1276 
1715 3430 10000 10000 10000 1201 1115 10000 10000 
980 10000 1715 1470 1225 686 637 588 539 
735 10000 1287 10000 919 515 478 10000 405 
2281 10000 10000 10000 10000 1597 1483 10000 10000 
2750 10000 10000 10000 10000 10000 10000 1650 1513 
77 154 135 10000 10000 54 51 47 43 
89 10000 10000 10000 10000 10000 10000 10000 49 
51 10000 10000 77 10000 10000 10000 31 29 
364 728 10000 10000 10000 255 237 10000 10000 
405 810 10000 10000 10000 284 10000 10000 223 
3060 10000 10000 10000 3825 10000 10000 1836 1683 
125 10000 10000 10000 10000 88 10000 10000 69 
3429 6858 10000 5144 10000 2401 10000 2058 10000 
43 10000 10000 10000 10000 10000 10000 10000 24 
3430 10000 10000 10000 4288 10000 2230 10000 1887 
1960 10000 3430 2940 10000 10000 1274 1176 10000 
29 10000 10000 10000 37 21 19 18 16 
27 54 10000 41 10000 19 10000 17 10000 
15 10000 27 23 10000 10000 10 9 10000 
121 10000 10000 182 10000 85 79 73 10000 
1715 10000 10000 10000 10000 10000 10000 10000 10000 
2127 10000 10000 10000 10000 1489 10000 1277 1170 
1470 10000 10000 10000 10000 10000 10000 10000 10000 
4037 10000 10000 10000 10000 10000 10000 10000 10000 
68 136 10000 10000 10000 48 45 41 38 
62 10000 10000 93 10000 10000 10000 38 10000 
42 10000 74 10000 10000 10000 28 10000 10000 
364 10000 10000 10000 10000 10000 10000 219 10000 
4998 10000 10000 7497 10000 10000 3249 2999 10000 
1470 2940 10000 2205 10000 1029 10000 882 10000 
2963 10000 10000 10000 10000 10000 1926 10000 1630 
5689 10000 10000 10000 10000 10000 3698 10000 10000 
68 10000 119 10000 10000 10000 45 10000 10000 
18 10000 10000 10000 23 10000 12 10000 10 
10 10000 10000 10000 10000 10000 10000 6 10000 
81 10000 10000 10000 10000 10000 10000 49 10000 
5200 10000 10000 7800 10000 10000 3380 3120 2860 
39 10000 10000 59 10000 10000 26 24 22 
67 10000 10000 10000 10000 10000 44 10000 37 
27 54 48 10000 10000 19 18 17 15 
15 30 10000 10000 10000 11 10000 10000 9 
121 10000 10000 10000 152 10000 79 10000 67 
58 10000 10000 10000 10000 10000 10000 35 32 
1715 3430 10000 10000 10000 1201 10000 10000 944 
125 10000 10000 10000 10000 88 10000 10000 69 
4010 10000 10000 6015 5013 10000 2607 2406 2206 
1470 2940 10000 10000 10000 1029 10000 10000 809 
1470 10000 10000 10000 10000 10000 10000 10000 10000 
2303 10000 10000 10000 10000 10000 1497 1382 10000 
1960 10000 10000 10000 10000 10000 1274 1176 1078 
2205 10000 10000 10000 2757 1544 1434 10000 1213 
4018 10000 10000 10000 5023 10000 2612 2411 2210 
2744 10000 4802 4116 10000 10000 1784 1647 10000 
2999 10000 5249 10000 10000 10000 1950 10000 1650 
735 1470 10000 1103 10000 515 10000 441 10000 
735 10000 1287 10000 10000 515 478 441 405 
735 10000 10000 1103 919 10000 10000 441 405 
735 10000 10000 1103 10000 10000 10000 441 10000 
545 10000 10000 10000 10000 10000 10000 10000 300 
3386 10000 10000 10000 10000 10000 10000 10000 1863 
3234 10000 10000 10000 10000 10000 10000 10000 10000 
2205 10000 3859 10000 2757 10000 1434 10000 1213 
2206 10000 10000 3309 10000 10000 1434 1324 10000 
490 980 10000 735 10000 343 319 294 270 
825 1650 10000 1238 10000 578 10000 495 10000 
3528 10000 6174 10000 4410 10000 2294 10000 1941 
3568 7136 6244 5352 10000 2498 2320 2141 10000 
1200 10000 10000 10000 10000 10000 10000 720 660 
618 10000 10000 10000 10000 10000 402 371 10000 
1470 10000 10000 2205 10000 10000 10000 882 809 
1715 10000 10000 10000 10000 1201 10000 10000 10000 
735 10000 10000 10000 10000 515 10000 10000 405 
1960 3920 10000 10000 10000 1372 1274 1176 10000 
2889 10000 10000 10000 10000 2023 10000 10000 1589 
618 10000 1082 10000 10000 10000 402 371 10000 
490 10000 10000 10000 613 10000 319 10000 270 
735 10000 1287 10000 919 10000 478 441 405 
490 10000 858 10000 613 10000 319 10000 270 
921 10000 1612 10000 10000 10000 599 10000 507 
326 10000 10000 10000 408 10000 10000 196 180 
5390 10000 10000 10000 10000 10000 10000 3234 10000 
243 10000 10000 10000 304 10000 10000 10000 134 
371 10000 10000 10000 10000 260 10000 10000 205 
58 10000 10000 10000 10000 10000 10000 10000 32 
5059 10000 10000 7589 10000 10000 10000 3036 2783 
1225 10000 10000 10000 10000 10000 797 735 10000 
769 1538 10000 1154 10000 539 10000 462 423 
768 10000 10000 10000 10000 10000 10000 10000 423 
1670 10000 10000 10000 10000 10000 10000 10000 10000 
1670 3340 10000 2505 10000 1169 1086 1002 10000 
490 10000 858 10000 10000 343 319 294 270 
202 10000 10000 303 10000 10000 132 122 112 
203 10000 10000 305 10000 10000 10000 122 112 
202 404 10000 10000 253 142 10000 10000 112 
2744 10000 10000 10000 10000 10000 10000 10000 10000 
162 10000 284 10000 203 114 106 10000 90 
324 10000 10000 486 10000 10000 211 195 10000 
162 10000 10000 10000 10000 114 10000 10000 10000 
121 10000 10000 10000 10000 10000 79 10000 67 
162 10000 10000 10000 10000 10000 10000 10000 10000 
91 182 10000 10000 10000 64 10000 55 51 
