111
15
4
10.70
15.26
15.88
20.64
176
1 2
2 3
3 4
4 5
4 6
4 7
4 8
4 9
4 10
5 39
6 39
7 83
8 71
9 32
10 11
10 12
11 13
11 14
11 15
11 16
11 17
11 18
11 19
11 20
11 21
12 13
12 14
12 15
12 16
12 17
12 18
12 19
12 20
12 21
13 71
14 22
14 23
14 24
14 25
15 26
16 27
17 28
18 29
19 30
20 91
21 111
22 31
22 83
23 32
23 33
24 69
24 70
25 34
26 82
27 35
28 36
29 37
30 38
31 39
32 41
33 111
34 42
35 43
36 44
36 91
37 45
37 91
38 46
38 91
39 40
40 111
41 69
41 70
42 47
43 48
43 49
44 50
45 51
46 52
47 54
47 55
47 56
47 57
47 58
47 59
47 60
48 53
49 91
50 111
51 111
52 111
53 111
54 69
54 70
55 61
55 62
55 63
56 63
56 64
57 65
57 91
58 66
58 91
59 67
59 91
60 68
60 91
61 69
61 70
62 71
63 111
64 72
65 111
66 111
67 111
68 111
69 77
69 78
70 73
71 91
72 74
73 75
74 76
75 77
75 78
75 79
76 80
76 81
76 82
77 83
78 84
79 85
80 86
80 91
81 87
81 91
82 111
83 91
84 88
84 89
84 91
85 111
86 111
87 90
88 105
89 105
90 111
91 92
91 93
91 94
92 95
93 95
94 95
95 96
95 97
95 98
95 99
95 100
95 104
96 101
97 102
98 103
99 111
100 111
101 105
102 106
102 107
103 107
103 108
104 111
105 111
106 109
107 111
108 110
109 111
110 111
1960 10000 10000 2940 10000 1372 10000 1176 10000 
1715 10000 3002 10000 10000 1201 1115 10000 10000 
735 10000 10000 1103 10000 10000 478 441 405 
1715 10000 10000 10000 10000 10000 10000 10000 944 
490 10000 858 735 613 10000 319 294 270 
1225 10000 2144 10000 1532 858 797 10000 674 
169 10000 296 10000 10000 10000 110 10000 10000 
2252 10000 3941 10000 10000 10000 1464 10000 1239 
1225 10000 10000 10000 10000 858 797 735 674 
2319 10000 10000 3479 10000 10000 1508 1392 10000 
1715 10000 10000 2573 10000 10000 10000 1029 10000 
980 10000 1715 10000 1225 10000 637 588 539 
735 1470 10000 10000 10000 515 10000 441 10000 
2281 10000 10000 3422 10000 10000 10000 1369 10000 
2750 10000 10000 4125 10000 10000 10000 1650 10000 
77 10000 135 10000 10000 54 51 10000 10000 
89 10000 10000 10000 10000 10000 10000 10000 10000 
51 10000 90 10000 64 10000 34 31 29 
364 10000 10000 10000 455 10000 10000 10000 201 
405 810 709 10000 10000 284 264 243 10000 
3060 10000 10000 10000 10000 10000 10000 10000 10000 
125 10000 10000 10000 10000 10000 10000 10000 10000 
3429 10000 10000 10000 10000 10000 2229 10000 10000 
43 10000 10000 10000 54 31 10000 10000 24 
3430 10000 10000 10000 4288 2401 10000 10000 1887 
1960 10000 3430 10000 2450 10000 1274 10000 1078 
29 10000 10000 10000 10000 10000 10000 10000 10000 
27 54 10000 10000 34 19 10000 17 15 
15 30 10000 10000 10000 11 10 9 9 
121 242 10000 10000 10000 85 10000 73 10000 
1715 10000 10000 10000 10000 10000 10000 1029 944 
2127 10000 10000 10000 10000 10000 10000 1277 10000 
1470 2940 10000 10000 10000 1029 10000 10000 809 
4037 10000 10000 6056 5047 10000 10000 2423 2221 
68 10000 119 102 10000 10000 45 41 10000 
62 10000 10000 10000 10000 10000 10000 10000 35 
42 10000 74 10000 10000 10000 28 26 10000 
364 10000 10000 10000 455 10000 10000 10000 201 
4998 10000 10000 10000 6248 10000 10000 10000 2749 
1470 10000 10000 10000 10000 1029 10000 10000 10000 
2963 10000 10000 10000 3704 10000 10000 1778 1630 
5689 10000 10000 10000 10000 10000 10000 3414 10000 
68 10000 10000 10000 10000 10000 10000 10000 38 
18 10000 10000 27 10000 10000 10000 11 10000 
10 20 18 15 10000 7 7 6 10000 
81 10000 142 10000 102 10000 53 10000 45 
5200 10000 10000 10000 6500 10000 3380 3120 2860 
39 10000 10000 59 10000 10000 10000 24 22 
67 10000 10000 10000 84 10000 44 10000 37 
27 10000 10000 10000 10000 10000 10000 10000 10000 
15 10000 10000 23 10000 11 10000 9 10000 
121 242 212 10000 152 85 79 10000 67 
58 10000 10000 10000 73 10000 10000 35 32 
1715 10000 10000 10000 10000 10000 1115 10000 10000 
125 10000 219 10000 157 10000 82 10000 69 
4010 10000 10000 10000 10000 10000 10000 10000 2206 
1470 10000 2573 10000 10000 10000 956 882 10000 
1470 10000 10000 2205 10000 10000 956 882 10000 
2303 10000 10000 10000 10000 10000 1497 1382 10000 
1960 10000 10000 2940 10000 1372 10000 1176 10000 
2205 10000 10000 10000 10000 1544 1434 10000 1213 
4018 10000 10000 10000 10000 10000 2612 10000 2210 
2744 5488 10000 10000 10000 1921 1784 1647 10000 
2999 10000 10000 10000 3749 10000 1950 1800 1650 
735 10000 10000 10000 10000 10000 10000 10000 10000 
735 10000 10000 10000 10000 10000 478 441 405 
735 1470 10000 1103 919 515 10000 441 405 
735 10000 10000 10000 10000 10000 10000 10000 10000 
545 1090 10000 10000 10000 382 355 10000 300 
3386 10000 10000 10000 4233 10000 2201 10000 1863 
3234 6468 10000 10000 4043 2264 10000 10000 1779 
2205 4410 10000 10000 10000 1544 1434 10000 10000 
2206 10000 3861 10000 10000 10000 1434 1324 1214 
490 10000 10000 10000 10000 343 10000 294 10000 
825 1650 10000 1238 10000 578 10000 495 10000 
3528 10000 10000 10000 10000 10000 10000 10000 10000 
3568 7136 10000 5352 10000 2498 10000 2141 1963 
1200 10000 10000 10000 10000 10000 10000 10000 10000 
618 1236 10000 10000 10000 433 402 10000 10000 
1470 10000 10000 10000 10000 10000 956 882 10000 
1715 10000 10000 10000 10000 10000 10000 10000 944 
735 10000 10000 1103 10000 10000 10000 441 10000 
1960 10000 10000 10000 10000 10000 1274 1176 1078 
2889 10000 10000 4334 10000 2023 10000 1734 1589 
618 10000 10000 10000 10000 433 10000 10000 10000 
490 10000 10000 10000 10000 10000 10000 10000 10000 
735 10000 10000 10000 919 10000 478 10000 405 
490 10000 10000 10000 613 10000 10000 294 270 
921 10000 10000 10000 10000 645 10000 553 507 
326 10000 571 10000 408 10000 212 10000 180 
5390 10000 10000 10000 6738 3773 10000 10000 2965 
243 10000 10000 10000 304 10000 158 10000 134 
371 742 10000 10000 10000 260 10000 223 205 
58 116 10000 10000 10000 41 10000 35 10000 
5059 10000 10000 10000 10000 10000 10000 10000 10000 
1225 10000 10000 10000 10000 858 797 735 674 
769 10000 10000 10000 962 10000 10000 10000 423 
768 10000 1344 10000 10000 538 500 10000 10000 
1670 3340 10000 2505 10000 1169 10000 1002 10000 
1670 10000 10000 10000 10000 1169 10000 1002 919 
490 10000 858 735 613 10000 319 294 270 
202 10000 10000 303 253 10000 10000 122 112 
203 10000 356 10000 10000 10000 132 10000 112 
202 10000 10000 10000 10000 142 132 10000 10000 
2744 10000 10000 4116 10000 10000 10000 1647 1510 
162 10000 10000 243 10000 10000 10000 98 90 
324 10000 10000 10000 10000 10000 10000 195 10000 
162 10000 10000 10000 10000 114 10000 10000 90 
121 10000 10000 182 10000 10000 10000 73 67 
162 324 10000 10000 10000 114 106 98 10000 
91 10000 10000 10000 10000 10000 10000 10000 10000 
