111
18
4
10.06
13.37
17.93
19.04
176
1 2
2 3
3 4
4 5
4 6
4 7
4 8
4 9
4 10
5 39
6 39
7 83
8 71
9 32
10 11
10 12
11 13
11 14
11 15
11 16
11 17
11 18
11 19
11 20
11 21
12 13
12 14
12 15
12 16
12 17
12 18
12 19
12 20
12 21
13 71
14 22
14 23
14 24
14 25
15 26
16 27
17 28
18 29
19 30
20 91
21 111
22 31
22 83
23 32
23 33
24 69
24 70
25 34
26 82
27 35
28 36
29 37
30 38
31 39
32 41
33 111
34 42
35 43
36 44
36 91
37 45
37 91
38 46
38 91
39 40
40 111
41 69
41 70
42 47
43 48
43 49
44 50
45 51
46 52
47 54
47 55
47 56
47 57
47 58
47 59
47 60
48 53
49 91
50 111
51 111
52 111
53 111
54 69
54 70
55 61
55 62
55 63
56 63
56 64
57 65
57 91
58 66
58 91
59 67
59 91
60 68
60 91
61 69
61 70
62 71
63 111
64 72
65 111
66 111
67 111
68 111
69 77
69 78
70 73
71 91
72 74
73 75
74 76
75 77
75 78
75 79
76 80
76 81
76 82
77 83
78 84
79 85
80 86
80 91
81 87
81 91
82 111
83 91
84 88
84 89
84 91
85 111
86 111
87 90
88 105
89 105
90 111
91 92
91 93
91 94
92 95
93 95
94 95
95 96
95 97
95 98
95 99
95 100
95 104
96 101
97 102
98 103
99 111
100 111
101 105
102 106
102 107
103 107
103 108
104 111
105 111
106 109
107 111
108 110
109 111
110 111
1960 10000 3430 10000 10000 10000 1274 1176 10000 
1715 10000 10000 10000 10000 10000 1115 10000 944 
735 10000 10000 1103 10000 10000 10000 441 10000 
1715 3430 10000 10000 10000 1201 10000 1029 10000 
490 10000 10000 10000 10000 343 10000 10000 270 
1225 10000 10000 10000 10000 10000 797 10000 10000 
169 10000 10000 10000 10000 10000 10000 10000 10000 
2252 10000 10000 10000 10000 10000 1464 1352 10000 
1225 2450 2144 10000 10000 858 797 10000 674 
2319 4638 10000 10000 10000 1624 10000 1392 10000 
1715 10000 10000 10000 10000 10000 10000 10000 944 
980 10000 10000 1470 1225 686 637 588 539 
735 10000 10000 10000 919 515 10000 10000 405 
2281 10000 10000 3422 10000 10000 10000 1369 1255 
2750 5500 10000 4125 10000 1925 10000 1650 1513 
77 10000 10000 10000 10000 54 10000 47 43 
89 10000 10000 10000 10000 10000 10000 10000 49 
51 10000 10000 10000 10000 10000 10000 10000 10000 
364 10000 637 546 10000 255 237 219 201 
405 810 10000 608 10000 284 10000 243 10000 
3060 10000 10000 10000 10000 10000 1989 10000 1683 
125 10000 10000 10000 10000 10000 10000 10000 10000 
3429 6858 10000 5144 10000 2401 2229 2058 1886 
43 10000 10000 10000 10000 10000 28 26 24 
3430 6860 10000 10000 10000 2401 10000 10000 1887 
1960 3920 10000 2940 10000 1372 10000 1176 10000 
29 10000 51 10000 10000 10000 19 10000 10000 
27 10000 10000 10000 10000 10000 10000 10000 15 
15 10000 27 10000 10000 10000 10 10000 10000 
121 10000 10000 10000 10000 10000 79 10000 10000 
1715 10000 10000 10000 10000 10000 10000 1029 10000 
2127 10000 10000 10000 10000 10000 10000 10000 1170 
1470 10000 2573 10000 10000 10000 956 10000 809 
4037 10000 10000 10000 10000 10000 10000 10000 2221 
68 10000 10000 10000 10000 10000 45 10000 38 
62 10000 10000 10000 78 44 41 38 35 
42 10000 74 63 10000 30 28 26 24 
364 10000 10000 10000 10000 10000 237 10000 10000 
4998 10000 10000 10000 10000 3499 3249 2999 10000 
1470 10000 10000 10000 10000 10000 956 10000 809 
2963 10000 10000 10000 10000 10000 1926 10000 10000 
5689 11378 10000 8534 10000 3983 3698 3414 3129 
68 10000 10000 10000 10000 10000 10000 10000 10000 
18 10000 10000 10000 10000 10000 10000 10000 10 
10 10000 10000 15 13 7 7 6 6 
81 162 10000 10000 10000 57 10000 10000 10000 
5200 10000 9100 10000 10000 10000 3380 3120 2860 
39 10000 10000 10000 49 10000 10000 10000 22 
67 10000 118 101 10000 10000 44 41 10000 
27 10000 48 10000 34 10000 18 10000 15 
15 10000 10000 10000 19 10000 10000 10000 9 
121 10000 10000 10000 10000 10000 79 73 67 
58 10000 102 87 10000 41 38 35 10000 
1715 10000 3002 10000 10000 10000 1115 1029 10000 
125 10000 10000 10000 157 10000 10000 10000 69 
4010 10000 7018 10000 10000 10000 2607 10000 10000 
1470 10000 10000 10000 10000 1029 10000 10000 10000 
1470 10000 2573 2205 10000 10000 956 882 809 
2303 10000 10000 10000 10000 10000 10000 1382 1267 
1960 10000 10000 10000 10000 10000 1274 10000 10000 
2205 4410 10000 3308 10000 1544 1434 1323 10000 
4018 8036 10000 10000 10000 2813 10000 10000 10000 
2744 10000 10000 10000 10000 10000 10000 1647 1510 
2999 10000 10000 4499 10000 10000 1950 1800 10000 
735 10000 10000 1103 10000 10000 10000 441 10000 
735 10000 1287 10000 10000 10000 478 441 10000 
735 1470 1287 10000 10000 515 478 10000 10000 
735 10000 10000 10000 919 10000 478 10000 405 
545 10000 10000 10000 682 382 10000 10000 300 
3386 10000 10000 10000 10000 10000 10000 10000 10000 
3234 6468 10000 10000 4043 2264 10000 10000 1779 
2205 10000 3859 10000 10000 10000 1434 10000 1213 
2206 10000 3861 10000 10000 10000 1434 10000 1214 
490 10000 10000 10000 10000 343 10000 10000 270 
825 10000 10000 10000 1032 578 10000 495 454 
3528 10000 10000 5292 4410 10000 10000 2117 1941 
3568 7136 10000 10000 10000 2498 10000 10000 1963 
1200 10000 10000 10000 10000 10000 10000 10000 660 
618 10000 10000 10000 10000 10000 10000 10000 10000 
1470 10000 10000 10000 1838 10000 10000 10000 809 
1715 10000 10000 10000 2144 10000 10000 1029 944 
735 10000 10000 10000 10000 10000 10000 10000 10000 
1960 10000 3430 10000 2450 10000 1274 10000 1078 
2889 10000 10000 4334 10000 10000 10000 1734 10000 
618 10000 10000 10000 773 10000 10000 10000 340 
490 980 10000 10000 10000 343 10000 10000 10000 
735 10000 10000 10000 919 10000 10000 441 405 
490 10000 10000 10000 613 10000 10000 10000 270 
921 10000 10000 10000 10000 10000 10000 10000 507 
326 652 571 489 408 229 212 196 180 
5390 10000 10000 8085 10000 10000 10000 3234 2965 
243 10000 10000 10000 10000 10000 10000 10000 10000 
371 10000 10000 10000 10000 10000 10000 10000 10000 
58 10000 102 10000 10000 41 38 10000 10000 
5059 10118 10000 7589 10000 3542 10000 3036 2783 
1225 2450 10000 10000 10000 858 10000 10000 10000 
769 10000 1346 10000 10000 10000 500 462 10000 
768 10000 10000 1152 10000 10000 10000 461 423 
1670 10000 10000 10000 10000 10000 10000 10000 919 
1670 10000 10000 10000 10000 10000 1086 1002 919 
490 10000 10000 10000 613 343 10000 10000 270 
202 404 10000 10000 10000 142 132 10000 112 
203 10000 10000 10000 10000 143 132 10000 10000 
202 10000 354 10000 10000 142 132 10000 112 
2744 5488 10000 4116 3430 1921 10000 1647 1510 
162 10000 284 10000 203 10000 106 10000 90 
324 10000 10000 10000 405 10000 10000 10000 179 
162 10000 10000 10000 10000 10000 106 10000 10000 
121 10000 10000 10000 152 10000 79 73 67 
162 10000 10000 10000 10000 10000 106 98 90 
91 10000 10000 10000 10000 64 60 55 10000 
