111
12
4
9.95
12.84
16.97
19.18
176
1 2
2 3
3 4
4 5
4 6
4 7
4 8
4 9
4 10
5 39
6 39
7 83
8 71
9 32
10 11
10 12
11 13
11 14
11 15
11 16
11 17
11 18
11 19
11 20
11 21
12 13
12 14
12 15
12 16
12 17
12 18
12 19
12 20
12 21
13 71
14 22
14 23
14 24
14 25
15 26
16 27
17 28
18 29
19 30
20 91
21 111
22 31
22 83
23 32
23 33
24 69
24 70
25 34
26 82
27 35
28 36
29 37
30 38
31 39
32 41
33 111
34 42
35 43
36 44
36 91
37 45
37 91
38 46
38 91
39 40
40 111
41 69
41 70
42 47
43 48
43 49
44 50
45 51
46 52
47 54
47 55
47 56
47 57
47 58
47 59
47 60
48 53
49 91
50 111
51 111
52 111
53 111
54 69
54 70
55 61
55 62
55 63
56 63
56 64
57 65
57 91
58 66
58 91
59 67
59 91
60 68
60 91
61 69
61 70
62 71
63 111
64 72
65 111
66 111
67 111
68 111
69 77
69 78
70 73
71 91
72 74
73 75
74 76
75 77
75 78
75 79
76 80
76 81
76 82
77 83
78 84
79 85
80 86
80 91
81 87
81 91
82 111
83 91
84 88
84 89
84 91
85 111
86 111
87 90
88 105
89 105
90 111
91 92
91 93
91 94
92 95
93 95
94 95
95 96
95 97
95 98
95 99
95 100
95 104
96 101
97 102
98 103
99 111
100 111
101 105
102 106
102 107
103 107
103 108
104 111
105 111
106 109
107 111
108 110
109 111
110 111
1960 3920 10000 10000 10000 1372 10000 10000 1078 
1715 3430 10000 2573 10000 1201 1115 1029 944 
735 10000 10000 10000 10000 10000 10000 10000 405 
1715 10000 10000 10000 10000 10000 10000 10000 10000 
490 980 10000 10000 10000 343 10000 10000 270 
1225 2450 10000 10000 1532 858 10000 10000 674 
169 338 10000 10000 212 119 10000 102 93 
2252 4504 10000 3378 2815 1577 10000 1352 1239 
1225 10000 10000 10000 1532 10000 10000 735 674 
2319 10000 10000 10000 10000 10000 10000 1392 10000 
1715 3430 10000 10000 10000 1201 1115 10000 10000 
980 1960 10000 1470 10000 686 10000 588 10000 
735 1470 1287 10000 10000 515 478 10000 10000 
2281 10000 10000 3422 10000 10000 10000 1369 1255 
2750 10000 4813 10000 10000 10000 1788 1650 10000 
77 10000 135 116 10000 10000 51 47 10000 
89 10000 10000 10000 10000 10000 10000 10000 10000 
51 10000 10000 77 10000 10000 34 31 10000 
364 10000 637 10000 455 10000 237 10000 201 
405 10000 10000 10000 10000 10000 10000 10000 223 
3060 10000 5355 10000 10000 10000 1989 10000 1683 
125 250 10000 10000 157 88 10000 75 69 
3429 6858 10000 5144 10000 2401 10000 2058 10000 
43 10000 10000 65 10000 10000 28 26 24 
3430 10000 10000 5145 10000 10000 10000 2058 1887 
1960 10000 3430 2940 10000 1372 1274 1176 10000 
29 58 10000 10000 10000 21 19 10000 16 
27 10000 10000 10000 10000 10000 10000 10000 10000 
15 10000 10000 10000 10000 10000 10000 9 10000 
121 10000 10000 182 10000 10000 10000 73 10000 
1715 10000 3002 10000 10000 10000 1115 1029 944 
2127 10000 10000 10000 2659 10000 10000 10000 1170 
1470 10000 10000 10000 10000 10000 10000 10000 10000 
4037 10000 10000 10000 5047 10000 2625 2423 2221 
68 136 119 10000 10000 48 45 41 10000 
62 10000 10000 10000 10000 10000 10000 10000 10000 
42 10000 10000 10000 10000 10000 10000 10000 24 
364 10000 10000 10000 10000 10000 10000 10000 10000 
4998 10000 10000 10000 10000 10000 10000 10000 10000 
1470 10000 10000 10000 10000 10000 10000 882 10000 
2963 10000 10000 10000 10000 2075 10000 10000 10000 
5689 11378 10000 10000 10000 3983 10000 10000 10000 
68 10000 119 10000 85 10000 45 10000 38 
18 10000 10000 10000 23 13 12 11 10 
10 10000 18 15 13 10000 7 6 6 
81 10000 142 122 10000 10000 53 49 10000 
5200 10400 10000 10000 10000 3640 3380 10000 2860 
39 10000 10000 10000 10000 10000 26 10000 10000 
67 134 10000 10000 10000 47 44 10000 10000 
27 10000 10000 10000 10000 10000 10000 10000 15 
15 10000 10000 10000 19 10000 10 9 9 
121 10000 212 182 10000 10000 79 73 67 
58 10000 10000 87 10000 10000 10000 35 10000 
1715 3430 10000 10000 10000 1201 10000 10000 10000 
125 10000 219 10000 10000 10000 82 10000 10000 
4010 10000 10000 10000 10000 10000 10000 2406 10000 
1470 2940 2573 10000 10000 1029 956 10000 809 
1470 10000 10000 10000 10000 10000 10000 10000 809 
2303 10000 10000 10000 10000 10000 1497 1382 1267 
1960 10000 10000 2940 2450 1372 10000 1176 1078 
2205 10000 3859 10000 10000 10000 1434 10000 10000 
4018 10000 7032 10000 10000 10000 2612 10000 10000 
2744 10000 4802 4116 10000 1921 1784 1647 1510 
2999 10000 10000 4499 10000 10000 10000 1800 10000 
735 10000 10000 10000 10000 10000 10000 10000 10000 
735 10000 1287 10000 919 515 478 10000 405 
735 10000 10000 10000 919 515 10000 10000 405 
735 10000 1287 10000 10000 515 478 10000 10000 
545 10000 10000 10000 10000 10000 355 10000 10000 
3386 6772 5926 10000 4233 2371 2201 2032 1863 
3234 10000 5660 10000 10000 10000 2103 10000 10000 
2205 10000 10000 3308 10000 10000 10000 1323 1213 
2206 10000 10000 10000 10000 10000 10000 10000 10000 
490 980 10000 735 613 343 319 294 270 
825 10000 10000 10000 1032 10000 10000 10000 454 
3528 10000 6174 10000 10000 2470 2294 10000 10000 
3568 10000 10000 10000 10000 10000 10000 10000 10000 
1200 10000 2100 10000 10000 10000 780 720 10000 
618 10000 10000 10000 10000 10000 402 10000 10000 
1470 10000 10000 10000 10000 10000 10000 882 809 
1715 10000 10000 10000 2144 10000 10000 10000 944 
735 1470 10000 10000 10000 515 10000 10000 10000 
1960 10000 10000 10000 10000 10000 1274 10000 10000 
2889 10000 10000 10000 10000 10000 10000 10000 1589 
618 10000 10000 10000 10000 10000 402 10000 10000 
490 10000 10000 10000 613 10000 10000 10000 270 
735 10000 10000 10000 10000 515 10000 10000 10000 
490 10000 10000 10000 10000 10000 10000 294 270 
921 10000 10000 10000 1152 10000 10000 553 507 
326 10000 10000 10000 10000 10000 10000 10000 10000 
5390 10000 10000 10000 10000 10000 10000 3234 2965 
243 10000 10000 10000 304 10000 158 146 134 
371 10000 10000 557 10000 10000 10000 223 10000 
58 10000 10000 10000 10000 41 10000 10000 32 
5059 10118 10000 10000 6324 3542 10000 3036 2783 
1225 2450 10000 10000 10000 858 10000 735 10000 
769 10000 1346 10000 10000 10000 500 10000 10000 
768 10000 1344 10000 960 10000 500 461 423 
1670 10000 2923 10000 10000 10000 1086 10000 10000 
1670 10000 10000 10000 10000 10000 10000 10000 919 
490 10000 10000 10000 613 343 319 10000 270 
202 10000 10000 10000 10000 10000 132 122 10000 
203 406 10000 305 254 143 10000 122 112 
202 404 10000 10000 10000 142 10000 122 112 
2744 5488 10000 4116 10000 1921 10000 1647 10000 
162 10000 10000 10000 10000 10000 10000 10000 10000 
324 10000 10000 10000 10000 227 10000 195 10000 
162 10000 10000 243 10000 114 10000 98 90 
121 10000 212 10000 10000 85 79 10000 67 
162 10000 10000 243 10000 114 10000 98 90 
91 10000 160 10000 10000 10000 60 10000 51 
