111
5
4
10.49
13.13
16.15
22.60
176
1 2
2 3
3 4
4 5
4 6
4 7
4 8
4 9
4 10
5 39
6 39
7 83
8 71
9 32
10 11
10 12
11 13
11 14
11 15
11 16
11 17
11 18
11 19
11 20
11 21
12 13
12 14
12 15
12 16
12 17
12 18
12 19
12 20
12 21
13 71
14 22
14 23
14 24
14 25
15 26
16 27
17 28
18 29
19 30
20 91
21 111
22 31
22 83
23 32
23 33
24 69
24 70
25 34
26 82
27 35
28 36
29 37
30 38
31 39
32 41
33 111
34 42
35 43
36 44
36 91
37 45
37 91
38 46
38 91
39 40
40 111
41 69
41 70
42 47
43 48
43 49
44 50
45 51
46 52
47 54
47 55
47 56
47 57
47 58
47 59
47 60
48 53
49 91
50 111
51 111
52 111
53 111
54 69
54 70
55 61
55 62
55 63
56 63
56 64
57 65
57 91
58 66
58 91
59 67
59 91
60 68
60 91
61 69
61 70
62 71
63 111
64 72
65 111
66 111
67 111
68 111
69 77
69 78
70 73
71 91
72 74
73 75
74 76
75 77
75 78
75 79
76 80
76 81
76 82
77 83
78 84
79 85
80 86
80 91
81 87
81 91
82 111
83 91
84 88
84 89
84 91
85 111
86 111
87 90
88 105
89 105
90 111
91 92
91 93
91 94
92 95
93 95
94 95
95 96
95 97
95 98
95 99
95 100
95 104
96 101
97 102
98 103
99 111
100 111
101 105
102 106
102 107
103 107
103 108
104 111
105 111
106 109
107 111
108 110
109 111
110 111
1960 10000 10000 10000 10000 1372 1274 1176 1078 
1715 10000 3002 10000 2144 1201 1115 10000 944 
735 10000 1287 1103 10000 10000 478 441 10000 
1715 10000 10000 10000 10000 10000 1115 10000 10000 
490 10000 10000 10000 10000 10000 319 10000 10000 
1225 10000 10000 10000 10000 858 10000 10000 10000 
169 10000 10000 254 212 119 110 102 93 
2252 10000 10000 10000 10000 10000 10000 10000 1239 
1225 10000 10000 10000 10000 858 10000 10000 674 
2319 10000 10000 3479 10000 10000 10000 1392 1276 
1715 10000 3002 10000 10000 1201 1115 10000 10000 
980 10000 10000 10000 10000 10000 10000 10000 10000 
735 10000 10000 10000 10000 10000 478 10000 405 
2281 10000 10000 10000 10000 10000 1483 1369 10000 
2750 10000 10000 10000 10000 1925 10000 1650 10000 
77 10000 135 10000 10000 10000 51 47 10000 
89 10000 156 134 112 10000 58 54 49 
51 10000 10000 77 10000 10000 10000 31 29 
364 728 10000 10000 10000 255 10000 10000 201 
405 10000 709 10000 10000 10000 264 243 10000 
3060 6120 10000 4590 3825 2142 10000 1836 1683 
125 10000 10000 10000 10000 10000 82 10000 69 
3429 10000 10000 10000 4287 10000 10000 2058 1886 
43 10000 10000 65 10000 31 10000 26 10000 
3430 6860 10000 10000 10000 2401 10000 10000 10000 
1960 10000 10000 10000 10000 10000 10000 10000 10000 
29 10000 10000 10000 37 10000 10000 10000 16 
27 10000 10000 41 34 10000 10000 17 15 
15 30 10000 10000 10000 11 10000 10000 9 
121 10000 10000 10000 10000 10000 79 73 10000 
1715 10000 10000 10000 10000 10000 1115 10000 944 
2127 10000 10000 10000 10000 1489 10000 10000 10000 
1470 10000 10000 10000 10000 10000 10000 882 10000 
4037 8074 7065 10000 10000 2826 2625 10000 10000 
68 136 119 10000 10000 48 45 10000 10000 
62 10000 109 10000 10000 10000 41 10000 35 
42 10000 74 10000 10000 10000 28 26 24 
364 10000 637 10000 10000 10000 237 10000 201 
4998 10000 8747 10000 10000 10000 3249 2999 2749 
1470 10000 10000 10000 10000 1029 10000 10000 10000 
2963 10000 10000 4445 10000 10000 1926 1778 10000 
5689 10000 10000 10000 10000 3983 10000 10000 3129 
68 10000 119 10000 85 48 45 10000 38 
18 10000 10000 10000 23 10000 12 11 10 
10 20 10000 10000 10000 7 10000 10000 10000 
81 10000 10000 10000 10000 57 10000 10000 45 
5200 10000 10000 7800 10000 10000 10000 3120 10000 
39 10000 10000 10000 10000 10000 10000 24 10000 
67 10000 10000 10000 84 10000 44 41 37 
27 10000 10000 10000 10000 10000 10000 17 10000 
15 10000 10000 23 10000 10000 10 9 9 
121 242 212 10000 10000 85 79 10000 67 
58 10000 10000 10000 10000 10000 38 10000 32 
1715 10000 10000 10000 10000 10000 10000 10000 10000 
125 250 10000 10000 10000 88 10000 75 10000 
4010 10000 7018 10000 10000 2807 2607 10000 2206 
1470 10000 10000 10000 1838 1029 10000 10000 809 
1470 10000 2573 2205 10000 10000 956 882 10000 
2303 10000 4031 10000 2879 10000 1497 1382 1267 
1960 10000 3430 10000 10000 10000 1274 10000 1078 
2205 10000 10000 10000 10000 1544 10000 1323 10000 
4018 8036 10000 10000 10000 2813 2612 10000 10000 
2744 5488 10000 10000 3430 1921 10000 10000 1510 
2999 10000 10000 10000 3749 10000 10000 10000 1650 
735 10000 10000 10000 10000 515 10000 441 10000 
735 1470 10000 10000 10000 515 478 10000 405 
735 10000 10000 1103 10000 10000 10000 441 10000 
735 1470 10000 10000 10000 515 10000 441 10000 
545 10000 10000 10000 682 10000 10000 10000 300 
3386 6772 5926 10000 10000 2371 2201 10000 1863 
3234 10000 10000 10000 10000 10000 10000 1941 10000 
2205 10000 10000 10000 10000 1544 10000 10000 10000 
2206 10000 10000 10000 10000 1545 10000 10000 1214 
490 980 10000 10000 10000 343 10000 294 10000 
825 10000 10000 10000 1032 10000 537 495 454 
3528 7056 10000 5292 10000 2470 10000 2117 1941 
3568 10000 10000 5352 10000 2498 10000 2141 10000 
1200 2400 10000 10000 10000 840 10000 720 660 
618 1236 10000 10000 10000 433 10000 10000 10000 
1470 10000 10000 10000 1838 1029 956 10000 809 
1715 10000 3002 10000 2144 10000 1115 10000 944 
735 1470 10000 10000 919 515 10000 10000 405 
1960 10000 10000 10000 2450 10000 10000 1176 1078 
2889 5778 10000 4334 10000 2023 10000 1734 10000 
618 10000 10000 927 10000 10000 10000 371 340 
490 10000 10000 10000 10000 10000 319 10000 10000 
735 10000 1287 10000 919 10000 478 10000 405 
490 980 10000 10000 10000 343 10000 294 10000 
921 10000 1612 10000 10000 645 599 10000 10000 
326 10000 10000 489 10000 10000 212 196 180 
5390 10780 10000 10000 10000 3773 10000 10000 2965 
243 486 10000 10000 304 171 10000 10000 134 
371 10000 10000 557 10000 10000 10000 223 205 
58 10000 10000 10000 10000 10000 10000 10000 10000 
5059 10000 10000 10000 10000 10000 10000 10000 2783 
1225 10000 10000 1838 10000 10000 797 735 10000 
769 10000 10000 1154 10000 10000 500 462 423 
768 10000 10000 10000 960 10000 500 10000 423 
1670 10000 10000 10000 10000 10000 10000 10000 10000 
1670 10000 10000 2505 10000 10000 1086 1002 919 
490 10000 10000 735 10000 10000 10000 294 10000 
202 10000 10000 10000 10000 10000 132 10000 10000 
203 10000 10000 10000 10000 10000 10000 10000 10000 
202 10000 10000 10000 10000 10000 10000 10000 112 
2744 10000 10000 10000 10000 1921 1784 10000 1510 
162 10000 10000 10000 10000 114 10000 10000 10000 
324 10000 10000 10000 10000 227 10000 10000 10000 
162 10000 10000 243 10000 10000 10000 98 10000 
121 10000 10000 10000 10000 10000 10000 10000 67 
162 324 10000 10000 203 114 10000 98 90 
91 10000 10000 10000 114 10000 10000 10000 51 
