111
6
4
9.90
13.39
20.34
21.14
176
1 2
2 3
3 4
4 5
4 6
4 7
4 8
4 9
4 10
5 39
6 39
7 83
8 71
9 32
10 11
10 12
11 13
11 14
11 15
11 16
11 17
11 18
11 19
11 20
11 21
12 13
12 14
12 15
12 16
12 17
12 18
12 19
12 20
12 21
13 71
14 22
14 23
14 24
14 25
15 26
16 27
17 28
18 29
19 30
20 91
21 111
22 31
22 83
23 32
23 33
24 69
24 70
25 34
26 82
27 35
28 36
29 37
30 38
31 39
32 41
33 111
34 42
35 43
36 44
36 91
37 45
37 91
38 46
38 91
39 40
40 111
41 69
41 70
42 47
43 48
43 49
44 50
45 51
46 52
47 54
47 55
47 56
47 57
47 58
47 59
47 60
48 53
49 91
50 111
51 111
52 111
53 111
54 69
54 70
55 61
55 62
55 63
56 63
56 64
57 65
57 91
58 66
58 91
59 67
59 91
60 68
60 91
61 69
61 70
62 71
63 111
64 72
65 111
66 111
67 111
68 111
69 77
69 78
70 73
71 91
72 74
73 75
74 76
75 77
75 78
75 79
76 80
76 81
76 82
77 83
78 84
79 85
80 86
80 91
81 87
81 91
82 111
83 91
84 88
84 89
84 91
85 111
86 111
87 90
88 105
89 105
90 111
91 92
91 93
91 94
92 95
93 95
94 95
95 96
95 97
95 98
95 99
95 100
95 104
96 101
97 102
98 103
99 111
100 111
101 105
102 106
102 107
103 107
103 108
104 111
105 111
106 109
107 111
108 110
109 111
110 111
1960 3920 10000 10000 10000 1372 1274 10000 10000 
1715 10000 10000 10000 10000 10000 10000 10000 10000 
735 1470 10000 1103 919 515 10000 441 405 
1715 10000 3002 10000 10000 10000 1115 10000 10000 
490 980 10000 735 10000 343 10000 294 10000 
1225 2450 10000 1838 1532 858 797 735 674 
169 10000 10000 10000 10000 10000 110 102 93 
2252 10000 3941 10000 10000 10000 1464 10000 10000 
1225 10000 10000 1838 10000 10000 797 735 674 
2319 10000 10000 10000 10000 10000 10000 1392 1276 
1715 10000 10000 10000 10000 1201 10000 1029 10000 
980 1960 10000 10000 1225 686 10000 10000 539 
735 10000 10000 10000 10000 10000 478 10000 10000 
2281 10000 3992 3422 10000 10000 1483 1369 10000 
2750 10000 10000 10000 10000 10000 10000 10000 1513 
77 154 10000 116 97 54 10000 47 43 
89 10000 10000 10000 112 10000 58 54 49 
51 10000 10000 10000 10000 10000 10000 31 10000 
364 10000 10000 10000 10000 10000 10000 219 10000 
405 10000 10000 608 10000 10000 264 243 10000 
3060 10000 5355 4590 10000 2142 1989 1836 1683 
125 10000 10000 10000 10000 10000 10000 75 10000 
3429 10000 10000 10000 10000 10000 10000 10000 1886 
43 10000 10000 65 10000 31 10000 26 10000 
3430 10000 10000 10000 4288 10000 2230 10000 1887 
1960 10000 10000 10000 2450 1372 1274 10000 1078 
29 10000 10000 10000 10000 10000 10000 10000 10000 
27 54 48 41 10000 19 18 17 10000 
15 10000 27 10000 10000 10000 10 10000 10000 
121 10000 10000 182 10000 10000 10000 73 10000 
1715 10000 3002 10000 10000 10000 1115 10000 944 
2127 4254 10000 10000 10000 1489 10000 10000 1170 
1470 10000 2573 10000 10000 10000 956 10000 10000 
4037 10000 10000 6056 5047 10000 10000 2423 2221 
68 136 10000 10000 85 48 10000 10000 38 
62 10000 10000 10000 78 10000 41 10000 35 
42 10000 10000 10000 10000 10000 10000 10000 10000 
364 10000 10000 10000 455 10000 10000 10000 201 
4998 10000 10000 10000 6248 3499 3249 10000 2749 
1470 10000 10000 10000 10000 10000 10000 10000 10000 
2963 10000 10000 10000 10000 10000 10000 1778 1630 
5689 11378 10000 8534 10000 3983 3698 3414 3129 
68 10000 10000 10000 10000 48 10000 10000 38 
18 10000 10000 10000 10000 10000 10000 11 10000 
10 10000 10000 10000 10000 10000 10000 6 6 
81 162 10000 10000 10000 57 53 10000 45 
5200 10000 9100 7800 10000 10000 3380 3120 10000 
39 78 10000 10000 10000 28 10000 10000 10000 
67 10000 118 10000 10000 10000 44 41 37 
27 10000 10000 10000 10000 19 10000 10000 10000 
15 10000 27 10000 10000 10000 10 10000 10000 
121 10000 10000 182 10000 10000 10000 73 67 
58 10000 102 10000 10000 10000 38 35 32 
1715 10000 10000 10000 10000 10000 10000 1029 944 
125 10000 219 10000 157 10000 82 10000 69 
4010 10000 10000 10000 5013 10000 2607 10000 2206 
1470 10000 10000 10000 1838 10000 956 882 809 
1470 2940 10000 10000 10000 1029 956 10000 809 
2303 10000 4031 10000 10000 1613 1497 1382 1267 
1960 3920 10000 10000 10000 1372 1274 10000 10000 
2205 10000 3859 10000 10000 10000 1434 10000 10000 
4018 10000 10000 10000 10000 2813 2612 10000 2210 
2744 10000 10000 10000 10000 10000 10000 10000 10000 
2999 10000 10000 10000 10000 10000 1950 10000 1650 
735 10000 10000 10000 10000 10000 10000 10000 405 
735 1470 1287 10000 10000 515 478 441 10000 
735 10000 10000 10000 10000 10000 10000 441 10000 
735 10000 10000 1103 10000 10000 10000 441 10000 
545 1090 10000 818 10000 382 10000 327 10000 
3386 6772 10000 5079 10000 2371 2201 2032 1863 
3234 10000 10000 10000 10000 10000 10000 10000 1779 
2205 10000 10000 10000 10000 10000 10000 10000 10000 
2206 4412 10000 10000 10000 1545 1434 1324 1214 
490 10000 858 10000 613 10000 319 294 270 
825 10000 1444 1238 1032 578 537 495 454 
3528 10000 10000 5292 10000 10000 10000 2117 10000 
3568 10000 10000 10000 10000 10000 10000 2141 10000 
1200 10000 2100 10000 1500 10000 780 720 660 
618 10000 1082 10000 773 10000 402 10000 340 
1470 10000 2573 10000 10000 10000 956 10000 10000 
1715 10000 10000 2573 10000 1201 10000 1029 10000 
735 10000 1287 10000 10000 515 478 10000 10000 
1960 10000 10000 10000 10000 10000 10000 10000 10000 
2889 5778 10000 10000 3612 2023 10000 10000 1589 
618 1236 10000 10000 10000 433 402 371 340 
490 10000 10000 10000 10000 10000 319 294 10000 
735 10000 10000 10000 10000 515 478 10000 405 
490 10000 10000 10000 10000 10000 319 10000 270 
921 10000 10000 1382 10000 10000 10000 553 10000 
326 652 10000 10000 10000 229 10000 10000 10000 
5390 10000 10000 10000 10000 10000 3504 3234 2965 
243 10000 10000 10000 10000 171 10000 10000 10000 
371 10000 10000 10000 10000 10000 10000 223 10000 
58 10000 10000 10000 73 10000 10000 10000 32 
5059 10000 10000 10000 10000 10000 3289 10000 10000 
1225 10000 10000 10000 10000 10000 10000 735 10000 
769 1538 10000 10000 10000 539 10000 10000 10000 
768 10000 10000 10000 10000 10000 10000 10000 423 
1670 10000 10000 10000 10000 10000 10000 1002 10000 
1670 10000 10000 10000 2088 10000 1086 10000 919 
490 10000 858 10000 10000 10000 319 10000 10000 
202 404 10000 10000 10000 142 10000 10000 10000 
203 10000 10000 10000 10000 10000 10000 122 10000 
202 10000 10000 10000 10000 10000 10000 10000 112 
2744 5488 10000 4116 10000 1921 10000 1647 1510 
162 10000 10000 10000 203 10000 10000 98 90 
324 648 10000 10000 10000 227 10000 10000 10000 
162 324 10000 10000 203 114 10000 98 90 
121 10000 10000 182 152 10000 79 73 67 
162 324 10000 10000 10000 114 106 10000 90 
91 182 160 10000 10000 64 60 10000 10000 
