111
26
4
10.42
15.45
18.84
21.87
176
1 2
2 3
3 4
4 5
4 6
4 7
4 8
4 9
4 10
5 39
6 39
7 83
8 71
9 32
10 11
10 12
11 13
11 14
11 15
11 16
11 17
11 18
11 19
11 20
11 21
12 13
12 14
12 15
12 16
12 17
12 18
12 19
12 20
12 21
13 71
14 22
14 23
14 24
14 25
15 26
16 27
17 28
18 29
19 30
20 91
21 111
22 31
22 83
23 32
23 33
24 69
24 70
25 34
26 82
27 35
28 36
29 37
30 38
31 39
32 41
33 111
34 42
35 43
36 44
36 91
37 45
37 91
38 46
38 91
39 40
40 111
41 69
41 70
42 47
43 48
43 49
44 50
45 51
46 52
47 54
47 55
47 56
47 57
47 58
47 59
47 60
48 53
49 91
50 111
51 111
52 111
53 111
54 69
54 70
55 61
55 62
55 63
56 63
56 64
57 65
57 91
58 66
58 91
59 67
59 91
60 68
60 91
61 69
61 70
62 71
63 111
64 72
65 111
66 111
67 111
68 111
69 77
69 78
70 73
71 91
72 74
73 75
74 76
75 77
75 78
75 79
76 80
76 81
76 82
77 83
78 84
79 85
80 86
80 91
81 87
81 91
82 111
83 91
84 88
84 89
84 91
85 111
86 111
87 90
88 105
89 105
90 111
91 92
91 93
91 94
92 95
93 95
94 95
95 96
95 97
95 98
95 99
95 100
95 104
96 101
97 102
98 103
99 111
100 111
101 105
102 106
102 107
103 107
103 108
104 111
105 111
106 109
107 111
108 110
109 111
110 111
1960 3920 10000 10000 10000 1372 10000 10000 1078 
1715 3430 10000 10000 10000 1201 10000 10000 10000 
735 10000 10000 1103 10000 515 10000 441 10000 
1715 10000 10000 10000 2144 10000 10000 10000 944 
490 10000 10000 735 613 10000 319 294 270 
1225 10000 10000 1838 10000 10000 10000 735 674 
169 10000 10000 10000 10000 119 110 10000 10000 
2252 10000 10000 10000 10000 1577 10000 1352 10000 
1225 10000 2144 10000 1532 10000 797 10000 674 
2319 4638 10000 10000 10000 1624 10000 10000 10000 
1715 10000 10000 10000 10000 10000 10000 1029 10000 
980 10000 1715 1470 10000 10000 637 588 10000 
735 10000 10000 10000 10000 515 10000 10000 10000 
2281 4562 10000 10000 10000 1597 10000 10000 1255 
2750 10000 4813 10000 10000 10000 1788 1650 1513 
77 10000 10000 10000 10000 10000 10000 10000 10000 
89 178 10000 10000 10000 63 58 10000 49 
51 10000 10000 10000 64 10000 10000 10000 29 
364 10000 10000 10000 10000 255 10000 10000 201 
405 10000 10000 10000 507 10000 10000 10000 223 
3060 10000 10000 10000 10000 10000 10000 10000 1683 
125 10000 10000 188 10000 10000 10000 75 10000 
3429 10000 10000 10000 10000 2401 10000 2058 10000 
43 86 10000 10000 10000 31 10000 10000 10000 
3430 6860 10000 10000 10000 2401 2230 10000 1887 
1960 10000 3430 10000 10000 1372 1274 10000 1078 
29 10000 10000 10000 10000 10000 19 10000 16 
27 10000 48 41 10000 10000 18 17 10000 
15 10000 10000 23 10000 11 10000 9 9 
121 10000 10000 182 10000 10000 10000 73 10000 
1715 10000 10000 10000 10000 10000 1115 10000 944 
2127 10000 10000 3191 2659 10000 1383 1277 1170 
1470 10000 2573 10000 10000 1029 956 10000 809 
4037 8074 10000 10000 10000 2826 10000 2423 10000 
68 10000 119 102 10000 48 45 41 38 
62 10000 10000 93 78 10000 10000 38 35 
42 10000 10000 63 10000 10000 10000 26 10000 
364 10000 637 10000 455 10000 237 10000 201 
4998 10000 8747 10000 6248 3499 3249 10000 2749 
1470 10000 10000 10000 10000 10000 956 882 10000 
2963 5926 5186 10000 10000 2075 1926 10000 10000 
5689 10000 10000 8534 7112 10000 3698 3414 3129 
68 10000 119 10000 10000 10000 45 10000 10000 
18 10000 10000 10000 10000 10000 10000 10000 10 
10 10000 10000 15 13 10000 7 6 6 
81 162 10000 10000 10000 57 53 10000 10000 
5200 10000 9100 10000 10000 10000 3380 10000 2860 
39 10000 10000 10000 10000 10000 26 24 10000 
67 10000 10000 10000 10000 47 10000 10000 10000 
27 10000 10000 10000 34 19 10000 17 15 
15 10000 10000 10000 10000 10000 10000 9 9 
121 10000 10000 10000 10000 85 79 10000 67 
58 10000 10000 10000 10000 10000 38 10000 10000 
1715 10000 10000 2573 10000 1201 10000 1029 10000 
125 10000 10000 188 157 10000 10000 75 69 
4010 8020 10000 10000 10000 2807 10000 2406 10000 
1470 10000 2573 10000 10000 10000 956 882 10000 
1470 10000 10000 2205 10000 10000 956 882 10000 
2303 4606 10000 10000 10000 1613 10000 10000 1267 
1960 10000 10000 2940 10000 10000 1274 1176 10000 
2205 4410 10000 10000 10000 1544 10000 1323 1213 
4018 10000 10000 6027 10000 10000 2612 2411 2210 
2744 10000 10000 10000 10000 10000 10000 10000 10000 
2999 10000 10000 4499 10000 10000 1950 1800 10000 
735 10000 10000 1103 919 515 10000 441 405 
735 10000 10000 1103 10000 10000 10000 441 10000 
735 10000 1287 1103 919 10000 478 441 405 
735 10000 10000 10000 919 515 10000 10000 405 
545 10000 10000 10000 10000 10000 355 10000 10000 
3386 10000 10000 10000 4233 10000 2201 2032 1863 
3234 10000 10000 10000 10000 10000 10000 1941 1779 
2205 10000 10000 10000 10000 10000 10000 1323 10000 
2206 10000 10000 10000 10000 10000 1434 10000 10000 
490 10000 10000 10000 10000 10000 10000 10000 10000 
825 10000 1444 10000 1032 10000 537 10000 454 
3528 7056 10000 5292 10000 2470 2294 2117 1941 
3568 10000 10000 5352 10000 10000 10000 2141 10000 
1200 10000 10000 10000 10000 10000 10000 10000 10000 
618 10000 1082 10000 10000 433 402 10000 10000 
1470 10000 2573 2205 10000 1029 956 882 10000 
1715 10000 3002 2573 2144 1201 1115 1029 944 
735 10000 1287 1103 10000 10000 478 441 405 
1960 3920 10000 10000 10000 1372 10000 10000 10000 
2889 5778 10000 10000 3612 2023 1878 10000 1589 
618 10000 10000 10000 773 10000 10000 10000 340 
490 10000 858 10000 10000 10000 319 294 270 
735 10000 10000 10000 10000 515 10000 441 10000 
490 10000 10000 10000 10000 10000 10000 10000 10000 
921 10000 10000 10000 1152 10000 10000 10000 507 
326 10000 10000 10000 10000 10000 10000 196 10000 
5390 10000 10000 10000 10000 10000 10000 10000 10000 
243 10000 426 10000 304 10000 158 10000 134 
371 10000 10000 10000 10000 10000 10000 10000 10000 
58 10000 10000 87 10000 10000 38 35 10000 
5059 10000 10000 10000 10000 3542 10000 10000 2783 
1225 10000 10000 1838 10000 10000 10000 735 674 
769 10000 10000 10000 10000 539 10000 462 10000 
768 1536 10000 1152 10000 538 500 461 10000 
1670 10000 10000 2505 10000 10000 10000 1002 10000 
1670 10000 10000 10000 2088 1169 1086 1002 919 
490 10000 858 10000 10000 10000 319 10000 10000 
202 10000 10000 10000 10000 10000 132 10000 10000 
203 406 10000 305 10000 143 10000 122 10000 
202 10000 10000 10000 253 10000 132 122 112 
2744 5488 10000 10000 10000 1921 10000 1647 1510 
162 10000 10000 243 10000 10000 10000 98 10000 
324 10000 567 486 405 10000 211 195 179 
162 324 10000 10000 10000 114 10000 98 10000 
121 10000 10000 10000 10000 10000 10000 10000 67 
162 10000 10000 10000 10000 10000 10000 10000 10000 
91 10000 10000 10000 10000 10000 10000 10000 51 
