111
10
4
9.48
14.90
18.87
19.88
176
1 2
2 3
3 4
4 5
4 6
4 7
4 8
4 9
4 10
5 39
6 39
7 83
8 71
9 32
10 11
10 12
11 13
11 14
11 15
11 16
11 17
11 18
11 19
11 20
11 21
12 13
12 14
12 15
12 16
12 17
12 18
12 19
12 20
12 21
13 71
14 22
14 23
14 24
14 25
15 26
16 27
17 28
18 29
19 30
20 91
21 111
22 31
22 83
23 32
23 33
24 69
24 70
25 34
26 82
27 35
28 36
29 37
30 38
31 39
32 41
33 111
34 42
35 43
36 44
36 91
37 45
37 91
38 46
38 91
39 40
40 111
41 69
41 70
42 47
43 48
43 49
44 50
45 51
46 52
47 54
47 55
47 56
47 57
47 58
47 59
47 60
48 53
49 91
50 111
51 111
52 111
53 111
54 69
54 70
55 61
55 62
55 63
56 63
56 64
57 65
57 91
58 66
58 91
59 67
59 91
60 68
60 91
61 69
61 70
62 71
63 111
64 72
65 111
66 111
67 111
68 111
69 77
69 78
70 73
71 91
72 74
73 75
74 76
75 77
75 78
75 79
76 80
76 81
76 82
77 83
78 84
79 85
80 86
80 91
81 87
81 91
82 111
83 91
84 88
84 89
84 91
85 111
86 111
87 90
88 105
89 105
90 111
91 92
91 93
91 94
92 95
93 95
94 95
95 96
95 97
95 98
95 99
95 100
95 104
96 101
97 102
98 103
99 111
100 111
101 105
102 106
102 107
103 107
103 108
104 111
105 111
106 109
107 111
108 110
109 111
110 111
1960 10000 10000 10000 2450 1372 10000 1176 1078 
1715 10000 3002 10000 2144 10000 1115 10000 944 
735 1470 10000 10000 10000 515 10000 441 10000 
1715 10000 3002 2573 10000 10000 1115 1029 944 
490 980 858 10000 10000 343 319 294 10000 
1225 10000 10000 10000 10000 858 10000 10000 10000 
169 338 10000 10000 10000 119 10000 102 10000 
2252 4504 10000 10000 10000 1577 10000 1352 10000 
1225 10000 10000 1838 10000 858 10000 735 10000 
2319 10000 10000 3479 10000 10000 10000 1392 1276 
1715 3430 10000 10000 10000 1201 1115 1029 944 
980 10000 1715 10000 10000 10000 637 10000 10000 
735 10000 10000 10000 919 10000 10000 10000 405 
2281 10000 10000 10000 10000 10000 1483 10000 10000 
2750 10000 10000 10000 10000 10000 10000 10000 1513 
77 10000 10000 116 10000 10000 10000 47 43 
89 10000 10000 10000 10000 63 58 54 10000 
51 102 10000 10000 64 36 10000 31 29 
364 728 637 10000 10000 255 237 10000 201 
405 10000 10000 10000 10000 10000 10000 243 10000 
3060 10000 10000 10000 3825 10000 10000 10000 1683 
125 10000 219 10000 10000 10000 82 10000 10000 
3429 10000 10000 10000 10000 10000 10000 10000 10000 
43 10000 76 10000 54 10000 28 10000 24 
3430 10000 10000 10000 10000 2401 10000 10000 10000 
1960 10000 10000 2940 10000 10000 1274 1176 1078 
29 10000 51 10000 10000 10000 19 10000 10000 
27 10000 10000 10000 10000 19 10000 10000 10000 
15 10000 10000 10000 19 10000 10 10000 9 
121 10000 10000 10000 152 85 10000 73 67 
1715 10000 10000 10000 2144 10000 1115 1029 944 
2127 10000 10000 10000 2659 10000 10000 10000 1170 
1470 10000 10000 2205 10000 10000 10000 882 10000 
4037 10000 10000 10000 10000 10000 10000 10000 10000 
68 10000 119 10000 10000 10000 45 41 38 
62 124 10000 10000 10000 44 10000 10000 35 
42 84 10000 10000 53 30 10000 10000 24 
364 728 10000 10000 10000 255 237 10000 10000 
4998 10000 10000 7497 10000 3499 10000 2999 2749 
1470 10000 10000 10000 10000 10000 10000 882 10000 
2963 10000 5186 10000 10000 10000 1926 1778 10000 
5689 10000 9956 10000 7112 10000 3698 10000 3129 
68 10000 10000 10000 10000 10000 45 10000 10000 
18 10000 10000 10000 10000 10000 10000 11 10000 
10 10000 10000 10000 13 7 7 10000 6 
81 10000 10000 10000 10000 10000 53 49 45 
5200 10000 10000 10000 10000 10000 10000 10000 2860 
39 10000 10000 10000 10000 10000 10000 10000 10000 
67 10000 10000 10000 10000 10000 10000 10000 10000 
27 10000 10000 10000 10000 10000 10000 10000 10000 
15 10000 10000 23 19 10000 10000 9 9 
121 10000 10000 10000 10000 10000 79 10000 10000 
58 10000 10000 10000 10000 41 10000 10000 10000 
1715 3430 10000 2573 10000 1201 10000 1029 944 
125 10000 10000 10000 10000 10000 82 10000 69 
4010 10000 10000 10000 10000 2807 2607 10000 10000 
1470 10000 2573 10000 10000 10000 956 10000 10000 
1470 2940 2573 10000 1838 1029 956 10000 809 
2303 10000 10000 10000 10000 10000 10000 10000 10000 
1960 10000 10000 10000 10000 10000 1274 10000 1078 
2205 10000 10000 10000 10000 1544 10000 10000 1213 
4018 10000 10000 6027 10000 10000 10000 2411 10000 
2744 10000 4802 10000 10000 10000 1784 10000 10000 
2999 10000 10000 4499 10000 10000 1950 1800 10000 
735 10000 10000 10000 10000 10000 478 10000 10000 
735 10000 10000 1103 10000 515 478 441 405 
735 10000 10000 10000 919 10000 10000 441 405 
735 10000 1287 10000 10000 10000 478 10000 10000 
545 10000 954 10000 10000 10000 355 327 10000 
3386 6772 10000 10000 10000 2371 10000 2032 10000 
3234 6468 10000 4851 10000 2264 10000 1941 1779 
2205 10000 3859 10000 10000 1544 1434 1323 10000 
2206 4412 3861 10000 10000 1545 1434 10000 1214 
490 10000 10000 10000 10000 10000 319 10000 10000 
825 10000 10000 10000 10000 10000 10000 495 10000 
3528 7056 10000 10000 10000 2470 2294 2117 10000 
3568 10000 10000 10000 10000 10000 10000 10000 1963 
1200 10000 10000 1800 1500 10000 10000 720 660 
618 10000 1082 10000 10000 433 402 10000 10000 
1470 10000 2573 10000 10000 10000 956 10000 10000 
1715 3430 10000 10000 10000 1201 1115 10000 944 
735 10000 1287 10000 10000 515 478 441 10000 
1960 3920 10000 10000 10000 1372 10000 10000 10000 
2889 10000 10000 10000 10000 2023 10000 10000 10000 
618 10000 10000 10000 773 10000 402 10000 340 
490 10000 10000 10000 613 10000 10000 10000 270 
735 10000 10000 10000 10000 10000 10000 10000 10000 
490 10000 10000 735 10000 343 319 294 10000 
921 10000 10000 10000 1152 645 599 10000 507 
326 652 10000 10000 10000 229 10000 196 180 
5390 10000 9433 8085 10000 10000 3504 3234 10000 
243 10000 10000 10000 304 10000 158 10000 134 
371 10000 10000 557 10000 10000 10000 223 205 
58 10000 10000 87 73 10000 10000 35 32 
5059 10000 8854 10000 10000 10000 3289 10000 10000 
1225 10000 10000 10000 1532 858 10000 735 674 
769 10000 10000 1154 10000 10000 10000 462 423 
768 10000 10000 10000 960 10000 500 461 423 
1670 3340 10000 10000 2088 1169 10000 10000 919 
1670 10000 10000 2505 10000 1169 10000 1002 919 
490 10000 10000 10000 613 10000 10000 10000 270 
202 404 354 10000 10000 142 132 122 10000 
203 406 10000 305 10000 143 10000 122 112 
202 10000 10000 10000 10000 10000 10000 122 112 
2744 10000 10000 10000 10000 10000 10000 10000 1510 
162 324 284 243 203 114 106 98 90 
324 10000 10000 10000 405 10000 10000 195 179 
162 324 10000 243 203 114 106 98 90 
121 10000 10000 10000 10000 85 79 73 67 
162 10000 284 10000 10000 10000 106 98 90 
91 10000 10000 10000 10000 10000 10000 55 51 
