111
7
4
10.62
12.79
20.18
23.22
176
1 2
2 3
3 4
4 5
4 6
4 7
4 8
4 9
4 10
5 39
6 39
7 83
8 71
9 32
10 11
10 12
11 13
11 14
11 15
11 16
11 17
11 18
11 19
11 20
11 21
12 13
12 14
12 15
12 16
12 17
12 18
12 19
12 20
12 21
13 71
14 22
14 23
14 24
14 25
15 26
16 27
17 28
18 29
19 30
20 91
21 111
22 31
22 83
23 32
23 33
24 69
24 70
25 34
26 82
27 35
28 36
29 37
30 38
31 39
32 41
33 111
34 42
35 43
36 44
36 91
37 45
37 91
38 46
38 91
39 40
40 111
41 69
41 70
42 47
43 48
43 49
44 50
45 51
46 52
47 54
47 55
47 56
47 57
47 58
47 59
47 60
48 53
49 91
50 111
51 111
52 111
53 111
54 69
54 70
55 61
55 62
55 63
56 63
56 64
57 65
57 91
58 66
58 91
59 67
59 91
60 68
60 91
61 69
61 70
62 71
63 111
64 72
65 111
66 111
67 111
68 111
69 77
69 78
70 73
71 91
72 74
73 75
74 76
75 77
75 78
75 79
76 80
76 81
76 82
77 83
78 84
79 85
80 86
80 91
81 87
81 91
82 111
83 91
84 88
84 89
84 91
85 111
86 111
87 90
88 105
89 105
90 111
91 92
91 93
91 94
92 95
93 95
94 95
95 96
95 97
95 98
95 99
95 100
95 104
96 101
97 102
98 103
99 111
100 111
101 105
102 106
102 107
103 107
103 108
104 111
105 111
106 109
107 111
108 110
109 111
110 111
1960 10000 3430 10000 10000 1372 1274 1176 10000 
1715 10000 10000 10000 2144 10000 1115 10000 944 
735 1470 10000 10000 10000 515 10000 10000 10000 
1715 10000 3002 10000 10000 1201 1115 10000 10000 
490 10000 10000 10000 10000 10000 10000 294 270 
1225 10000 10000 10000 10000 858 797 735 10000 
169 10000 296 10000 10000 10000 110 102 10000 
2252 4504 10000 3378 2815 1577 10000 1352 1239 
1225 10000 10000 1838 10000 858 10000 735 10000 
2319 10000 10000 10000 10000 10000 10000 10000 10000 
1715 10000 10000 10000 10000 1201 10000 10000 10000 
980 10000 1715 10000 10000 686 637 10000 10000 
735 10000 10000 10000 919 10000 478 10000 405 
2281 10000 3992 10000 10000 10000 1483 1369 1255 
2750 5500 10000 10000 10000 1925 10000 10000 10000 
77 10000 10000 10000 97 10000 10000 10000 43 
89 178 156 134 10000 63 58 54 10000 
51 10000 10000 10000 64 10000 10000 10000 29 
364 10000 637 10000 455 10000 237 219 201 
405 810 10000 10000 10000 284 10000 10000 223 
3060 10000 10000 10000 10000 10000 10000 10000 10000 
125 250 10000 10000 10000 88 10000 75 10000 
3429 10000 6001 5144 4287 2401 2229 2058 1886 
43 86 76 10000 54 31 28 10000 24 
3430 10000 10000 10000 10000 10000 10000 10000 1887 
1960 10000 10000 10000 10000 10000 10000 10000 1078 
29 10000 10000 10000 10000 10000 10000 10000 10000 
27 10000 48 10000 10000 19 18 10000 10000 
15 10000 10000 10000 19 11 10000 10000 9 
121 10000 212 10000 10000 10000 79 10000 67 
1715 3430 3002 10000 10000 1201 1115 1029 944 
2127 10000 10000 3191 10000 1489 1383 1277 1170 
1470 10000 10000 10000 10000 10000 10000 10000 10000 
4037 10000 10000 10000 10000 10000 10000 10000 10000 
68 10000 10000 10000 10000 10000 45 41 38 
62 10000 10000 93 10000 10000 10000 38 35 
42 10000 10000 63 53 30 10000 26 24 
364 10000 10000 546 10000 10000 10000 219 201 
4998 10000 10000 10000 10000 10000 3249 10000 2749 
1470 10000 10000 10000 10000 10000 10000 10000 809 
2963 5926 5186 4445 3704 2075 1926 1778 1630 
5689 10000 10000 10000 10000 10000 10000 10000 10000 
68 10000 10000 10000 10000 48 10000 41 10000 
18 10000 10000 10000 23 10000 12 11 10 
10 10000 10000 15 10000 10000 10000 6 10000 
81 10000 10000 10000 102 10000 10000 10000 45 
5200 10000 9100 7800 10000 10000 3380 3120 10000 
39 78 69 10000 10000 28 26 24 10000 
67 10000 118 10000 10000 10000 44 41 10000 
27 10000 48 10000 10000 19 18 10000 15 
15 10000 27 23 19 11 10 9 9 
121 10000 212 182 10000 10000 79 73 10000 
58 10000 102 10000 73 10000 38 35 32 
1715 10000 10000 10000 10000 10000 10000 1029 944 
125 10000 10000 188 10000 88 10000 75 69 
4010 8020 10000 10000 10000 2807 10000 10000 10000 
1470 10000 10000 2205 10000 10000 10000 882 10000 
1470 10000 10000 10000 1838 10000 956 882 809 
2303 10000 10000 10000 2879 10000 10000 1382 1267 
1960 10000 3430 10000 10000 10000 1274 1176 1078 
2205 10000 3859 10000 10000 1544 1434 10000 10000 
4018 10000 10000 10000 10000 10000 10000 2411 10000 
2744 10000 10000 4116 10000 1921 10000 1647 1510 
2999 10000 10000 4499 10000 10000 10000 1800 10000 
735 10000 10000 10000 919 515 478 10000 405 
735 10000 10000 10000 919 10000 10000 10000 405 
735 10000 10000 10000 10000 10000 478 441 10000 
735 1470 1287 10000 10000 515 478 10000 10000 
545 10000 954 10000 10000 10000 355 10000 10000 
3386 10000 5926 10000 4233 10000 2201 10000 1863 
3234 10000 10000 10000 10000 10000 10000 10000 10000 
2205 10000 10000 10000 10000 1544 1434 10000 10000 
2206 10000 10000 10000 10000 10000 10000 10000 10000 
490 980 10000 10000 10000 343 10000 10000 270 
825 10000 10000 10000 10000 10000 10000 495 10000 
3528 10000 10000 10000 10000 10000 2294 2117 10000 
3568 10000 6244 5352 4460 10000 2320 2141 1963 
1200 2400 10000 10000 1500 840 10000 10000 660 
618 10000 10000 10000 10000 10000 10000 371 10000 
1470 10000 10000 2205 10000 10000 956 882 809 
1715 10000 3002 10000 10000 10000 1115 10000 10000 
735 10000 10000 10000 10000 10000 10000 10000 405 
1960 10000 10000 2940 10000 10000 1274 1176 10000 
2889 10000 10000 10000 10000 10000 10000 10000 1589 
618 10000 10000 10000 10000 10000 10000 10000 10000 
490 10000 10000 10000 10000 10000 10000 294 10000 
735 10000 10000 10000 919 10000 478 441 405 
490 10000 10000 10000 10000 10000 10000 294 10000 
921 10000 10000 10000 10000 10000 10000 10000 10000 
326 10000 571 489 10000 10000 212 196 10000 
5390 10000 10000 10000 10000 3773 10000 10000 2965 
243 10000 10000 10000 304 171 158 10000 134 
371 10000 10000 10000 10000 10000 242 223 10000 
58 10000 10000 10000 73 10000 10000 10000 32 
5059 10000 8854 10000 6324 10000 3289 10000 2783 
1225 10000 10000 10000 10000 858 10000 10000 10000 
769 10000 1346 10000 10000 10000 500 462 10000 
768 1536 10000 1152 10000 538 10000 461 423 
1670 10000 10000 10000 10000 10000 10000 10000 10000 
1670 10000 10000 10000 2088 1169 10000 10000 919 
490 980 10000 10000 10000 343 10000 10000 270 
202 10000 10000 10000 10000 10000 10000 10000 112 
203 10000 356 10000 254 10000 132 10000 112 
202 10000 10000 10000 10000 10000 10000 10000 10000 
2744 10000 10000 10000 3430 10000 1784 10000 1510 
162 10000 10000 10000 10000 10000 10000 10000 10000 
324 648 567 486 10000 227 211 195 10000 
162 10000 10000 243 203 10000 106 98 90 
121 10000 10000 10000 10000 10000 10000 10000 10000 
162 10000 10000 243 10000 10000 106 98 90 
91 10000 10000 10000 10000 10000 60 55 51 
