111
11
4
10.46
13.24
19.62
18.83
176
1 2
2 3
3 4
4 5
4 6
4 7
4 8
4 9
4 10
5 39
6 39
7 83
8 71
9 32
10 11
10 12
11 13
11 14
11 15
11 16
11 17
11 18
11 19
11 20
11 21
12 13
12 14
12 15
12 16
12 17
12 18
12 19
12 20
12 21
13 71
14 22
14 23
14 24
14 25
15 26
16 27
17 28
18 29
19 30
20 91
21 111
22 31
22 83
23 32
23 33
24 69
24 70
25 34
26 82
27 35
28 36
29 37
30 38
31 39
32 41
33 111
34 42
35 43
36 44
36 91
37 45
37 91
38 46
38 91
39 40
40 111
41 69
41 70
42 47
43 48
43 49
44 50
45 51
46 52
47 54
47 55
47 56
47 57
47 58
47 59
47 60
48 53
49 91
50 111
51 111
52 111
53 111
54 69
54 70
55 61
55 62
55 63
56 63
56 64
57 65
57 91
58 66
58 91
59 67
59 91
60 68
60 91
61 69
61 70
62 71
63 111
64 72
65 111
66 111
67 111
68 111
69 77
69 78
70 73
71 91
72 74
73 75
74 76
75 77
75 78
75 79
76 80
76 81
76 82
77 83
78 84
79 85
80 86
80 91
81 87
81 91
82 111
83 91
84 88
84 89
84 91
85 111
86 111
87 90
88 105
89 105
90 111
91 92
91 93
91 94
92 95
93 95
94 95
95 96
95 97
95 98
95 99
95 100
95 104
96 101
97 102
98 103
99 111
100 111
101 105
102 106
102 107
103 107
103 108
104 111
105 111
106 109
107 111
108 110
109 111
110 111
1960 3920 3430 2940 10000 1372 1274 1176 10000 
1715 10000 10000 10000 10000 10000 10000 1029 10000 
735 1470 10000 10000 919 515 10000 10000 405 
1715 10000 10000 10000 10000 1201 10000 10000 10000 
490 10000 10000 735 10000 343 10000 294 10000 
1225 10000 2144 1838 10000 10000 797 735 10000 
169 10000 10000 10000 10000 10000 10000 10000 10000 
2252 10000 10000 10000 10000 10000 10000 10000 10000 
1225 2450 10000 10000 10000 858 10000 735 674 
2319 10000 10000 10000 10000 10000 10000 10000 10000 
1715 10000 10000 2573 2144 10000 1115 1029 944 
980 10000 10000 10000 1225 10000 10000 588 539 
735 10000 1287 10000 919 10000 478 10000 405 
2281 10000 10000 10000 10000 10000 1483 1369 10000 
2750 10000 10000 10000 10000 10000 10000 10000 10000 
77 10000 135 116 10000 54 51 47 10000 
89 10000 10000 10000 10000 10000 58 10000 49 
51 10000 10000 10000 10000 10000 10000 10000 10000 
364 10000 10000 10000 455 10000 237 10000 201 
405 810 10000 10000 10000 284 10000 243 10000 
3060 10000 10000 10000 10000 2142 10000 1836 10000 
125 10000 10000 10000 157 88 10000 10000 69 
3429 10000 10000 5144 4287 10000 10000 2058 1886 
43 86 10000 10000 10000 31 10000 10000 24 
3430 10000 10000 10000 4288 10000 10000 10000 1887 
1960 10000 3430 10000 10000 10000 1274 10000 10000 
29 10000 10000 10000 10000 10000 10000 10000 10000 
27 10000 10000 10000 34 19 18 10000 15 
15 10000 10000 10000 10000 10000 10 10000 10000 
121 10000 10000 10000 152 10000 10000 73 67 
1715 10000 10000 10000 10000 10000 10000 10000 10000 
2127 10000 3723 10000 10000 10000 1383 10000 10000 
1470 10000 10000 10000 10000 10000 956 882 10000 
4037 10000 10000 10000 5047 2826 10000 2423 2221 
68 10000 119 102 10000 48 45 41 38 
62 124 109 10000 78 44 41 38 35 
42 10000 10000 10000 53 10000 10000 10000 24 
364 10000 10000 10000 455 255 10000 219 201 
4998 10000 10000 7497 10000 10000 10000 2999 10000 
1470 10000 2573 10000 10000 10000 956 882 10000 
2963 10000 10000 10000 10000 10000 1926 1778 10000 
5689 10000 10000 8534 10000 10000 10000 3414 10000 
68 10000 119 10000 10000 48 45 10000 10000 
18 36 32 27 10000 13 12 11 10000 
10 10000 18 15 13 7 7 6 6 
81 10000 10000 122 10000 10000 10000 49 10000 
5200 10000 10000 10000 10000 10000 10000 10000 10000 
39 10000 10000 10000 49 10000 10000 10000 22 
67 10000 10000 101 10000 10000 10000 41 37 
27 54 10000 41 10000 19 10000 17 15 
15 10000 10000 10000 10000 11 10000 10000 10000 
121 10000 10000 182 152 10000 10000 73 67 
58 10000 10000 10000 73 10000 38 35 32 
1715 10000 3002 2573 2144 10000 1115 1029 944 
125 10000 10000 10000 10000 88 10000 10000 69 
4010 8020 10000 10000 10000 2807 2607 10000 10000 
1470 10000 10000 2205 10000 10000 10000 882 10000 
1470 10000 2573 10000 10000 10000 956 10000 10000 
2303 10000 10000 10000 10000 1613 10000 1382 10000 
1960 3920 10000 10000 10000 1372 10000 1176 1078 
2205 10000 10000 10000 10000 10000 10000 1323 10000 
4018 10000 7032 10000 10000 10000 2612 10000 2210 
2744 5488 4802 10000 3430 1921 1784 10000 1510 
2999 5998 10000 10000 10000 2100 1950 10000 1650 
735 10000 10000 10000 919 10000 10000 10000 405 
735 10000 10000 1103 919 10000 10000 441 405 
735 10000 10000 1103 10000 10000 478 441 10000 
735 1470 10000 1103 10000 515 10000 441 10000 
545 10000 10000 818 10000 10000 10000 327 10000 
3386 10000 10000 10000 10000 10000 10000 10000 1863 
3234 6468 10000 10000 10000 2264 10000 1941 1779 
2205 10000 10000 10000 10000 1544 1434 10000 10000 
2206 10000 10000 10000 10000 10000 10000 10000 10000 
490 980 10000 735 10000 343 10000 294 10000 
825 10000 10000 1238 10000 10000 10000 495 454 
3528 10000 10000 10000 10000 10000 10000 2117 1941 
3568 10000 10000 10000 10000 10000 2320 10000 10000 
1200 2400 10000 10000 1500 840 780 720 660 
618 10000 10000 10000 10000 10000 10000 371 340 
1470 10000 10000 2205 10000 10000 956 882 809 
1715 3430 10000 10000 10000 1201 1115 1029 944 
735 1470 10000 1103 10000 515 10000 441 10000 
1960 10000 10000 2940 10000 10000 1274 1176 10000 
2889 10000 10000 4334 3612 10000 10000 1734 1589 
618 1236 10000 10000 10000 433 10000 10000 10000 
490 10000 10000 10000 613 10000 10000 294 270 
735 10000 10000 1103 10000 10000 478 441 405 
490 10000 858 10000 10000 10000 319 10000 270 
921 10000 10000 10000 10000 10000 599 553 10000 
326 652 10000 10000 408 229 212 196 180 
5390 10000 9433 10000 6738 3773 3504 10000 2965 
243 10000 426 10000 10000 10000 158 146 10000 
371 10000 10000 10000 464 10000 10000 223 205 
58 10000 10000 10000 10000 10000 38 10000 32 
5059 10000 8854 10000 6324 3542 3289 3036 2783 
1225 10000 2144 10000 10000 10000 797 735 674 
769 10000 10000 1154 10000 10000 500 462 10000 
768 10000 10000 1152 10000 10000 10000 461 423 
1670 10000 2923 10000 10000 1169 1086 10000 919 
1670 10000 10000 10000 10000 10000 10000 10000 919 
490 980 10000 10000 10000 343 319 294 10000 
202 10000 10000 10000 10000 10000 132 10000 10000 
203 10000 10000 10000 254 10000 10000 10000 112 
202 10000 10000 10000 10000 10000 10000 10000 10000 
2744 5488 10000 10000 10000 1921 10000 1647 10000 
162 10000 10000 10000 10000 10000 106 10000 90 
324 10000 10000 486 405 10000 10000 195 179 
162 10000 10000 10000 10000 10000 10000 98 90 
121 10000 10000 10000 10000 10000 10000 10000 67 
162 324 284 243 10000 114 106 98 90 
91 10000 10000 10000 10000 10000 10000 10000 51 
