111
3
4
9.44
14.96
17.05
21.39
176
1 2
2 3
3 4
4 5
4 6
4 7
4 8
4 9
4 10
5 39
6 39
7 83
8 71
9 32
10 11
10 12
11 13
11 14
11 15
11 16
11 17
11 18
11 19
11 20
11 21
12 13
12 14
12 15
12 16
12 17
12 18
12 19
12 20
12 21
13 71
14 22
14 23
14 24
14 25
15 26
16 27
17 28
18 29
19 30
20 91
21 111
22 31
22 83
23 32
23 33
24 69
24 70
25 34
26 82
27 35
28 36
29 37
30 38
31 39
32 41
33 111
34 42
35 43
36 44
36 91
37 45
37 91
38 46
38 91
39 40
40 111
41 69
41 70
42 47
43 48
43 49
44 50
45 51
46 52
47 54
47 55
47 56
47 57
47 58
47 59
47 60
48 53
49 91
50 111
51 111
52 111
53 111
54 69
54 70
55 61
55 62
55 63
56 63
56 64
57 65
57 91
58 66
58 91
59 67
59 91
60 68
60 91
61 69
61 70
62 71
63 111
64 72
65 111
66 111
67 111
68 111
69 77
69 78
70 73
71 91
72 74
73 75
74 76
75 77
75 78
75 79
76 80
76 81
76 82
77 83
78 84
79 85
80 86
80 91
81 87
81 91
82 111
83 91
84 88
84 89
84 91
85 111
86 111
87 90
88 105
89 105
90 111
91 92
91 93
91 94
92 95
93 95
94 95
95 96
95 97
95 98
95 99
95 100
95 104
96 101
97 102
98 103
99 111
100 111
101 105
102 106
102 107
103 107
103 108
104 111
105 111
106 109
107 111
108 110
109 111
110 111
1960 3920 10000 10000 10000 1372 10000 1176 1078 
1715 10000 10000 10000 10000 1201 10000 1029 944 
735 10000 10000 10000 10000 10000 10000 10000 10000 
1715 10000 10000 2573 10000 1201 10000 1029 10000 
490 980 858 10000 10000 343 319 294 10000 
1225 10000 10000 10000 10000 10000 797 735 10000 
169 10000 10000 10000 212 119 10000 10000 93 
2252 10000 10000 10000 2815 10000 10000 10000 1239 
1225 10000 10000 1838 10000 10000 797 735 10000 
2319 10000 10000 10000 10000 10000 10000 1392 10000 
1715 3430 3002 10000 10000 1201 1115 10000 944 
980 10000 1715 10000 10000 686 637 10000 10000 
735 10000 10000 1103 10000 10000 10000 441 10000 
2281 10000 10000 3422 10000 1597 10000 1369 10000 
2750 5500 10000 4125 10000 1925 10000 1650 1513 
77 10000 10000 10000 10000 54 10000 10000 43 
89 10000 10000 10000 112 10000 10000 10000 49 
51 10000 10000 10000 10000 36 10000 10000 10000 
364 10000 10000 10000 455 10000 10000 219 201 
405 10000 10000 10000 10000 10000 264 10000 10000 
3060 10000 10000 10000 10000 10000 1989 10000 10000 
125 10000 10000 10000 157 88 10000 10000 69 
3429 6858 10000 10000 4287 2401 10000 10000 1886 
43 10000 76 10000 54 31 28 10000 24 
3430 6860 6003 5145 10000 2401 2230 2058 10000 
1960 10000 3430 10000 2450 10000 1274 10000 1078 
29 10000 51 10000 10000 10000 19 10000 10000 
27 54 10000 10000 34 19 10000 17 15 
15 10000 10000 23 10000 10000 10000 9 10000 
121 10000 10000 10000 10000 10000 10000 10000 10000 
1715 10000 10000 10000 2144 10000 10000 10000 944 
2127 10000 10000 10000 2659 1489 1383 10000 1170 
1470 10000 10000 2205 10000 10000 10000 882 10000 
4037 10000 10000 10000 10000 10000 2625 10000 10000 
68 10000 10000 10000 10000 48 10000 41 10000 
62 124 109 10000 78 44 41 10000 35 
42 10000 10000 10000 53 10000 10000 10000 24 
364 10000 637 10000 10000 10000 237 10000 201 
4998 9996 10000 7497 10000 3499 10000 2999 10000 
1470 10000 10000 10000 1838 10000 10000 882 809 
2963 10000 5186 4445 10000 10000 1926 1778 10000 
5689 10000 9956 10000 10000 10000 3698 3414 3129 
68 136 10000 10000 10000 48 45 41 10000 
18 36 10000 10000 10000 13 10000 10000 10000 
10 10000 10000 15 10000 7 10000 6 10000 
81 10000 10000 10000 10000 57 10000 10000 45 
5200 10000 10000 7800 10000 10000 10000 3120 2860 
39 78 10000 59 49 28 26 24 22 
67 10000 118 10000 84 10000 44 41 37 
27 10000 10000 10000 34 10000 10000 17 15 
15 10000 10000 10000 10000 10000 10000 9 10000 
121 10000 10000 10000 152 10000 10000 10000 67 
58 10000 10000 10000 10000 10000 38 10000 10000 
1715 3430 10000 10000 2144 1201 10000 1029 944 
125 10000 10000 10000 10000 10000 10000 75 10000 
4010 8020 10000 10000 5013 2807 10000 2406 2206 
1470 10000 2573 10000 1838 1029 956 10000 809 
1470 2940 10000 2205 10000 1029 10000 882 10000 
2303 4606 4031 3455 10000 1613 1497 1382 10000 
1960 10000 10000 10000 10000 10000 10000 10000 1078 
2205 10000 10000 10000 2757 10000 1434 10000 1213 
4018 10000 10000 10000 5023 10000 2612 10000 2210 
2744 10000 10000 10000 10000 10000 10000 10000 10000 
2999 10000 10000 10000 10000 10000 10000 10000 10000 
735 10000 10000 1103 919 10000 10000 441 405 
735 10000 10000 1103 10000 10000 10000 441 10000 
735 10000 1287 10000 10000 10000 478 10000 405 
735 10000 1287 10000 10000 10000 478 10000 405 
545 1090 10000 10000 10000 382 10000 10000 300 
3386 6772 5926 5079 10000 2371 2201 2032 1863 
3234 10000 10000 4851 10000 10000 2103 1941 1779 
2205 10000 10000 10000 10000 1544 10000 1323 10000 
2206 10000 10000 10000 10000 1545 10000 10000 10000 
490 980 10000 10000 613 343 10000 10000 270 
825 1650 10000 10000 10000 578 10000 495 10000 
3528 10000 10000 10000 10000 10000 10000 10000 10000 
3568 10000 6244 10000 10000 10000 2320 10000 10000 
1200 2400 10000 10000 10000 840 10000 10000 10000 
618 10000 10000 10000 10000 10000 402 371 10000 
1470 10000 10000 10000 10000 10000 956 882 10000 
1715 3430 10000 10000 2144 1201 1115 10000 944 
735 10000 1287 10000 10000 10000 478 10000 405 
1960 10000 10000 10000 10000 1372 1274 1176 1078 
2889 10000 5056 10000 10000 10000 1878 10000 10000 
618 1236 10000 927 10000 433 10000 371 340 
490 10000 10000 10000 10000 10000 319 294 270 
735 10000 10000 10000 10000 10000 10000 10000 10000 
490 980 10000 735 10000 343 10000 294 10000 
921 10000 10000 1382 10000 10000 10000 553 10000 
326 652 10000 10000 10000 229 212 196 10000 
5390 10780 9433 10000 10000 3773 3504 10000 10000 
243 10000 10000 10000 10000 10000 10000 10000 10000 
371 10000 10000 557 464 260 10000 223 205 
58 116 10000 10000 10000 41 10000 35 32 
5059 10118 10000 10000 6324 3542 3289 10000 2783 
1225 10000 10000 10000 10000 858 10000 10000 10000 
769 10000 10000 10000 10000 10000 10000 10000 10000 
768 10000 10000 1152 10000 538 500 461 10000 
1670 3340 10000 10000 10000 1169 1086 10000 10000 
1670 10000 10000 2505 10000 10000 1086 1002 10000 
490 10000 10000 10000 10000 10000 10000 10000 270 
202 404 10000 10000 10000 142 10000 122 112 
203 10000 10000 10000 254 10000 132 10000 112 
202 10000 10000 10000 253 10000 10000 10000 112 
2744 10000 10000 10000 10000 10000 10000 10000 1510 
162 324 10000 10000 10000 114 10000 98 10000 
324 10000 567 10000 405 227 211 10000 179 
162 10000 10000 243 10000 10000 10000 98 90 
121 10000 10000 10000 10000 10000 10000 73 10000 
162 10000 10000 243 203 10000 10000 98 90 
91 10000 160 137 10000 10000 60 55 10000 
