111
17
4
10.76
14.40
17.19
22.77
176
1 2
2 3
3 4
4 5
4 6
4 7
4 8
4 9
4 10
5 39
6 39
7 83
8 71
9 32
10 11
10 12
11 13
11 14
11 15
11 16
11 17
11 18
11 19
11 20
11 21
12 13
12 14
12 15
12 16
12 17
12 18
12 19
12 20
12 21
13 71
14 22
14 23
14 24
14 25
15 26
16 27
17 28
18 29
19 30
20 91
21 111
22 31
22 83
23 32
23 33
24 69
24 70
25 34
26 82
27 35
28 36
29 37
30 38
31 39
32 41
33 111
34 42
35 43
36 44
36 91
37 45
37 91
38 46
38 91
39 40
40 111
41 69
41 70
42 47
43 48
43 49
44 50
45 51
46 52
47 54
47 55
47 56
47 57
47 58
47 59
47 60
48 53
49 91
50 111
51 111
52 111
53 111
54 69
54 70
55 61
55 62
55 63
56 63
56 64
57 65
57 91
58 66
58 91
59 67
59 91
60 68
60 91
61 69
61 70
62 71
63 111
64 72
65 111
66 111
67 111
68 111
69 77
69 78
70 73
71 91
72 74
73 75
74 76
75 77
75 78
75 79
76 80
76 81
76 82
77 83
78 84
79 85
80 86
80 91
81 87
81 91
82 111
83 91
84 88
84 89
84 91
85 111
86 111
87 90
88 105
89 105
90 111
91 92
91 93
91 94
92 95
93 95
94 95
95 96
95 97
95 98
95 99
95 100
95 104
96 101
97 102
98 103
99 111
100 111
101 105
102 106
102 107
103 107
103 108
104 111
105 111
106 109
107 111
108 110
109 111
110 111
1960 10000 3430 10000 10000 10000 1274 10000 10000 
1715 10000 3002 10000 10000 10000 1115 10000 944 
735 10000 10000 10000 10000 515 478 10000 10000 
1715 3430 10000 10000 10000 1201 1115 10000 10000 
490 10000 10000 10000 613 10000 10000 10000 270 
1225 10000 10000 1838 10000 10000 10000 735 10000 
169 10000 10000 10000 10000 119 10000 102 93 
2252 10000 3941 3378 10000 1577 1464 1352 10000 
1225 2450 10000 10000 10000 858 10000 10000 674 
2319 10000 4059 3479 10000 10000 1508 1392 1276 
1715 10000 10000 10000 10000 1201 10000 10000 10000 
980 10000 10000 10000 10000 10000 637 10000 539 
735 10000 10000 10000 10000 10000 10000 10000 10000 
2281 10000 10000 10000 10000 10000 10000 1369 10000 
2750 10000 10000 10000 10000 10000 1788 10000 1513 
77 10000 10000 10000 10000 10000 10000 47 10000 
89 178 156 10000 10000 63 58 54 10000 
51 10000 10000 77 10000 10000 34 31 10000 
364 10000 10000 10000 10000 10000 10000 10000 10000 
405 10000 10000 10000 10000 10000 10000 243 10000 
3060 6120 10000 4590 10000 2142 10000 1836 10000 
125 10000 219 188 157 10000 82 75 69 
3429 10000 10000 5144 10000 10000 2229 2058 1886 
43 10000 10000 65 54 10000 28 26 24 
3430 10000 10000 10000 4288 10000 10000 10000 1887 
1960 10000 10000 10000 10000 10000 10000 1176 10000 
29 10000 10000 10000 37 10000 10000 10000 16 
27 10000 10000 10000 10000 10000 10000 10000 15 
15 30 10000 23 19 11 10000 9 9 
121 10000 10000 10000 10000 10000 10000 73 10000 
1715 3430 10000 2573 10000 1201 10000 1029 10000 
2127 10000 10000 10000 2659 1489 10000 1277 1170 
1470 10000 10000 10000 1838 10000 10000 10000 809 
4037 10000 10000 10000 10000 10000 10000 10000 2221 
68 10000 119 10000 10000 48 45 10000 38 
62 10000 10000 10000 10000 44 10000 10000 35 
42 10000 10000 10000 10000 10000 28 10000 10000 
364 10000 10000 546 10000 10000 237 219 10000 
4998 10000 10000 10000 10000 10000 10000 2999 10000 
1470 10000 10000 10000 10000 10000 10000 10000 10000 
2963 5926 10000 10000 10000 2075 10000 1778 10000 
5689 10000 10000 8534 7112 10000 10000 3414 3129 
68 10000 10000 10000 10000 10000 10000 10000 10000 
18 10000 32 10000 10000 10000 12 11 10000 
10 20 10000 10000 13 7 10000 10000 6 
81 10000 10000 10000 10000 10000 10000 10000 45 
5200 10000 10000 10000 10000 3640 10000 10000 10000 
39 78 10000 59 10000 28 10000 24 10000 
67 10000 10000 101 84 10000 10000 41 37 
27 10000 10000 10000 10000 10000 10000 17 10000 
15 10000 10000 10000 10000 11 10 9 10000 
121 10000 10000 10000 152 85 10000 10000 67 
58 10000 10000 10000 73 10000 10000 10000 32 
1715 3430 10000 10000 10000 1201 1115 1029 944 
125 10000 10000 10000 10000 10000 10000 75 69 
4010 10000 7018 10000 10000 10000 2607 10000 2206 
1470 10000 10000 10000 10000 1029 956 10000 809 
1470 10000 10000 10000 10000 10000 956 10000 809 
2303 10000 10000 10000 10000 10000 10000 10000 1267 
1960 10000 10000 10000 10000 1372 10000 10000 10000 
2205 4410 3859 10000 10000 1544 1434 10000 1213 
4018 10000 10000 10000 5023 10000 10000 10000 2210 
2744 10000 10000 10000 10000 10000 1784 10000 10000 
2999 10000 10000 10000 10000 2100 10000 10000 1650 
735 10000 10000 10000 10000 10000 10000 10000 10000 
735 10000 10000 10000 10000 10000 478 10000 405 
735 10000 1287 10000 919 515 478 10000 405 
735 10000 10000 10000 10000 10000 478 10000 10000 
545 10000 954 10000 10000 10000 355 10000 10000 
3386 10000 10000 10000 4233 10000 10000 2032 1863 
3234 10000 10000 4851 10000 10000 10000 1941 10000 
2205 10000 10000 10000 10000 10000 10000 10000 10000 
2206 10000 10000 3309 10000 10000 10000 1324 1214 
490 10000 10000 10000 613 10000 10000 10000 270 
825 10000 10000 1238 10000 578 537 495 10000 
3528 10000 10000 10000 10000 10000 10000 10000 10000 
3568 10000 10000 10000 10000 10000 2320 10000 1963 
1200 2400 2100 10000 1500 840 780 10000 660 
618 10000 10000 10000 10000 10000 10000 371 340 
1470 10000 10000 10000 10000 10000 956 882 809 
1715 10000 3002 10000 2144 10000 1115 10000 944 
735 10000 10000 10000 10000 10000 10000 441 10000 
1960 10000 10000 10000 10000 10000 10000 1176 1078 
2889 10000 10000 10000 10000 2023 1878 10000 10000 
618 10000 10000 10000 10000 10000 10000 10000 10000 
490 10000 10000 10000 10000 10000 10000 10000 270 
735 10000 1287 10000 10000 10000 478 441 10000 
490 10000 10000 10000 10000 10000 10000 10000 10000 
921 10000 10000 10000 1152 10000 10000 553 507 
326 10000 10000 10000 10000 10000 10000 10000 180 
5390 10000 10000 10000 10000 10000 10000 10000 2965 
243 10000 426 10000 10000 10000 158 10000 10000 
371 10000 10000 10000 10000 10000 242 10000 205 
58 116 10000 87 10000 41 38 35 32 
5059 10000 10000 7589 10000 10000 10000 3036 10000 
1225 10000 10000 10000 10000 10000 797 735 674 
769 1538 10000 1154 10000 539 10000 462 423 
768 10000 10000 10000 960 10000 10000 10000 423 
1670 10000 10000 10000 10000 10000 1086 1002 919 
1670 10000 10000 10000 2088 10000 10000 1002 919 
490 10000 10000 10000 10000 343 319 10000 270 
202 10000 10000 10000 10000 142 132 122 112 
203 10000 10000 10000 10000 143 10000 10000 112 
202 10000 10000 303 10000 10000 10000 122 112 
2744 5488 4802 10000 10000 1921 1784 10000 10000 
162 324 10000 243 203 114 10000 98 90 
324 10000 10000 10000 10000 10000 211 10000 10000 
162 10000 10000 10000 10000 10000 10000 98 90 
121 10000 10000 10000 152 10000 79 10000 67 
162 10000 10000 10000 10000 10000 10000 98 90 
91 10000 10000 137 114 10000 10000 55 51 
