111
8
4
10.02
14.53
19.83
23.62
176
1 2
2 3
3 4
4 5
4 6
4 7
4 8
4 9
4 10
5 39
6 39
7 83
8 71
9 32
10 11
10 12
11 13
11 14
11 15
11 16
11 17
11 18
11 19
11 20
11 21
12 13
12 14
12 15
12 16
12 17
12 18
12 19
12 20
12 21
13 71
14 22
14 23
14 24
14 25
15 26
16 27
17 28
18 29
19 30
20 91
21 111
22 31
22 83
23 32
23 33
24 69
24 70
25 34
26 82
27 35
28 36
29 37
30 38
31 39
32 41
33 111
34 42
35 43
36 44
36 91
37 45
37 91
38 46
38 91
39 40
40 111
41 69
41 70
42 47
43 48
43 49
44 50
45 51
46 52
47 54
47 55
47 56
47 57
47 58
47 59
47 60
48 53
49 91
50 111
51 111
52 111
53 111
54 69
54 70
55 61
55 62
55 63
56 63
56 64
57 65
57 91
58 66
58 91
59 67
59 91
60 68
60 91
61 69
61 70
62 71
63 111
64 72
65 111
66 111
67 111
68 111
69 77
69 78
70 73
71 91
72 74
73 75
74 76
75 77
75 78
75 79
76 80
76 81
76 82
77 83
78 84
79 85
80 86
80 91
81 87
81 91
82 111
83 91
84 88
84 89
84 91
85 111
86 111
87 90
88 105
89 105
90 111
91 92
91 93
91 94
92 95
93 95
94 95
95 96
95 97
95 98
95 99
95 100
95 104
96 101
97 102
98 103
99 111
100 111
101 105
102 106
102 107
103 107
103 108
104 111
105 111
106 109
107 111
108 110
109 111
110 111
1960 10000 10000 10000 2450 10000 10000 10000 1078 
1715 10000 10000 10000 2144 10000 10000 10000 944 
735 10000 1287 1103 919 10000 478 441 405 
1715 10000 10000 10000 2144 10000 10000 10000 944 
490 10000 10000 10000 10000 343 10000 10000 10000 
1225 10000 10000 10000 10000 10000 10000 735 674 
169 10000 10000 10000 10000 10000 10000 102 93 
2252 4504 3941 10000 10000 1577 1464 10000 10000 
1225 2450 10000 10000 1532 858 10000 735 674 
2319 10000 10000 10000 2899 10000 10000 1392 1276 
1715 3430 10000 2573 2144 1201 10000 1029 944 
980 10000 1715 10000 10000 686 637 10000 10000 
735 10000 10000 10000 919 10000 478 441 405 
2281 10000 10000 10000 10000 10000 10000 10000 10000 
2750 10000 10000 10000 3438 1925 10000 10000 1513 
77 10000 10000 10000 10000 10000 10000 47 10000 
89 10000 10000 10000 10000 63 10000 10000 49 
51 10000 10000 77 64 10000 10000 31 29 
364 10000 10000 546 10000 10000 237 219 10000 
405 10000 10000 10000 507 284 10000 243 223 
3060 10000 10000 10000 10000 2142 10000 10000 1683 
125 250 219 10000 10000 88 82 10000 69 
3429 10000 10000 10000 4287 2401 10000 10000 1886 
43 10000 10000 10000 10000 10000 10000 26 10000 
3430 10000 10000 10000 10000 10000 2230 10000 10000 
1960 10000 10000 10000 2450 10000 1274 10000 1078 
29 58 10000 10000 10000 21 10000 10000 10000 
27 54 10000 10000 34 19 10000 10000 15 
15 10000 27 10000 10000 11 10 9 9 
121 242 10000 182 152 85 10000 73 67 
1715 10000 3002 2573 10000 10000 1115 1029 10000 
2127 10000 3723 10000 10000 10000 1383 10000 10000 
1470 10000 10000 2205 10000 10000 10000 882 10000 
4037 10000 10000 10000 5047 10000 10000 2423 2221 
68 136 10000 10000 10000 48 10000 10000 10000 
62 10000 10000 93 10000 44 41 38 35 
42 10000 74 10000 10000 10000 28 10000 10000 
364 728 10000 10000 10000 255 10000 10000 10000 
4998 10000 8747 7497 10000 10000 3249 2999 10000 
1470 10000 2573 10000 10000 10000 956 10000 10000 
2963 10000 10000 4445 10000 10000 1926 1778 10000 
5689 10000 10000 10000 10000 3983 10000 10000 3129 
68 136 10000 10000 85 48 10000 10000 38 
18 10000 10000 27 23 13 10000 11 10 
10 20 10000 10000 13 7 7 6 6 
81 10000 10000 10000 10000 10000 10000 49 45 
5200 10000 10000 10000 10000 10000 10000 10000 10000 
39 10000 10000 10000 49 10000 26 10000 22 
67 10000 10000 101 10000 47 10000 41 10000 
27 10000 48 10000 34 10000 18 10000 15 
15 10000 10000 23 19 10000 10000 9 9 
121 10000 10000 10000 10000 10000 10000 73 10000 
58 10000 10000 87 10000 10000 10000 35 32 
1715 10000 10000 10000 10000 1201 1115 10000 944 
125 10000 10000 10000 10000 88 10000 75 69 
4010 10000 10000 10000 5013 2807 10000 10000 2206 
1470 10000 10000 10000 10000 10000 10000 882 10000 
1470 2940 10000 2205 10000 1029 956 882 10000 
2303 10000 10000 3455 10000 10000 10000 1382 10000 
1960 10000 10000 2940 2450 10000 10000 1176 1078 
2205 10000 10000 10000 10000 10000 10000 1323 1213 
4018 8036 10000 6027 10000 2813 10000 2411 10000 
2744 10000 10000 10000 10000 10000 10000 1647 1510 
2999 10000 10000 10000 10000 10000 10000 10000 10000 
735 10000 1287 1103 10000 515 478 441 10000 
735 10000 10000 10000 919 10000 478 10000 405 
735 1470 10000 1103 919 515 478 441 405 
735 1470 10000 10000 10000 515 478 10000 405 
545 1090 10000 10000 10000 382 10000 327 300 
3386 10000 5926 10000 4233 2371 2201 2032 1863 
3234 10000 5660 10000 10000 10000 2103 1941 10000 
2205 10000 10000 10000 2757 10000 10000 10000 1213 
2206 10000 3861 10000 10000 10000 1434 10000 10000 
490 10000 858 10000 613 10000 319 10000 270 
825 10000 10000 10000 10000 10000 10000 10000 10000 
3528 10000 10000 10000 10000 10000 2294 10000 10000 
3568 10000 10000 10000 10000 10000 10000 2141 10000 
1200 2400 10000 1800 1500 840 10000 720 660 
618 10000 10000 927 10000 10000 10000 371 10000 
1470 10000 10000 10000 10000 10000 10000 10000 809 
1715 10000 3002 10000 10000 1201 1115 10000 944 
735 10000 10000 10000 10000 10000 10000 10000 10000 
1960 10000 3430 2940 2450 10000 1274 1176 1078 
2889 5778 10000 10000 3612 2023 10000 10000 1589 
618 1236 10000 10000 10000 433 10000 371 10000 
490 10000 858 10000 613 10000 319 10000 270 
735 10000 10000 10000 10000 10000 10000 10000 405 
490 10000 10000 10000 10000 10000 319 10000 270 
921 1842 10000 10000 10000 645 10000 10000 10000 
326 10000 10000 10000 408 10000 10000 196 180 
5390 10000 10000 10000 10000 3773 3504 10000 10000 
243 10000 10000 10000 10000 10000 10000 146 10000 
371 10000 10000 10000 464 10000 10000 223 205 
58 10000 10000 10000 73 41 38 10000 32 
5059 10000 10000 10000 6324 10000 10000 3036 2783 
1225 2450 10000 10000 10000 858 10000 735 10000 
769 10000 1346 10000 10000 539 500 10000 423 
768 10000 10000 10000 960 10000 10000 10000 423 
1670 10000 10000 2505 10000 10000 10000 1002 919 
1670 3340 10000 10000 10000 1169 10000 1002 10000 
490 10000 858 10000 10000 343 319 294 10000 
202 10000 10000 10000 253 10000 132 10000 112 
203 10000 10000 10000 254 10000 10000 10000 112 
202 404 10000 303 10000 142 10000 122 112 
2744 10000 10000 10000 10000 10000 10000 10000 1510 
162 324 10000 10000 10000 114 10000 98 10000 
324 10000 10000 10000 10000 10000 10000 195 179 
162 10000 10000 10000 10000 114 10000 10000 10000 
121 10000 10000 10000 10000 85 10000 10000 10000 
162 324 10000 243 10000 114 10000 98 90 
91 10000 10000 10000 10000 64 60 55 51 
