111
16
4
9.78
14.10
17.48
19.66
176
1 2
2 3
3 4
4 5
4 6
4 7
4 8
4 9
4 10
5 39
6 39
7 83
8 71
9 32
10 11
10 12
11 13
11 14
11 15
11 16
11 17
11 18
11 19
11 20
11 21
12 13
12 14
12 15
12 16
12 17
12 18
12 19
12 20
12 21
13 71
14 22
14 23
14 24
14 25
15 26
16 27
17 28
18 29
19 30
20 91
21 111
22 31
22 83
23 32
23 33
24 69
24 70
25 34
26 82
27 35
28 36
29 37
30 38
31 39
32 41
33 111
34 42
35 43
36 44
36 91
37 45
37 91
38 46
38 91
39 40
40 111
41 69
41 70
42 47
43 48
43 49
44 50
45 51
46 52
47 54
47 55
47 56
47 57
47 58
47 59
47 60
48 53
49 91
50 111
51 111
52 111
53 111
54 69
54 70
55 61
55 62
55 63
56 63
56 64
57 65
57 91
58 66
58 91
59 67
59 91
60 68
60 91
61 69
61 70
62 71
63 111
64 72
65 111
66 111
67 111
68 111
69 77
69 78
70 73
71 91
72 74
73 75
74 76
75 77
75 78
75 79
76 80
76 81
76 82
77 83
78 84
79 85
80 86
80 91
81 87
81 91
82 111
83 91
84 88
84 89
84 91
85 111
86 111
87 90
88 105
89 105
90 111
91 92
91 93
91 94
92 95
93 95
94 95
95 96
95 97
95 98
95 99
95 100
95 104
96 101
97 102
98 103
99 111
100 111
101 105
102 106
102 107
103 107
103 108
104 111
105 111
106 109
107 111
108 110
109 111
110 111
1960 3920 3430 2940 2450 1372 1274 1176 1078 
1715 3430 3002 10000 10000 1201 1115 1029 10000 
735 10000 10000 10000 919 10000 10000 10000 405 
1715 10000 10000 10000 10000 10000 1115 1029 10000 
490 10000 10000 10000 10000 10000 10000 294 10000 
1225 10000 10000 10000 1532 858 10000 735 674 
169 10000 10000 10000 10000 10000 10000 10000 93 
2252 4504 10000 3378 10000 1577 10000 1352 1239 
1225 10000 2144 10000 10000 10000 797 10000 674 
2319 10000 4059 10000 10000 10000 1508 10000 1276 
1715 10000 10000 10000 10000 10000 1115 10000 10000 
980 10000 10000 10000 10000 686 10000 10000 10000 
735 10000 10000 10000 10000 515 10000 441 10000 
2281 4562 3992 10000 2852 1597 1483 10000 1255 
2750 10000 10000 10000 10000 10000 10000 10000 10000 
77 10000 135 10000 10000 54 51 10000 43 
89 10000 156 10000 10000 63 58 10000 10000 
51 10000 10000 77 64 10000 10000 31 29 
364 10000 10000 10000 455 10000 10000 10000 201 
405 10000 10000 10000 507 284 10000 10000 223 
3060 10000 10000 4590 10000 2142 1989 1836 10000 
125 10000 10000 10000 157 10000 10000 75 69 
3429 6858 10000 10000 4287 2401 10000 10000 1886 
43 10000 10000 10000 54 31 28 26 24 
3430 10000 6003 5145 4288 10000 2230 2058 1887 
1960 10000 10000 10000 2450 10000 1274 10000 1078 
29 58 51 44 10000 21 19 18 10000 
27 10000 48 41 10000 19 18 17 10000 
15 10000 27 10000 10000 11 10 10000 9 
121 242 10000 10000 152 85 79 73 67 
1715 3430 10000 2573 2144 1201 1115 1029 944 
2127 10000 10000 3191 2659 10000 10000 1277 1170 
1470 10000 10000 10000 10000 10000 956 10000 809 
4037 10000 10000 10000 10000 2826 2625 10000 10000 
68 10000 10000 10000 10000 10000 10000 41 38 
62 124 10000 10000 78 44 41 10000 35 
42 84 10000 10000 10000 30 10000 10000 10000 
364 10000 10000 10000 10000 10000 10000 219 201 
4998 10000 10000 10000 10000 10000 3249 10000 10000 
1470 10000 10000 10000 10000 10000 10000 10000 10000 
2963 10000 10000 10000 10000 10000 10000 10000 10000 
5689 10000 10000 10000 10000 10000 10000 10000 3129 
68 10000 119 102 10000 10000 45 41 10000 
18 36 10000 10000 10000 13 10000 11 10 
10 20 18 10000 10000 7 7 6 10000 
81 10000 10000 10000 10000 10000 10000 10000 10000 
5200 10000 9100 10000 10000 3640 3380 10000 10000 
39 78 10000 10000 10000 28 10000 10000 10000 
67 10000 118 10000 10000 10000 44 10000 37 
27 10000 10000 10000 10000 10000 10000 10000 10000 
15 10000 10000 10000 10000 10000 10000 10000 9 
121 10000 10000 10000 10000 10000 10000 10000 67 
58 10000 10000 10000 10000 41 10000 35 10000 
1715 10000 10000 10000 10000 10000 1115 1029 10000 
125 10000 10000 10000 157 10000 10000 75 69 
4010 10000 10000 10000 5013 10000 2607 10000 2206 
1470 10000 10000 10000 1838 10000 956 10000 809 
1470 2940 10000 10000 10000 1029 956 882 809 
2303 4606 10000 10000 2879 1613 10000 10000 1267 
1960 3920 10000 10000 2450 1372 10000 10000 1078 
2205 10000 10000 3308 2757 10000 10000 1323 1213 
4018 10000 10000 6027 10000 2813 10000 2411 10000 
2744 10000 4802 10000 10000 1921 1784 1647 10000 
2999 10000 10000 10000 10000 10000 10000 10000 10000 
735 10000 10000 10000 10000 515 10000 441 405 
735 10000 1287 10000 10000 515 478 10000 10000 
735 10000 10000 10000 10000 10000 10000 10000 10000 
735 10000 1287 1103 10000 10000 478 441 405 
545 10000 10000 10000 10000 10000 10000 10000 300 
3386 10000 5926 10000 10000 2371 2201 2032 10000 
3234 6468 10000 10000 10000 2264 10000 10000 1779 
2205 10000 10000 10000 10000 10000 10000 10000 10000 
2206 10000 10000 10000 10000 1545 10000 1324 1214 
490 10000 10000 10000 10000 10000 10000 294 270 
825 10000 10000 1238 10000 578 10000 495 10000 
3528 10000 10000 10000 4410 10000 10000 10000 1941 
3568 10000 10000 10000 4460 10000 2320 10000 1963 
1200 10000 10000 10000 10000 10000 780 10000 660 
618 10000 10000 10000 10000 10000 10000 10000 10000 
1470 10000 10000 2205 10000 10000 10000 882 809 
1715 10000 3002 2573 10000 1201 1115 1029 10000 
735 10000 10000 10000 919 10000 10000 10000 405 
1960 3920 10000 10000 2450 1372 10000 10000 1078 
2889 10000 10000 10000 10000 10000 10000 1734 1589 
618 10000 10000 10000 10000 433 402 371 10000 
490 10000 10000 10000 613 343 319 10000 270 
735 1470 10000 10000 10000 515 478 10000 10000 
490 980 10000 10000 613 343 319 10000 270 
921 1842 10000 10000 10000 645 10000 10000 10000 
326 652 10000 10000 10000 229 212 196 10000 
5390 10000 10000 8085 6738 10000 10000 3234 2965 
243 486 10000 10000 10000 171 10000 10000 10000 
371 10000 10000 557 10000 10000 10000 223 10000 
58 10000 10000 10000 10000 10000 38 35 32 
5059 10118 10000 10000 10000 3542 10000 10000 2783 
1225 10000 2144 10000 10000 858 797 735 10000 
769 1538 1346 10000 10000 539 500 462 10000 
768 10000 10000 1152 10000 538 10000 461 10000 
1670 10000 10000 10000 10000 10000 10000 10000 919 
1670 10000 10000 10000 10000 10000 10000 10000 919 
490 10000 10000 735 10000 10000 10000 294 10000 
202 10000 354 10000 10000 10000 132 10000 112 
203 10000 10000 305 10000 10000 10000 122 112 
202 10000 10000 10000 10000 10000 10000 10000 10000 
2744 5488 10000 10000 10000 1921 10000 10000 10000 
162 10000 10000 10000 10000 10000 10000 10000 90 
324 10000 10000 10000 10000 227 211 195 10000 
162 324 10000 10000 203 114 106 10000 90 
121 10000 10000 10000 10000 85 10000 10000 10000 
162 10000 10000 10000 203 114 10000 10000 90 
91 10000 10000 137 10000 10000 10000 55 51 
