11
4
4
10.11
12.79
18.55
20.83
13
1 2
1 3
2 4
3 5
4 6
5 7
5 8
5 9
6 10
7 11
8 11
9 11
10 11
4 10000 7 10000 10000 10000 3 10000 10000 
5 10000 10000 8 10000 10000 4 3 3 
5 10000 10000 10000 10000 10000 10000 3 3 
6 10000 11 10000 10000 10000 4 10000 10000 
3 10000 10000 10000 10000 10000 10000 10000 2 
2 4 10000 3 10000 2 10000 2 2 
1 10000 10000 10000 10000 10000 10000 10000 10000 
7 10000 10000 10000 10000 10000 5 5 10000 
5 10000 10000 10000 10000 4 10000 3 10000 
2 10000 10000 10000 10000 2 10000 10000 10000 
6 10000 11 9 8 10000 4 4 4 
