148
12
4
10.69
14.50
19.47
22.48
175
1 5
1 6
1 7
1 8
2 3
3 4
3 5
3 6
3 7
4 8
5 14
6 9
7 14
8 10
9 14
10 14
11 12
12 13
14 15
14 16
15 17
16 17
17 18
17 19
18 20
19 20
20 21
20 22
20 23
20 24
21 25
21 26
21 27
21 28
22 25
22 26
22 27
22 28
23 25
23 26
23 27
23 28
24 25
24 26
24 27
24 28
25 29
26 29
27 29
28 29
29 31
31 36
32 34
33 35
34 36
35 36
36 37
37 38
37 45
38 39
39 40
40 41
40 48
40 54
42 43
43 44
45 46
46 47
47 48
47 49
47 54
50 51
51 53
51 69
52 53
54 55
54 72
54 76
54 89
54 90
55 133
56 73
57 82
58 86
58 88
59 75
59 89
61 62
62 63
63 67
64 65
64 71
64 72
65 66
65 99
66 67
67 68
68 95
68 98
69 79
70 71
72 134
73 86
73 88
73 89
73 90
73 96
74 75
75 90
75 97
76 77
77 78
78 82
79 80
79 85
79 143
79 146
80 81
81 82
82 83
83 84
84 106
86 87
90 111
91 105
92 135
95 101
96 104
98 101
99 100
100 101
101 102
101 103
102 127
103 127
105 119
106 107
107 108
108 109
109 110
111 112
112 113
113 114
113 116
113 120
113 123
113 128
114 115
115 125
116 117
117 118
118 126
120 121
121 122
122 126
123 124
124 125
128 129
129 130
130 131
130 137
132 135
133 135
134 135
135 136
138 139
139 140
141 142
142 143
142 146
142 147
142 148
144 145
145 147
145 148
16 32 10000 10000 20 12 11 10000 9 
30 10000 53 10000 10000 21 20 10000 10000 
7 10000 10000 10000 10000 5 5 10000 10000 
47 10000 83 10000 10000 10000 31 29 10000 
29 10000 51 44 37 10000 19 18 16 
8 10000 10000 10000 10000 6 10000 10000 5 
39 78 69 10000 10000 28 26 10000 10000 
37 10000 10000 10000 10000 10000 10000 10000 21 
32 10000 10000 10000 10000 10000 10000 10000 18 
29 10000 10000 44 10000 21 19 18 10000 
17 10000 10000 10000 22 10000 10000 11 10 
11 22 10000 10000 14 8 10000 7 7 
32 10000 10000 10000 10000 10000 10000 10000 18 
15 10000 10000 10000 10000 10000 10000 10000 10000 
53 10000 10000 10000 10000 38 10000 10000 30 
53 10000 10000 10000 10000 38 35 32 10000 
8 10000 10000 10000 10000 6 6 10000 10000 
24 10000 10000 10000 30 17 10000 15 14 
24 48 10000 10000 10000 17 10000 15 10000 
8 10000 14 12 10000 10000 6 5 10000 
7 10000 10000 10000 10000 10000 10000 10000 4 
8 16 10000 10000 10000 6 10000 5 10000 
14 10000 25 21 10000 10 10 9 8 
13 10000 23 10000 17 10000 9 10000 8 
10 20 10000 10000 10000 7 10000 10000 6 
25 10000 10000 38 32 18 17 15 14 
11 10000 20 10000 14 10000 8 10000 7 
25 10000 44 38 10000 10000 17 15 14 
11 10000 10000 10000 14 10000 10000 7 7 
29 10000 51 10000 10000 10000 19 10000 10000 
25 10000 10000 38 10000 10000 10000 15 10000 
10 10000 10000 10000 13 10000 7 10000 6 
14 10000 10000 10000 10000 10000 10000 10000 8 
41 10000 10000 10000 52 10000 10000 25 23 
42 84 10000 63 10000 30 10000 26 24 
47 94 83 10000 10000 33 31 10000 26 
7 10000 10000 11 10000 10000 5 5 4 
80 10000 10000 10000 10000 10000 52 10000 44 
7 10000 10000 10000 10000 10000 10000 5 10000 
41 10000 72 10000 10000 29 27 10000 23 
47 10000 83 10000 10000 10000 31 10000 26 
16 10000 10000 10000 20 10000 11 10 9 
32 64 10000 10000 40 23 10000 20 18 
66 10000 10000 10000 83 47 10000 10000 37 
80 10000 10000 120 10000 56 52 48 44 
7 10000 13 10000 10000 10000 5 10000 10000 
41 10000 10000 62 10000 10000 10000 25 10000 
13 26 10000 10000 10000 10 10000 8 8 
47 10000 10000 10000 59 10000 31 10000 26 
33 10000 10000 10000 10000 10000 10000 10000 10000 
34 10000 10000 10000 43 10000 10000 21 19 
11 10000 10000 17 10000 10000 10000 7 7 
118 236 10000 10000 10000 83 77 71 10000 
25 10000 10000 10000 10000 10000 10000 10000 14 
7 10000 10000 10000 10000 10000 5 10000 10000 
28 10000 49 10000 10000 10000 19 10000 10000 
12 10000 10000 10000 10000 10000 10000 10000 10000 
52 10000 91 10000 65 37 34 10000 29 
14 28 10000 10000 18 10 10000 10000 8 
3 10000 10000 10000 10000 10000 10000 10000 10000 
3 10000 10000 10000 10000 3 10000 2 10000 
8 10000 10000 12 10000 10000 10000 5 5 
16 10000 10000 10000 10000 10000 11 10 9 
33 10000 10000 50 42 10000 10000 20 19 
8 10000 10000 10000 10000 10000 6 5 10000 
18 10000 10000 27 10000 10000 10000 11 10000 
10 10000 18 10000 10000 10000 7 6 10000 
14 10000 10000 21 10000 10000 10000 9 10000 
28 10000 49 10000 35 10000 19 17 16 
11 10000 20 10000 10000 10000 8 7 7 
118 10000 10000 10000 10000 10000 10000 10000 65 
25 50 10000 38 10000 18 17 15 10000 
40 10000 10000 10000 50 10000 10000 10000 22 
40 10000 10000 10000 10000 10000 26 10000 10000 
101 202 10000 10000 127 71 10000 10000 56 
5 10 10000 8 10000 4 10000 3 3 
28 10000 10000 10000 10000 20 10000 10000 16 
8 10000 10000 10000 10 10000 10000 10000 5 
281 10000 10000 10000 10000 10000 10000 10000 155 
7 10000 10000 11 10000 10000 5 5 4 
26 10000 10000 10000 10000 10000 17 10000 10000 
10 10000 18 10000 10000 10000 7 10000 10000 
21 10000 37 10000 27 10000 14 10000 12 
26 52 10000 10000 10000 19 10000 10000 15 
20 10000 35 10000 10000 10000 13 12 10000 
21 10000 10000 10000 10000 10000 14 10000 10000 
47 10000 10000 71 59 10000 10000 29 26 
23 10000 41 10000 10000 10000 15 10000 10000 
13 10000 10000 10000 10000 10 10000 8 10000 
19 10000 10000 10000 10000 10000 13 10000 10000 
115 10000 10000 10000 10000 10000 10000 10000 64 
35 10000 10000 10000 10000 10000 23 10000 10000 
26 10000 10000 10000 10000 10000 10000 10000 10000 
46 10000 10000 10000 10000 33 30 28 10000 
20 10000 10000 30 10000 10000 10000 12 10000 
31 10000 10000 10000 10000 10000 21 10000 10000 
19 10000 34 29 24 10000 13 12 11 
34 10000 60 10000 10000 10000 23 21 10000 
51 10000 10000 10000 10000 36 10000 31 29 
39 10000 10000 10000 49 10000 26 24 22 
30 60 10000 45 10000 21 10000 18 17 
26 10000 46 39 10000 10000 17 16 15 
13 10000 10000 10000 17 10000 10000 10000 8 
45 10000 10000 10000 10000 10000 10000 10000 10000 
58 10000 10000 10000 10000 10000 38 10000 10000 
28 10000 10000 42 10000 10000 19 17 10000 
8 10000 10000 10000 10000 10000 6 5 5 
383 10000 10000 10000 479 269 249 10000 211 
40 80 70 10000 10000 28 26 24 10000 
34 10000 10000 51 10000 24 23 21 10000 
23 10000 10000 10000 29 17 15 10000 13 
162 10000 10000 243 10000 10000 10000 98 90 
11 10000 10000 10000 14 10000 10000 10000 7 
19 10000 34 10000 10000 14 13 12 10000 
14 10000 10000 10000 18 10000 10 10000 8 
31 62 10000 10000 10000 22 10000 10000 18 
32 64 10000 10000 40 23 21 10000 18 
26 52 10000 10000 10000 19 17 10000 10000 
55 10000 10000 10000 10000 10000 36 10000 31 
31 10000 10000 10000 10000 22 21 19 10000 
32 10000 10000 10000 10000 10000 10000 20 10000 
26 10000 10000 10000 10000 10000 17 10000 15 
19 10000 10000 29 24 10000 10000 12 11 
14 10000 10000 10000 10000 10000 10000 9 10000 
19 10000 34 10000 24 10000 13 12 11 
48 10000 10000 10000 60 10000 10000 10000 27 
55 10000 10000 10000 10000 39 10000 33 31 
8 10000 10000 10000 10000 10000 6 10000 10000 
11 10000 10000 17 14 8 10000 7 7 
27 10000 10000 10000 10000 10000 10000 17 10000 
18 10000 10000 10000 23 10000 10000 11 10 
36 10000 63 10000 10000 10000 24 10000 10000 
23 10000 10000 10000 29 17 15 10000 13 
20 10000 10000 30 10000 10000 10000 12 10000 
46 10000 10000 10000 10000 10000 10000 28 10000 
64 128 10000 10000 10000 45 42 10000 10000 
22 10000 10000 10000 10000 16 10000 14 13 
15 10000 10000 23 10000 10000 10000 9 9 
34 10000 10000 10000 43 24 10000 10000 19 
22 10000 10000 33 10000 10000 15 14 13 
151 10000 10000 10000 10000 10000 10000 10000 10000 
148 296 10000 10000 10000 104 97 10000 10000 
64 10000 112 96 10000 10000 42 39 10000 
170 10000 10000 10000 10000 10000 10000 10000 94 
137 10000 240 10000 172 10000 90 83 76 
64 10000 10000 10000 10000 10000 10000 39 36 
78 10000 10000 10000 10000 10000 51 10000 43 
78 156 10000 117 10000 55 10000 47 43 
