148
7
4
10.40
14.62
20.24
20.84
175
1 5
1 6
1 7
1 8
2 3
3 4
3 5
3 6
3 7
4 8
5 14
6 9
7 14
8 10
9 14
10 14
11 12
12 13
14 15
14 16
15 17
16 17
17 18
17 19
18 20
19 20
20 21
20 22
20 23
20 24
21 25
21 26
21 27
21 28
22 25
22 26
22 27
22 28
23 25
23 26
23 27
23 28
24 25
24 26
24 27
24 28
25 29
26 29
27 29
28 29
29 31
31 36
32 34
33 35
34 36
35 36
36 37
37 38
37 45
38 39
39 40
40 41
40 48
40 54
42 43
43 44
45 46
46 47
47 48
47 49
47 54
50 51
51 53
51 69
52 53
54 55
54 72
54 76
54 89
54 90
55 133
56 73
57 82
58 86
58 88
59 75
59 89
61 62
62 63
63 67
64 65
64 71
64 72
65 66
65 99
66 67
67 68
68 95
68 98
69 79
70 71
72 134
73 86
73 88
73 89
73 90
73 96
74 75
75 90
75 97
76 77
77 78
78 82
79 80
79 85
79 143
79 146
80 81
81 82
82 83
83 84
84 106
86 87
90 111
91 105
92 135
95 101
96 104
98 101
99 100
100 101
101 102
101 103
102 127
103 127
105 119
106 107
107 108
108 109
109 110
111 112
112 113
113 114
113 116
113 120
113 123
113 128
114 115
115 125
116 117
117 118
118 126
120 121
121 122
122 126
123 124
124 125
128 129
129 130
130 131
130 137
132 135
133 135
134 135
135 136
138 139
139 140
141 142
142 143
142 146
142 147
142 148
144 145
145 147
145 148
16 10000 10000 10000 10000 12 11 10000 10000 
30 10000 10000 10000 10000 10000 20 10000 10000 
7 10000 10000 10000 10000 10000 10000 10000 10000 
47 10000 10000 10000 10000 10000 31 29 26 
29 10000 51 44 37 21 19 18 16 
8 10000 10000 10000 10 10000 10000 10000 5 
39 10000 10000 10000 10000 10000 10000 24 10000 
37 10000 10000 10000 10000 10000 25 23 21 
32 10000 10000 10000 40 10000 10000 10000 18 
29 10000 10000 10000 10000 10000 10000 18 10000 
17 34 10000 10000 10000 12 12 10000 10000 
11 10000 10000 10000 10000 8 10000 10000 10000 
32 10000 10000 10000 10000 10000 21 20 10000 
15 10000 10000 10000 19 10000 10 9 9 
53 106 10000 10000 67 38 10000 10000 30 
53 10000 10000 10000 10000 38 10000 10000 30 
8 16 10000 10000 10000 6 10000 10000 5 
24 10000 10000 10000 30 10000 16 10000 14 
24 10000 10000 10000 30 10000 10000 10000 14 
8 10000 10000 10000 10000 10000 6 10000 5 
7 10000 10000 10000 10000 10000 5 10000 4 
8 10000 10000 10000 10 10000 10000 5 5 
14 10000 10000 10000 10000 10000 10000 9 8 
13 10000 10000 10000 10000 10000 10000 10000 10000 
10 10000 10000 15 10000 10000 10000 6 6 
25 10000 10000 10000 10000 10000 17 10000 10000 
11 10000 10000 17 10000 10000 10000 7 10000 
25 10000 10000 38 10000 10000 10000 15 10000 
11 10000 10000 17 10000 10000 10000 7 10000 
29 10000 10000 44 10000 10000 19 18 16 
25 10000 10000 10000 32 10000 10000 10000 14 
10 10000 10000 10000 10000 7 10000 10000 6 
14 28 10000 10000 10000 10 10 9 8 
41 10000 10000 10000 10000 10000 27 10000 10000 
42 10000 74 10000 10000 30 28 26 10000 
47 10000 10000 10000 10000 33 10000 10000 10000 
7 10000 10000 10000 10000 10000 5 10000 4 
80 10000 10000 10000 10000 10000 52 10000 10000 
7 14 13 10000 10000 5 5 10000 10000 
41 10000 10000 10000 10000 29 10000 10000 23 
47 10000 10000 10000 10000 33 10000 10000 10000 
16 10000 10000 24 10000 10000 11 10 9 
32 10000 10000 10000 40 10000 10000 10000 18 
66 10000 10000 10000 10000 47 43 10000 37 
80 10000 140 10000 100 10000 52 48 44 
7 10000 10000 10000 10000 10000 10000 10000 4 
41 10000 10000 10000 10000 29 10000 10000 10000 
13 26 10000 10000 17 10 10000 10000 8 
47 10000 10000 10000 59 10000 10000 10000 26 
33 10000 10000 10000 10000 10000 22 20 19 
34 68 10000 10000 10000 24 23 10000 19 
11 22 20 17 10000 8 8 7 10000 
118 10000 10000 10000 10000 10000 10000 71 65 
25 10000 10000 10000 32 18 10000 10000 14 
7 14 10000 10000 10000 5 10000 10000 10000 
28 10000 10000 42 10000 10000 10000 17 16 
12 10000 10000 10000 10000 10000 10000 10000 7 
52 10000 10000 10000 10000 10000 10000 10000 10000 
14 10000 10000 10000 10000 10000 10000 9 10000 
3 10000 6 10000 10000 3 2 10000 2 
3 10000 6 10000 4 10000 2 10000 2 
8 16 10000 12 10000 6 10000 5 10000 
16 10000 10000 10000 10000 12 11 10000 10000 
33 10000 10000 50 42 24 10000 20 19 
8 16 10000 10000 10 6 10000 10000 5 
18 10000 10000 10000 23 13 10000 10000 10 
10 10000 10000 10000 13 10000 7 10000 6 
14 10000 10000 10000 10000 10000 10000 9 10000 
28 56 10000 10000 10000 20 10000 10000 16 
11 10000 10000 10000 10000 10000 8 10000 7 
118 10000 207 10000 148 83 77 10000 65 
25 10000 10000 10000 10000 18 17 15 14 
40 10000 10000 60 10000 10000 10000 24 10000 
40 80 10000 10000 10000 28 10000 10000 10000 
101 10000 10000 10000 127 10000 10000 10000 56 
5 10000 10000 10000 10000 10000 10000 3 10000 
28 56 10000 10000 10000 20 10000 10000 10000 
8 10000 14 12 10 10000 6 5 5 
281 10000 10000 10000 10000 197 10000 10000 155 
7 14 10000 10000 9 5 10000 10000 4 
26 10000 10000 39 10000 10000 10000 16 10000 
10 20 18 10000 10000 7 7 10000 6 
21 10000 10000 32 10000 10000 10000 13 12 
26 52 10000 10000 10000 19 10000 10000 15 
20 10000 10000 10000 10000 10000 10000 10000 11 
21 10000 10000 10000 27 10000 10000 10000 12 
47 94 10000 10000 10000 33 10000 10000 10000 
23 46 10000 10000 10000 17 10000 14 10000 
13 10000 10000 20 10000 10000 9 8 10000 
19 10000 10000 10000 24 14 10000 10000 11 
115 10000 10000 10000 144 10000 75 69 64 
35 10000 10000 10000 44 10000 10000 10000 20 
26 10000 10000 10000 10000 10000 17 10000 10000 
46 92 81 10000 10000 33 30 10000 26 
20 10000 10000 10000 25 14 13 12 11 
31 10000 10000 10000 39 22 10000 10000 18 
19 10000 10000 10000 10000 10000 13 12 11 
34 10000 10000 10000 10000 24 23 10000 19 
51 10000 10000 10000 10000 10000 10000 10000 10000 
39 10000 10000 59 49 10000 10000 24 22 
30 10000 10000 45 10000 10000 10000 18 10000 
26 10000 10000 39 10000 10000 10000 16 15 
13 10000 10000 10000 10000 10000 10000 8 10000 
45 90 10000 10000 57 32 10000 27 25 
58 10000 10000 10000 73 10000 10000 10000 32 
28 10000 10000 42 10000 10000 10000 17 10000 
8 16 10000 10000 10000 6 6 5 10000 
383 10000 10000 10000 10000 10000 249 230 211 
40 10000 10000 10000 10000 10000 10000 24 22 
34 10000 10000 10000 43 24 10000 10000 19 
23 10000 41 10000 29 10000 15 14 13 
162 10000 10000 243 10000 10000 10000 98 10000 
11 22 10000 10000 14 8 10000 10000 7 
19 10000 34 10000 24 10000 13 12 11 
14 10000 10000 10000 18 10000 10000 9 8 
31 10000 10000 10000 10000 22 10000 10000 10000 
32 10000 10000 48 10000 10000 10000 20 18 
26 10000 10000 10000 10000 10000 10000 10000 15 
55 10000 10000 83 10000 10000 10000 33 10000 
31 10000 10000 10000 10000 10000 10000 10000 18 
32 10000 10000 10000 10000 10000 10000 10000 10000 
26 10000 10000 39 33 10000 10000 16 15 
19 10000 10000 29 10000 14 10000 12 11 
14 10000 10000 10000 10000 10 10000 9 10000 
19 38 10000 29 10000 14 10000 12 10000 
48 96 10000 10000 10000 34 10000 10000 10000 
55 10000 10000 10000 10000 10000 10000 33 31 
8 10000 10000 10000 10000 10000 6 5 10000 
11 10000 10000 10000 10000 10000 10000 7 10000 
27 10000 10000 10000 10000 10000 10000 10000 10000 
18 10000 10000 10000 10000 10000 12 10000 10000 
36 10000 10000 10000 10000 10000 24 22 20 
23 46 10000 10000 10000 17 10000 14 10000 
20 10000 10000 10000 10000 10000 10000 10000 10000 
46 10000 10000 10000 10000 10000 30 10000 10000 
64 128 10000 10000 10000 45 10000 39 10000 
22 44 10000 10000 28 16 10000 14 13 
15 10000 10000 23 19 10000 10000 9 9 
34 68 60 10000 10000 24 23 21 10000 
22 44 10000 10000 10000 16 10000 14 10000 
151 302 10000 227 189 106 10000 91 84 
148 296 10000 222 10000 104 10000 89 10000 
64 10000 10000 10000 80 10000 42 39 36 
170 340 10000 10000 10000 119 10000 10000 10000 
137 274 240 10000 10000 96 90 10000 10000 
64 10000 10000 10000 10000 10000 10000 10000 10000 
78 10000 10000 117 10000 55 51 47 10000 
78 10000 137 117 10000 10000 51 47 10000 
