148
35
4
10.75
13.73
19.24
19.23
175
1 5
1 6
1 7
1 8
2 3
3 4
3 5
3 6
3 7
4 8
5 14
6 9
7 14
8 10
9 14
10 14
11 12
12 13
14 15
14 16
15 17
16 17
17 18
17 19
18 20
19 20
20 21
20 22
20 23
20 24
21 25
21 26
21 27
21 28
22 25
22 26
22 27
22 28
23 25
23 26
23 27
23 28
24 25
24 26
24 27
24 28
25 29
26 29
27 29
28 29
29 31
31 36
32 34
33 35
34 36
35 36
36 37
37 38
37 45
38 39
39 40
40 41
40 48
40 54
42 43
43 44
45 46
46 47
47 48
47 49
47 54
50 51
51 53
51 69
52 53
54 55
54 72
54 76
54 89
54 90
55 133
56 73
57 82
58 86
58 88
59 75
59 89
61 62
62 63
63 67
64 65
64 71
64 72
65 66
65 99
66 67
67 68
68 95
68 98
69 79
70 71
72 134
73 86
73 88
73 89
73 90
73 96
74 75
75 90
75 97
76 77
77 78
78 82
79 80
79 85
79 143
79 146
80 81
81 82
82 83
83 84
84 106
86 87
90 111
91 105
92 135
95 101
96 104
98 101
99 100
100 101
101 102
101 103
102 127
103 127
105 119
106 107
107 108
108 109
109 110
111 112
112 113
113 114
113 116
113 120
113 123
113 128
114 115
115 125
116 117
117 118
118 126
120 121
121 122
122 126
123 124
124 125
128 129
129 130
130 131
130 137
132 135
133 135
134 135
135 136
138 139
139 140
141 142
142 143
142 146
142 147
142 148
144 145
145 147
145 148
16 10000 10000 10000 10000 10000 10000 10000 10000 
30 10000 53 10000 10000 10000 20 10000 10000 
7 14 10000 10000 10000 5 10000 10000 10000 
47 94 10000 10000 10000 33 10000 10000 10000 
29 10000 10000 44 10000 21 10000 18 10000 
8 10000 10000 10000 10 10000 6 5 5 
39 10000 10000 10000 10000 10000 26 10000 10000 
37 10000 65 10000 10000 10000 25 10000 10000 
32 10000 10000 10000 10000 10000 10000 20 18 
29 10000 10000 10000 10000 21 19 18 10000 
17 10000 10000 10000 22 10000 10000 11 10 
11 10000 10000 17 10000 10000 8 7 7 
32 10000 10000 10000 10000 10000 10000 10000 10000 
15 10000 27 23 10000 10000 10 9 9 
53 10000 93 10000 10000 10000 35 10000 10000 
53 106 10000 80 67 38 10000 32 30 
8 10000 14 10000 10 6 6 5 5 
24 48 10000 10000 10000 17 16 10000 10000 
24 10000 42 10000 10000 10000 16 10000 10000 
8 10000 10000 10000 10000 10000 10000 5 10000 
7 10000 10000 11 10000 10000 10000 5 10000 
8 10000 10000 10000 10000 10000 10000 5 10000 
14 10000 10000 10000 10000 10000 10000 10000 8 
13 10000 10000 10000 10000 10000 10000 8 10000 
10 10000 10000 15 10000 10000 10000 6 10000 
25 10000 10000 10000 10000 10000 10000 10000 14 
11 10000 20 10000 10000 10000 8 10000 10000 
25 10000 10000 10000 10000 18 17 15 10000 
11 10000 10000 10000 10000 10000 8 7 7 
29 10000 10000 10000 10000 10000 10000 18 16 
25 10000 10000 10000 10000 10000 10000 15 10000 
10 20 10000 10000 10000 7 10000 10000 6 
14 10000 10000 10000 10000 10000 10000 10000 10000 
41 10000 10000 62 52 29 27 25 23 
42 84 74 10000 53 30 28 10000 24 
47 10000 83 10000 59 10000 31 29 26 
7 10000 13 10000 9 5 5 10000 4 
80 10000 10000 10000 10000 10000 52 48 10000 
7 10000 10000 10000 10000 10000 10000 10000 10000 
41 10000 10000 10000 10000 10000 10000 10000 23 
47 94 10000 71 10000 33 31 29 10000 
16 10000 10000 10000 10000 10000 10000 10000 10000 
32 10000 10000 48 40 10000 21 20 18 
66 10000 10000 10000 10000 10000 10000 40 37 
80 10000 10000 10000 10000 10000 10000 48 10000 
7 14 10000 10000 10000 5 10000 10000 4 
41 10000 10000 62 52 10000 10000 25 23 
13 10000 10000 10000 10000 10 9 10000 10000 
47 10000 10000 10000 10000 10000 10000 10000 26 
33 10000 10000 10000 42 24 10000 10000 19 
34 10000 60 51 43 24 23 21 19 
11 22 10000 10000 10000 8 10000 10000 10000 
18 36 10000 10000 10000 13 10000 11 10000 
25 50 10000 38 32 18 17 15 14 
7 10000 10000 11 10000 10000 10000 5 10000 
28 10000 49 42 10000 10000 19 17 10000 
12 10000 21 10000 15 10000 8 8 7 
52 104 10000 78 10000 37 10000 32 29 
14 10000 10000 10000 10000 10000 10000 10000 8 
3 10000 10000 5 4 10000 10000 2 2 
3 10000 10000 10000 10000 10000 10000 2 10000 
8 16 10000 12 10000 6 10000 5 10000 
16 10000 10000 10000 20 10000 11 10 9 
33 66 58 10000 10000 24 22 10000 10000 
8 10000 10000 10000 10000 6 10000 10000 5 
18 10000 32 10000 10000 10000 12 11 10000 
10 10000 10000 10000 10000 10000 10000 10000 10000 
14 10000 10000 10000 10000 10000 10000 10000 10000 
28 10000 10000 42 10000 20 10000 17 10000 
11 22 10000 10000 10000 8 10000 10000 10000 
18 10000 10000 10000 10000 10000 12 11 10 
25 10000 44 10000 10000 18 17 15 10000 
40 10000 10000 10000 50 10000 10000 10000 22 
40 80 10000 10000 50 28 10000 10000 22 
1 10000 10000 10000 10000 10000 1 1 1 
5 10000 9 10000 10000 4 4 3 10000 
28 10000 10000 10000 35 10000 10000 17 16 
8 16 14 10000 10000 6 6 10000 5 
81 10000 10000 122 102 10000 10000 49 45 
7 10000 13 10000 9 10000 5 10000 4 
26 10000 10000 10000 10000 10000 17 10000 10000 
10 20 10000 10000 13 7 10000 10000 6 
21 10000 10000 32 10000 10000 10000 13 10000 
26 10000 10000 10000 33 10000 10000 10000 15 
20 40 10000 10000 10000 14 13 10000 11 
21 10000 10000 10000 10000 10000 10000 10000 10000 
47 94 10000 10000 10000 33 31 10000 26 
23 10000 10000 10000 10000 10000 10000 14 13 
13 10000 23 10000 10000 10000 9 8 8 
19 10000 10000 29 24 10000 13 12 11 
15 10000 10000 23 10000 10000 10000 9 10000 
35 10000 62 10000 10000 10000 23 21 10000 
26 10000 10000 10000 33 19 10000 10000 15 
46 10000 10000 10000 10000 10000 30 10000 10000 
20 10000 10000 10000 10000 10000 10000 10000 11 
31 62 55 10000 10000 22 21 19 18 
19 10000 10000 10000 24 14 10000 10000 11 
34 10000 10000 10000 10000 10000 10000 10000 19 
51 102 10000 10000 10000 36 10000 10000 10000 
39 10000 10000 10000 10000 10000 10000 10000 22 
30 10000 10000 10000 10000 10000 20 18 17 
26 10000 46 10000 33 19 17 10000 15 
13 10000 10000 10000 10000 10000 10000 8 10000 
45 10000 10000 68 10000 10000 10000 27 10000 
58 10000 10000 10000 10000 41 10000 10000 32 
28 10000 10000 10000 10000 10000 10000 17 16 
8 10000 14 10000 10000 10000 6 10000 5 
83 10000 146 10000 10000 10000 54 10000 46 
40 10000 10000 10000 10000 10000 10000 10000 22 
34 10000 10000 51 10000 10000 10000 21 10000 
23 10000 10000 10000 10000 17 10000 14 10000 
62 10000 10000 93 10000 10000 10000 38 35 
11 10000 10000 17 10000 10000 10000 7 10000 
19 10000 34 29 10000 10000 13 12 10000 
14 10000 10000 10000 10000 10000 10 10000 10000 
31 10000 10000 10000 10000 10000 10000 10000 10000 
32 10000 10000 10000 10000 10000 10000 20 18 
26 10000 10000 39 33 10000 17 16 15 
55 110 10000 10000 10000 39 10000 33 31 
31 10000 10000 10000 10000 10000 10000 19 10000 
32 10000 56 10000 10000 10000 21 10000 18 
26 52 46 10000 10000 19 17 10000 10000 
19 10000 10000 10000 10000 10000 10000 12 11 
14 10000 10000 21 10000 10000 10000 9 10000 
19 10000 10000 10000 10000 14 10000 10000 11 
48 96 10000 10000 10000 34 10000 29 10000 
55 110 10000 83 10000 39 10000 33 10000 
8 10000 10000 10000 10000 10000 10000 10000 10000 
11 10000 10000 10000 10000 8 10000 7 10000 
27 10000 10000 10000 10000 10000 10000 17 15 
18 10000 10000 27 10000 10000 12 11 10000 
36 10000 10000 54 10000 26 10000 22 20 
23 10000 10000 10000 29 17 15 10000 13 
20 40 10000 10000 10000 14 13 10000 11 
46 10000 10000 10000 58 10000 30 28 26 
64 10000 112 10000 10000 10000 42 39 10000 
22 10000 10000 33 10000 10000 10000 14 10000 
15 30 27 10000 10000 11 10 9 10000 
34 10000 60 10000 10000 10000 23 10000 19 
22 10000 10000 10000 10000 10000 15 10000 13 
51 10000 10000 10000 10000 36 10000 10000 10000 
48 96 10000 72 10000 34 32 29 10000 
64 10000 10000 96 10000 10000 10000 39 10000 
70 10000 10000 10000 88 10000 10000 10000 39 
37 74 10000 10000 10000 26 10000 23 10000 
64 10000 10000 10000 80 10000 10000 10000 36 
78 156 10000 10000 10000 55 51 10000 43 
78 156 137 10000 10000 55 51 47 43 
