21
8
4
9.84
13.45
15.79
23.41
27
1 2
1 3
2 21
3 4
4 5
4 21
5 6
5 7
6 8
7 8
7 14
8 9
9 10
9 11
9 12
9 13
10 15
11 15
12 15
13 17
13 18
14 19
15 16
15 18
16 17
17 20
18 19
4 10000 10000 6 5 10000 3 3 3 
3 10000 10000 10000 10000 10000 2 10000 10000 
9 10000 10000 10000 10000 7 6 10000 10000 
5 10000 10000 10000 10000 10000 10000 10000 10000 
9 18 10000 10000 10000 7 10000 10000 10000 
4 10000 10000 10000 10000 3 10000 10000 10000 
8 10000 10000 10000 10 6 6 10000 5 
7 10000 10000 11 10000 10000 5 5 10000 
5 10000 10000 10000 10000 10000 4 10000 3 
1 10000 10000 2 10000 1 1 1 1 
3 10000 10000 10000 10000 10000 2 2 10000 
1 10000 10000 2 10000 10000 10000 1 1 
5 10 10000 10000 10000 4 10000 3 10000 
3 10000 10000 10000 10000 10000 10000 10000 10000 
5 10000 10000 10000 7 10000 4 10000 3 
3 6 10000 10000 10000 3 10000 10000 10000 
13 26 10000 20 17 10 9 8 8 
5 10000 10000 8 10000 10000 10000 3 10000 
2 10000 10000 10000 3 10000 10000 10000 2 
3 10000 10000 10000 10000 10000 10000 2 2 
7 10000 10000 10000 10000 5 10000 5 4 
