25
5
4
10.35
15.15
19.18
23.51
32
1 3
2 3
3 4
4 5
4 8
5 6
6 7
6 10
7 11
7 12
8 9
8 11
9 10
9 13
11 13
12 15
13 14
14 16
14 19
14 20
15 17
15 22
16 18
17 18
17 23
18 25
19 22
20 21
20 25
21 22
21 24
23 25
4 10000 10000 10000 10000 10000 10000 10000 10000 
3 10000 10000 10000 10000 10000 10000 2 2 
9 10000 16 10000 10000 10000 6 10000 5 
5 10000 9 10000 7 10000 4 10000 3 
9 10000 10000 14 12 10000 10000 6 5 
4 10000 10000 6 10000 10000 10000 3 3 
8 10000 10000 12 10000 10000 6 5 5 
7 14 10000 10000 9 5 10000 10000 4 
5 10000 10000 10000 10000 10000 4 3 10000 
1 2 10000 10000 10000 1 10000 10000 1 
3 10000 6 5 10000 10000 2 2 2 
1 10000 10000 10000 10000 10000 10000 10000 10000 
5 10 10000 10000 10000 4 4 10000 10000 
3 10000 10000 10000 10000 3 2 10000 10000 
5 10000 10000 10000 10000 10000 10000 10000 10000 
3 10000 6 10000 4 3 2 10000 2 
13 10000 10000 20 10000 10000 9 8 10000 
5 10 10000 10000 10000 4 10000 10000 10000 
2 4 10000 10000 10000 2 10000 10000 10000 
3 10000 10000 5 4 10000 2 2 2 
7 10000 10000 10000 10000 10000 5 5 10000 
5 10000 9 10000 10000 4 4 3 3 
3 10000 6 10000 4 10000 2 10000 2 
8 10000 14 10000 10000 10000 6 10000 10000 
4 10000 7 6 10000 3 3 3 10000 
