297
34
4
9.50
13.26
16.64
20.78
423
1 2
2 3
3 4
4 5
4 22
4 26
4 27
4 40
4 48
4 56
4 83
4 86
4 94
4 105
4 109
4 111
4 134
4 221
4 247
4 259
5 6
6 7
6 8
6 9
6 10
7 11
7 12
7 13
7 14
7 15
7 20
8 11
8 12
8 13
8 14
8 15
8 20
9 11
9 12
9 13
9 14
9 15
9 20
10 11
10 12
10 13
10 14
10 15
10 20
11 16
12 17
13 18
14 19
15 21
16 23
17 23
18 23
19 23
20 23
21 23
22 24
22 25
23 28
24 29
25 29
26 30
27 31
28 32
28 37
29 33
29 44
29 121
30 34
30 297
31 34
31 82
31 172
31 179
32 36
33 38
34 35
35 42
36 39
37 39
38 41
39 43
40 44
40 84
40 97
41 45
42 46
43 47
44 49
45 50
46 51
46 138
47 52
48 52
49 53
50 54
51 55
51 81
52 57
53 58
54 58
54 296
55 59
56 60
56 61
57 62
57 63
57 71
57 76
58 64
59 64
59 99
59 100
60 68
61 65
62 66
63 67
64 72
65 69
66 69
67 70
68 73
69 74
70 75
71 77
72 78
73 84
73 97
74 84
74 97
75 84
75 97
76 84
76 97
77 84
77 97
78 79
78 80
78 125
78 192
79 85
80 85
81 87
82 88
82 89
83 90
84 91
85 92
86 93
87 99
87 100
88 99
88 100
89 99
89 100
90 95
91 96
92 98
93 98
94 101
95 101
96 101
97 101
98 102
99 103
100 104
101 106
102 107
103 108
104 108
105 110
106 112
107 113
108 114
108 115
108 292
109 119
109 120
110 119
110 120
110 162
111 116
112 117
113 118
114 119
115 120
116 122
117 123
117 124
117 257
118 126
119 127
120 127
120 150
121 128
122 129
123 130
123 145
123 146
123 147
123 148
123 149
124 130
125 130
126 130
127 130
127 157
128 130
129 130
129 141
130 131
130 144
131 132
131 133
132 135
133 135
133 170
134 136
135 137
136 139
137 140
138 140
138 191
139 142
139 253
140 143
140 200
141 151
142 152
143 153
143 169
144 154
145 155
146 156
147 158
148 159
149 160
150 161
151 163
152 164
153 165
154 166
155 166
156 166
157 166
158 166
159 166
160 166
161 166
162 167
163 166
164 167
165 168
165 176
166 170
167 171
168 173
169 174
170 174
171 174
172 175
173 177
174 178
174 287
174 288
175 180
176 181
177 181
178 181
179 181
180 181
180 252
181 182
181 183
181 184
181 185
181 186
181 187
181 188
181 189
181 196
181 197
181 295
182 190
183 193
184 194
185 195
186 195
187 195
188 195
189 195
190 195
191 200
192 201
193 198
194 199
195 199
195 203
195 205
195 227
195 229
196 202
197 202
198 202
199 202
200 202
201 202
202 204
202 251
203 206
203 208
204 207
204 250
205 207
206 209
207 210
207 212
208 210
209 210
209 211
210 213
211 213
212 214
213 214
214 215
214 234
215 216
216 217
217 218
218 219
219 220
220 222
221 223
222 224
223 225
224 226
225 227
226 228
227 230
228 231
229 235
229 236
230 232
230 271
230 289
231 233
232 236
233 237
234 238
234 256
235 237
236 239
237 240
238 240
238 285
239 240
239 279
240 241
240 243
241 242
242 244
243 245
243 246
244 245
244 246
244 255
245 248
246 248
247 278
248 249
249 254
249 284
250 256
251 256
252 258
253 260
254 261
255 261
255 262
256 263
257 264
258 265
259 266
260 267
261 268
261 269
262 269
263 270
264 271
265 272
266 271
267 273
268 274
269 274
270 274
271 274
272 275
273 276
274 277
274 278
274 282
275 280
276 281
277 283
278 283
279 286
280 290
281 291
282 293
283 293
284 294
285 294
286 294
287 293
288 293
289 294
290 293
291 293
292 293
270 540 10000 10000 10000 189 176 162 149 
270 10000 10000 10000 10000 10000 176 10000 149 
130 260 228 10000 10000 91 85 10000 10000 
148 10000 10000 10000 10000 104 10000 10000 10000 
190 10000 10000 10000 10000 10000 124 10000 105 
293 10000 10000 10000 10000 10000 191 176 162 
348 10000 10000 522 10000 10000 10000 209 10000 
182 10000 10000 273 10000 10000 10000 110 10000 
490 10000 10000 10000 10000 10000 10000 10000 10000 
212 424 10000 318 10000 149 10000 128 10000 
248 10000 10000 10000 310 174 10000 10000 137 
248 10000 10000 372 10000 10000 162 149 137 
248 10000 434 10000 10000 174 162 149 10000 
248 10000 434 10000 10000 10000 162 10000 10000 
248 10000 434 10000 310 10000 162 10000 137 
268 10000 10000 10000 335 10000 10000 10000 148 
268 536 10000 10000 10000 188 10000 10000 10000 
268 10000 10000 10000 10000 188 10000 10000 10000 
288 10000 10000 10000 360 10000 10000 10000 159 
248 496 434 372 10000 174 162 149 10000 
268 10000 469 10000 10000 188 175 10000 10000 
60 10000 10000 10000 75 10000 10000 10000 33 
268 10000 10000 10000 10000 10000 10000 10000 10000 
240 10000 420 10000 10000 10000 156 10000 132 
240 10000 10000 10000 10000 10000 10000 144 10000 
171 10000 10000 10000 10000 10000 10000 10000 10000 
490 10000 10000 735 10000 10000 10000 294 10000 
182 10000 10000 10000 10000 10000 10000 110 101 
170 10000 298 10000 10000 10000 111 10000 10000 
306 10000 10000 459 383 215 10000 184 169 
108 10000 10000 162 10000 10000 71 65 60 
248 496 434 10000 10000 174 162 10000 137 
190 10000 10000 285 10000 10000 10000 114 10000 
240 10000 10000 10000 10000 10000 156 10000 132 
339 10000 594 10000 10000 10000 221 10000 187 
288 10000 10000 10000 360 10000 10000 10000 159 
248 10000 434 10000 10000 10000 162 149 137 
455 910 10000 683 569 319 296 273 251 
268 10000 10000 10000 10000 188 10000 10000 10000 
270 10000 10000 10000 10000 10000 10000 162 10000 
180 10000 10000 10000 10000 10000 10000 10000 99 
121 10000 212 10000 10000 10000 79 10000 10000 
270 10000 10000 405 10000 10000 10000 162 149 
440 10000 10000 660 10000 10000 10000 264 242 
249 10000 10000 374 10000 10000 162 150 137 
194 10000 10000 291 243 136 10000 117 107 
162 324 10000 10000 10000 114 10000 10000 10000 
130 10000 10000 195 10000 10000 85 78 10000 
388 10000 10000 582 10000 10000 10000 233 10000 
90 180 158 135 10000 63 59 54 10000 
212 10000 371 10000 10000 10000 138 128 117 
246 10000 10000 10000 10000 173 160 148 10000 
188 10000 10000 10000 10000 132 123 10000 104 
270 540 10000 10000 338 189 10000 162 149 
160 320 10000 10000 10000 112 10000 10000 88 
79 10000 10000 10000 10000 10000 10000 48 10000 
466 10000 10000 10000 583 327 10000 10000 257 
240 10000 10000 10000 300 10000 156 144 132 
137 10000 240 10000 172 10000 90 10000 76 
184 10000 322 10000 10000 10000 120 10000 102 
110 10000 10000 165 10000 10000 10000 66 10000 
275 10000 10000 10000 10000 10000 179 165 10000 
149 10000 10000 10000 187 10000 97 90 82 
280 10000 10000 420 10000 10000 10000 168 154 
119 10000 10000 179 10000 10000 10000 72 66 
184 10000 10000 10000 10000 10000 10000 10000 10000 
140 10000 10000 210 10000 10000 91 84 10000 
150 10000 10000 10000 10000 105 10000 10000 83 
190 10000 10000 10000 10000 133 10000 114 105 
150 300 10000 225 10000 105 10000 90 10000 
150 10000 10000 10000 10000 10000 10000 90 83 
284 10000 497 426 10000 199 185 171 157 
192 10000 10000 288 10000 135 10000 116 10000 
347 10000 10000 10000 10000 10000 10000 10000 191 
232 10000 406 10000 10000 10000 151 10000 10000 
140 10000 10000 10000 10000 10000 91 10000 10000 
608 10000 10000 10000 10000 10000 10000 10000 335 
80 10000 140 120 100 56 52 48 44 
40 10000 10000 10000 10000 10000 10000 10000 10000 
130 260 10000 10000 163 91 85 10000 72 
110 10000 10000 10000 10000 77 10000 10000 61 
350 10000 613 525 438 245 228 210 193 
140 10000 10000 10000 10000 10000 91 10000 77 
240 10000 10000 10000 10000 10000 10000 144 132 
240 10000 10000 10000 10000 10000 10000 144 132 
90 10000 10000 10000 10000 10000 10000 54 10000 
54 10000 10000 10000 68 10000 10000 10000 30 
294 10000 10000 10000 10000 206 10000 10000 162 
203 10000 356 305 254 143 132 122 112 
150 300 263 10000 188 105 98 90 83 
270 10000 10000 10000 10000 10000 10000 162 10000 
155 10000 10000 10000 10000 10000 10000 93 10000 
190 10000 10000 10000 10000 10000 10000 10000 10000 
78 156 137 10000 10000 55 51 47 43 
140 10000 10000 210 10000 10000 10000 84 77 
241 10000 10000 10000 10000 10000 10000 145 133 
430 10000 10000 10000 10000 10000 280 10000 237 
90 10000 10000 135 113 10000 10000 54 50 
110 10000 10000 10000 10000 10000 10000 10000 61 
9 10000 10000 10000 10000 10000 10000 6 10000 
430 860 10000 10000 10000 301 280 10000 237 
130 10000 10000 10000 10000 10000 85 10000 72 
289 578 10000 10000 10000 203 10000 10000 159 
110 10000 10000 10000 10000 77 72 10000 61 
160 10000 10000 10000 10000 10000 104 96 10000 
442 10000 10000 663 10000 10000 10000 266 10000 
159 318 10000 239 10000 112 10000 96 10000 
250 500 438 10000 10000 175 163 10000 10000 
190 10000 10000 10000 10000 10000 10000 10000 10000 
184 10000 10000 10000 10000 10000 10000 10000 10000 
690 10000 10000 10000 10000 10000 10000 10000 10000 
72 10000 126 10000 10000 10000 47 44 40 
190 380 10000 10000 10000 133 10000 10000 10000 
190 10000 10000 285 10000 10000 124 114 10000 
90 10000 10000 10000 113 10000 59 10000 50 
889 10000 1556 10000 10000 10000 578 10000 10000 
170 10000 10000 10000 10000 119 10000 102 10000 
155 310 10000 233 10000 109 10000 93 86 
190 380 10000 285 10000 133 124 114 105 
130 10000 10000 10000 163 10000 85 78 72 
390 10000 10000 10000 10000 273 10000 234 10000 
301 10000 10000 452 10000 211 10000 181 10000 
54 108 95 10000 68 38 36 10000 30 
227 10000 10000 10000 284 10000 10000 10000 125 
142 10000 249 10000 178 10000 93 86 79 
184 10000 10000 10000 10000 129 10000 111 10000 
741 10000 1297 1112 927 10000 482 445 408 
868 10000 10000 10000 1085 10000 10000 10000 478 
230 10000 10000 10000 10000 10000 10000 10000 127 
121 10000 10000 10000 152 85 10000 73 67 
320 10000 10000 10000 10000 224 10000 192 10000 
126 10000 221 10000 10000 89 82 76 10000 
440 10000 10000 10000 10000 10000 10000 10000 10000 
127 10000 10000 10000 10000 10000 83 77 70 
134 10000 10000 10000 10000 10000 10000 10000 74 
150 10000 10000 10000 10000 10000 10000 10000 83 
140 10000 10000 10000 10000 10000 10000 10000 77 
110 10000 10000 10000 138 77 10000 10000 61 
320 640 10000 10000 10000 224 10000 192 10000 
250 10000 10000 10000 10000 10000 10000 150 10000 
232 464 406 10000 10000 163 151 10000 10000 
188 10000 329 10000 10000 10000 123 10000 10000 
250 10000 10000 10000 313 10000 10000 150 138 
377 10000 660 10000 10000 10000 246 10000 208 
90 10000 10000 135 10000 63 10000 54 10000 
140 10000 10000 10000 10000 10000 10000 84 10000 
90 10000 158 10000 113 10000 59 10000 50 
90 10000 10000 135 10000 10000 59 54 10000 
70 140 10000 10000 10000 49 10000 10000 39 
90 10000 158 10000 10000 10000 59 10000 50 
110 10000 10000 10000 10000 77 72 66 10000 
150 10000 10000 225 10000 10000 10000 90 83 
101 10000 177 10000 10000 10000 66 61 56 
377 10000 660 10000 10000 10000 246 10000 10000 
118 10000 10000 10000 10000 83 77 71 10000 
290 10000 10000 10000 10000 10000 10000 10000 10000 
209 418 366 314 10000 147 136 126 115 
150 10000 10000 225 10000 10000 10000 90 83 
150 10000 10000 10000 10000 10000 10000 10000 10000 
79 10000 10000 10000 10000 56 10000 10000 10000 
150 10000 263 10000 188 10000 98 10000 83 
91 10000 10000 10000 114 10000 60 10000 51 
59 118 10000 10000 74 42 10000 10000 33 
218 10000 10000 10000 273 10000 142 10000 120 
351 10000 10000 527 10000 246 229 211 194 
873 10000 10000 10000 10000 10000 10000 10000 481 
130 10000 10000 10000 10000 10000 10000 78 10000 
68 10000 119 10000 10000 48 45 10000 10000 
126 10000 10000 10000 158 10000 10000 10000 70 
120 10000 10000 180 10000 10000 10000 72 10000 
227 10000 10000 10000 10000 10000 148 10000 10000 
198 10000 10000 10000 10000 10000 10000 119 10000 
132 10000 10000 198 10000 10000 10000 80 10000 
121 10000 10000 10000 10000 10000 10000 10000 10000 
150 300 10000 10000 10000 105 10000 10000 83 
100 10000 10000 10000 10000 10000 10000 60 55 
38 10000 10000 10000 10000 10000 10000 10000 21 
70 140 123 10000 10000 49 46 42 10000 
355 10000 10000 10000 10000 249 10000 10000 10000 
284 10000 497 426 10000 199 185 171 157 
122 244 10000 183 153 86 80 74 68 
75 10000 10000 10000 94 53 10000 10000 42 
160 10000 10000 240 10000 10000 10000 96 10000 
140 10000 10000 210 10000 10000 10000 84 10000 
520 10000 910 780 650 364 338 312 286 
99 10000 10000 10000 10000 10000 65 10000 55 
182 10000 10000 10000 10000 10000 10000 10000 10000 
80 10000 10000 10000 10000 10000 10000 48 10000 
514 1028 10000 10000 10000 360 335 309 10000 
96 10000 10000 10000 10000 10000 10000 10000 53 
50 10000 10000 10000 10000 10000 10000 30 28 
272 10000 10000 10000 10000 10000 10000 164 10000 
226 10000 10000 339 10000 10000 147 136 125 
194 388 10000 291 243 136 10000 117 107 
164 328 287 246 10000 115 107 99 10000 
96 10000 10000 10000 10000 10000 10000 58 53 
107 10000 10000 10000 10000 75 10000 10000 59 
108 10000 189 10000 10000 10000 71 10000 10000 
167 10000 10000 10000 209 10000 10000 10000 92 
98 10000 10000 10000 10000 69 10000 10000 10000 
82 10000 10000 10000 10000 10000 10000 10000 46 
482 10000 844 10000 603 10000 314 10000 266 
72 10000 10000 10000 10000 10000 10000 10000 10000 
50 10000 10000 10000 63 10000 33 30 28 
130 10000 10000 10000 10000 10000 10000 78 10000 
230 10000 10000 10000 10000 10000 10000 10000 10000 
50 10000 88 75 10000 10000 33 30 10000 
240 10000 10000 360 300 168 156 144 132 
190 10000 333 285 10000 10000 124 114 105 
190 10000 10000 10000 238 133 10000 10000 105 
240 10000 10000 10000 10000 10000 156 10000 10000 
74 10000 10000 10000 93 10000 10000 10000 41 
139 10000 10000 10000 174 10000 10000 10000 77 
339 678 10000 10000 424 238 10000 204 187 
260 520 10000 390 10000 182 10000 156 143 
132 10000 10000 10000 10000 93 10000 80 10000 
550 10000 963 10000 10000 10000 358 10000 303 
420 10000 10000 10000 525 10000 10000 10000 231 
152 304 266 10000 190 107 99 10000 84 
12 10000 21 10000 10000 9 8 10000 10000 
90 10000 10000 10000 113 63 10000 10000 50 
5 10 10000 10000 7 4 10000 3 3 
128 10000 10000 10000 10000 10000 84 77 10000 
100 10000 175 10000 10000 10000 65 10000 10000 
120 10000 10000 10000 150 10000 10000 10000 66 
100 10000 10000 10000 10000 70 10000 60 55 
320 10000 10000 480 10000 10000 208 192 10000 
835 10000 1462 10000 10000 10000 543 10000 10000 
740 1480 10000 10000 925 518 10000 10000 407 
223 10000 10000 10000 279 10000 10000 10000 123 
100 10000 10000 10000 125 10000 10000 60 55 
390 780 10000 10000 488 273 10000 10000 215 
140 10000 245 10000 175 10000 91 10000 77 
304 10000 532 10000 10000 213 198 183 10000 
120 10000 10000 10000 10000 10000 10000 10000 66 
403 806 10000 605 504 283 10000 242 222 
21 10000 10000 10000 10000 15 10000 10000 10000 
246 10000 10000 10000 10000 10000 10000 148 10000 
160 10000 10000 10000 10000 112 10000 10000 10000 
1019 10000 10000 10000 10000 714 663 10000 561 
34 10000 10000 10000 43 10000 10000 10000 19 
120 10000 210 10000 10000 10000 78 72 10000 
68 136 119 10000 10000 48 45 41 10000 
910 10000 10000 10000 10000 637 592 10000 501 
302 10000 10000 10000 378 10000 197 10000 167 
778 10000 10000 10000 973 10000 10000 10000 428 
101 202 10000 10000 10000 71 10000 10000 56 
1310 10000 10000 10000 1638 10000 852 10000 721 
20 10000 10000 10000 10000 10000 13 10000 11 
278 10000 10000 10000 10000 10000 10000 10000 10000 
81 10000 10000 122 10000 10000 10000 49 10000 
290 10000 10000 10000 10000 10000 189 174 10000 
100 10000 175 10000 125 10000 65 10000 55 
372 10000 10000 558 10000 261 10000 224 10000 
72 10000 10000 10000 10000 10000 10000 10000 40 
28 56 49 10000 10000 20 19 10000 10000 
90 10000 10000 10000 113 63 10000 54 50 
250 10000 10000 10000 10000 10000 10000 150 10000 
144 288 10000 10000 10000 101 94 10000 80 
303 10000 10000 10000 10000 10000 197 10000 10000 
220 10000 10000 10000 275 10000 143 10000 121 
58 10000 10000 87 73 10000 10000 35 32 
224 10000 392 336 280 10000 146 135 124 
211 422 10000 10000 10000 148 10000 10000 10000 
99 10000 174 10000 124 70 65 60 55 
44 10000 10000 66 10000 31 10000 27 10000 
120 10000 10000 10000 10000 10000 10000 10000 10000 
70 10000 10000 10000 88 10000 46 42 39 
421 842 10000 10000 10000 295 274 10000 10000 
231 10000 10000 10000 10000 10000 151 10000 128 
214 10000 375 10000 10000 10000 140 129 10000 
196 10000 343 10000 10000 138 128 10000 10000 
280 10000 10000 10000 10000 10000 10000 10000 10000 
398 10000 697 597 10000 279 259 239 219 
72 10000 10000 108 10000 10000 10000 44 10000 
280 10000 10000 10000 10000 10000 10000 10000 10000 
356 712 623 10000 10000 250 232 10000 10000 
193 386 10000 10000 242 136 10000 10000 107 
140 10000 10000 10000 175 98 91 84 77 
130 10000 10000 10000 163 10000 10000 78 72 
300 600 10000 10000 10000 210 195 10000 165 
456 912 10000 10000 10000 320 297 274 251 
7 10000 10000 10000 9 10000 5 10000 4 
170 340 298 10000 10000 119 111 102 10000 
252 504 10000 10000 10000 177 164 10000 10000 
210 10000 10000 10000 10000 147 10000 126 116 
308 10000 10000 462 385 10000 10000 185 170 
308 10000 10000 10000 10000 10000 201 10000 10000 
121 242 10000 10000 10000 85 79 73 67 
52 104 10000 10000 10000 37 10000 32 29 
426 10000 10000 10000 533 10000 10000 10000 235 
104 10000 10000 10000 130 73 68 10000 58 
1386 10000 10000 10000 1733 10000 10000 10000 763 
527 10000 923 10000 10000 10000 343 317 10000 
968 10000 1694 10000 10000 678 630 10000 533 
1047 10000 10000 10000 10000 10000 10000 10000 576 
538 1076 10000 10000 10000 377 10000 323 296 
