297
25
4
10.30
14.97
16.31
18.93
423
1 2
2 3
3 4
4 5
4 22
4 26
4 27
4 40
4 48
4 56
4 83
4 86
4 94
4 105
4 109
4 111
4 134
4 221
4 247
4 259
5 6
6 7
6 8
6 9
6 10
7 11
7 12
7 13
7 14
7 15
7 20
8 11
8 12
8 13
8 14
8 15
8 20
9 11
9 12
9 13
9 14
9 15
9 20
10 11
10 12
10 13
10 14
10 15
10 20
11 16
12 17
13 18
14 19
15 21
16 23
17 23
18 23
19 23
20 23
21 23
22 24
22 25
23 28
24 29
25 29
26 30
27 31
28 32
28 37
29 33
29 44
29 121
30 34
30 297
31 34
31 82
31 172
31 179
32 36
33 38
34 35
35 42
36 39
37 39
38 41
39 43
40 44
40 84
40 97
41 45
42 46
43 47
44 49
45 50
46 51
46 138
47 52
48 52
49 53
50 54
51 55
51 81
52 57
53 58
54 58
54 296
55 59
56 60
56 61
57 62
57 63
57 71
57 76
58 64
59 64
59 99
59 100
60 68
61 65
62 66
63 67
64 72
65 69
66 69
67 70
68 73
69 74
70 75
71 77
72 78
73 84
73 97
74 84
74 97
75 84
75 97
76 84
76 97
77 84
77 97
78 79
78 80
78 125
78 192
79 85
80 85
81 87
82 88
82 89
83 90
84 91
85 92
86 93
87 99
87 100
88 99
88 100
89 99
89 100
90 95
91 96
92 98
93 98
94 101
95 101
96 101
97 101
98 102
99 103
100 104
101 106
102 107
103 108
104 108
105 110
106 112
107 113
108 114
108 115
108 292
109 119
109 120
110 119
110 120
110 162
111 116
112 117
113 118
114 119
115 120
116 122
117 123
117 124
117 257
118 126
119 127
120 127
120 150
121 128
122 129
123 130
123 145
123 146
123 147
123 148
123 149
124 130
125 130
126 130
127 130
127 157
128 130
129 130
129 141
130 131
130 144
131 132
131 133
132 135
133 135
133 170
134 136
135 137
136 139
137 140
138 140
138 191
139 142
139 253
140 143
140 200
141 151
142 152
143 153
143 169
144 154
145 155
146 156
147 158
148 159
149 160
150 161
151 163
152 164
153 165
154 166
155 166
156 166
157 166
158 166
159 166
160 166
161 166
162 167
163 166
164 167
165 168
165 176
166 170
167 171
168 173
169 174
170 174
171 174
172 175
173 177
174 178
174 287
174 288
175 180
176 181
177 181
178 181
179 181
180 181
180 252
181 182
181 183
181 184
181 185
181 186
181 187
181 188
181 189
181 196
181 197
181 295
182 190
183 193
184 194
185 195
186 195
187 195
188 195
189 195
190 195
191 200
192 201
193 198
194 199
195 199
195 203
195 205
195 227
195 229
196 202
197 202
198 202
199 202
200 202
201 202
202 204
202 251
203 206
203 208
204 207
204 250
205 207
206 209
207 210
207 212
208 210
209 210
209 211
210 213
211 213
212 214
213 214
214 215
214 234
215 216
216 217
217 218
218 219
219 220
220 222
221 223
222 224
223 225
224 226
225 227
226 228
227 230
228 231
229 235
229 236
230 232
230 271
230 289
231 233
232 236
233 237
234 238
234 256
235 237
236 239
237 240
238 240
238 285
239 240
239 279
240 241
240 243
241 242
242 244
243 245
243 246
244 245
244 246
244 255
245 248
246 248
247 278
248 249
249 254
249 284
250 256
251 256
252 258
253 260
254 261
255 261
255 262
256 263
257 264
258 265
259 266
260 267
261 268
261 269
262 269
263 270
264 271
265 272
266 271
267 273
268 274
269 274
270 274
271 274
272 275
273 276
274 277
274 278
274 282
275 280
276 281
277 283
278 283
279 286
280 290
281 291
282 293
283 293
284 294
285 294
286 294
287 293
288 293
289 294
290 293
291 293
292 293
270 10000 473 10000 10000 189 176 162 149 
270 10000 10000 10000 10000 10000 10000 10000 10000 
130 10000 228 195 163 10000 85 78 72 
148 10000 10000 10000 185 10000 10000 89 82 
190 10000 10000 10000 10000 10000 10000 10000 105 
293 10000 10000 440 10000 206 10000 176 10000 
348 696 10000 10000 10000 244 227 10000 10000 
182 364 10000 10000 228 128 10000 110 101 
490 10000 858 735 613 10000 319 294 270 
212 10000 10000 10000 265 10000 10000 128 117 
248 10000 10000 10000 10000 10000 10000 10000 10000 
248 10000 10000 10000 310 10000 10000 149 137 
248 10000 10000 10000 10000 10000 10000 149 137 
248 10000 434 372 10000 10000 162 149 137 
248 10000 10000 10000 10000 10000 162 10000 137 
268 536 10000 402 10000 188 10000 161 148 
268 10000 10000 10000 335 10000 175 10000 148 
268 10000 10000 402 10000 10000 10000 161 10000 
288 10000 10000 432 10000 10000 10000 173 10000 
248 10000 10000 10000 10000 10000 162 149 137 
268 10000 10000 10000 10000 188 10000 161 10000 
60 10000 10000 10000 10000 10000 10000 10000 10000 
268 536 10000 402 10000 188 10000 161 10000 
240 480 10000 10000 300 168 10000 10000 132 
240 480 10000 10000 10000 168 156 10000 10000 
171 10000 300 10000 10000 120 112 103 10000 
490 10000 10000 10000 10000 10000 10000 294 10000 
182 10000 10000 10000 10000 10000 10000 110 10000 
170 10000 10000 10000 10000 10000 10000 10000 94 
306 10000 10000 10000 10000 10000 199 10000 10000 
108 10000 10000 10000 135 10000 71 65 60 
248 496 10000 10000 310 174 162 10000 137 
190 380 10000 10000 238 133 124 10000 105 
240 10000 10000 10000 10000 10000 156 10000 10000 
339 10000 10000 10000 10000 10000 10000 10000 10000 
288 10000 10000 10000 10000 10000 10000 10000 159 
248 10000 10000 10000 10000 10000 10000 10000 10000 
455 10000 797 10000 10000 10000 296 10000 10000 
268 10000 10000 10000 10000 188 175 10000 10000 
270 540 10000 10000 338 189 10000 10000 149 
180 10000 10000 10000 10000 10000 10000 108 99 
121 10000 10000 10000 10000 85 10000 73 10000 
270 10000 10000 10000 10000 10000 10000 10000 10000 
440 10000 10000 10000 550 308 10000 10000 242 
249 498 10000 10000 10000 175 162 150 10000 
194 10000 340 10000 10000 10000 127 10000 107 
162 324 284 10000 10000 114 106 10000 10000 
130 10000 10000 10000 10000 10000 10000 10000 72 
388 10000 10000 10000 10000 10000 253 10000 10000 
90 10000 10000 135 113 10000 10000 54 50 
212 10000 371 10000 10000 10000 138 10000 10000 
246 10000 431 10000 10000 10000 160 10000 10000 
188 376 10000 10000 10000 132 10000 10000 104 
270 10000 473 10000 10000 10000 176 162 10000 
160 320 10000 10000 10000 112 104 10000 88 
79 158 10000 10000 10000 56 10000 48 10000 
466 10000 10000 10000 583 10000 303 10000 257 
240 10000 10000 10000 10000 168 10000 10000 132 
137 10000 10000 206 172 96 90 83 76 
184 10000 10000 10000 10000 129 10000 111 10000 
110 10000 10000 10000 10000 77 10000 10000 10000 
275 10000 10000 10000 10000 193 10000 10000 152 
149 298 10000 224 10000 105 97 90 10000 
280 10000 10000 10000 10000 10000 10000 168 10000 
119 10000 10000 10000 10000 84 10000 72 10000 
184 10000 322 10000 230 10000 120 111 102 
140 10000 245 10000 10000 10000 91 84 10000 
150 300 10000 10000 188 105 10000 90 83 
190 10000 10000 10000 10000 10000 10000 10000 105 
150 10000 10000 225 10000 10000 10000 90 83 
150 300 10000 225 188 105 98 90 83 
284 10000 497 426 10000 10000 185 171 157 
192 384 336 10000 240 135 125 116 106 
347 10000 10000 10000 434 10000 226 209 191 
232 10000 10000 10000 290 10000 10000 140 128 
140 280 10000 210 10000 98 91 84 10000 
608 10000 1064 10000 10000 426 396 10000 10000 
80 10000 10000 10000 10000 10000 10000 48 10000 
40 10000 10000 10000 10000 10000 26 10000 10000 
130 10000 10000 10000 10000 10000 10000 10000 72 
110 220 10000 10000 138 77 10000 66 61 
350 10000 10000 10000 438 10000 10000 10000 193 
140 280 10000 10000 10000 98 10000 10000 77 
240 10000 10000 10000 10000 10000 10000 10000 132 
240 480 10000 360 10000 168 10000 144 10000 
90 10000 10000 10000 113 10000 10000 54 50 
54 10000 10000 10000 10000 38 36 33 30 
294 10000 10000 10000 10000 10000 10000 10000 10000 
203 10000 356 10000 254 143 132 10000 112 
150 10000 263 10000 188 10000 98 10000 83 
270 10000 10000 10000 10000 189 10000 10000 10000 
155 10000 10000 10000 10000 109 101 10000 86 
190 10000 10000 10000 10000 10000 10000 10000 10000 
78 10000 10000 10000 10000 55 10000 47 10000 
140 280 245 10000 10000 98 91 10000 10000 
241 10000 10000 10000 10000 10000 10000 145 133 
430 10000 10000 10000 10000 301 10000 10000 10000 
90 10000 158 10000 113 10000 59 10000 50 
110 10000 10000 10000 10000 77 10000 10000 10000 
9 10000 10000 10000 12 7 10000 10000 5 
430 860 10000 645 538 301 280 258 237 
130 10000 10000 10000 10000 10000 10000 78 10000 
289 10000 10000 10000 362 10000 188 174 159 
110 10000 10000 10000 10000 77 10000 10000 61 
160 10000 10000 10000 10000 10000 104 96 88 
442 10000 10000 10000 10000 10000 10000 10000 10000 
159 10000 279 10000 10000 10000 104 10000 10000 
250 10000 10000 10000 10000 175 10000 10000 138 
190 10000 10000 10000 10000 133 10000 10000 10000 
184 10000 10000 10000 230 10000 10000 10000 102 
690 10000 10000 10000 863 10000 10000 10000 380 
72 10000 10000 10000 10000 10000 10000 44 10000 
190 380 333 10000 10000 133 124 10000 105 
190 10000 10000 10000 10000 10000 10000 114 10000 
90 10000 10000 10000 10000 10000 10000 10000 50 
889 1778 1556 10000 10000 623 578 534 10000 
170 10000 10000 10000 10000 119 111 10000 10000 
155 10000 10000 10000 10000 10000 101 10000 10000 
190 10000 333 10000 10000 10000 124 114 10000 
130 10000 10000 10000 163 10000 85 78 72 
390 10000 10000 585 10000 10000 10000 234 10000 
301 10000 10000 10000 377 10000 196 181 166 
54 10000 95 10000 10000 10000 36 10000 30 
227 10000 10000 10000 10000 10000 10000 137 10000 
142 10000 10000 10000 178 100 93 10000 79 
184 10000 322 10000 230 10000 120 10000 102 
741 10000 1297 1112 10000 10000 482 445 10000 
868 1736 10000 1302 1085 608 10000 521 478 
230 10000 10000 10000 10000 10000 10000 138 10000 
121 10000 10000 10000 10000 10000 10000 10000 10000 
320 10000 10000 480 10000 224 10000 192 10000 
126 10000 10000 10000 10000 89 82 76 70 
440 10000 10000 10000 10000 10000 286 264 10000 
127 10000 10000 10000 10000 10000 83 10000 10000 
134 268 10000 10000 10000 94 88 81 10000 
150 10000 263 225 188 10000 98 90 83 
140 280 10000 210 10000 98 91 84 10000 
110 10000 10000 10000 10000 10000 10000 10000 10000 
320 640 10000 10000 400 224 208 192 176 
250 500 10000 375 10000 175 10000 150 10000 
232 464 10000 10000 10000 163 10000 10000 10000 
188 10000 10000 10000 10000 10000 10000 10000 10000 
250 10000 438 10000 10000 10000 163 10000 10000 
377 10000 10000 10000 472 10000 10000 10000 208 
90 180 158 10000 10000 63 59 10000 50 
140 280 10000 10000 10000 98 10000 10000 77 
90 180 158 10000 113 63 59 54 50 
90 180 10000 135 113 63 10000 54 50 
70 10000 10000 105 88 10000 46 42 39 
90 10000 158 10000 10000 10000 59 10000 10000 
110 10000 10000 10000 10000 77 10000 10000 61 
150 10000 10000 225 10000 10000 10000 90 83 
101 10000 10000 10000 127 10000 66 10000 56 
377 754 660 10000 472 264 246 10000 208 
118 10000 10000 10000 148 83 10000 10000 65 
290 10000 10000 10000 10000 10000 10000 174 160 
209 10000 366 10000 10000 10000 136 10000 115 
150 10000 263 10000 10000 10000 98 10000 10000 
150 10000 10000 10000 10000 105 10000 10000 10000 
79 10000 10000 10000 10000 10000 10000 10000 44 
150 10000 263 225 10000 10000 98 90 10000 
91 10000 10000 10000 10000 10000 10000 55 51 
59 10000 10000 89 74 10000 10000 36 33 
218 10000 10000 327 10000 10000 10000 131 120 
351 10000 10000 10000 439 10000 229 10000 194 
873 10000 1528 10000 10000 10000 568 10000 10000 
130 10000 10000 10000 10000 10000 10000 78 10000 
68 10000 10000 10000 85 48 10000 10000 38 
126 10000 10000 10000 10000 10000 82 10000 10000 
120 10000 10000 10000 10000 10000 10000 72 66 
227 10000 398 10000 10000 159 148 10000 125 
198 10000 10000 10000 248 10000 10000 10000 109 
132 264 231 10000 10000 93 86 10000 10000 
121 10000 10000 10000 10000 10000 10000 10000 10000 
150 300 10000 10000 188 105 10000 10000 83 
100 10000 10000 10000 10000 70 10000 10000 10000 
38 76 10000 57 10000 27 10000 23 10000 
70 10000 10000 10000 10000 10000 10000 42 10000 
355 10000 622 10000 10000 249 231 213 10000 
284 10000 10000 10000 355 10000 10000 10000 157 
122 10000 10000 10000 10000 10000 10000 10000 10000 
75 10000 10000 10000 94 10000 49 10000 42 
160 10000 280 10000 10000 112 104 10000 10000 
140 280 10000 10000 10000 98 91 10000 77 
520 10000 10000 10000 650 10000 10000 10000 286 
99 10000 10000 10000 10000 10000 10000 10000 10000 
182 364 10000 10000 10000 128 10000 110 10000 
80 10000 10000 10000 10000 10000 10000 10000 10000 
514 1028 10000 771 10000 360 335 309 283 
96 10000 168 10000 120 10000 63 58 53 
50 10000 10000 75 10000 10000 33 30 10000 
272 10000 10000 408 10000 191 177 164 150 
226 10000 10000 339 283 10000 10000 136 125 
194 10000 10000 10000 10000 10000 127 10000 107 
164 10000 10000 10000 10000 10000 10000 10000 91 
96 10000 10000 10000 10000 10000 10000 10000 53 
107 10000 10000 10000 134 10000 10000 65 59 
108 216 10000 10000 135 76 71 10000 60 
167 10000 10000 10000 10000 10000 109 101 92 
98 10000 10000 10000 10000 69 10000 10000 54 
82 10000 10000 10000 10000 10000 10000 10000 46 
482 10000 10000 10000 10000 10000 10000 10000 266 
72 10000 10000 10000 90 10000 47 44 40 
50 10000 10000 10000 10000 10000 10000 10000 10000 
130 10000 10000 195 10000 10000 10000 78 72 
230 460 10000 10000 10000 161 10000 10000 10000 
50 10000 10000 10000 10000 35 10000 10000 10000 
240 10000 10000 10000 300 168 10000 10000 132 
190 10000 10000 10000 10000 10000 10000 10000 105 
190 10000 10000 10000 10000 10000 124 114 105 
240 10000 10000 10000 10000 168 156 10000 132 
74 10000 10000 111 10000 52 10000 45 41 
139 278 10000 209 174 98 10000 84 77 
339 10000 10000 10000 10000 10000 221 10000 10000 
260 10000 10000 10000 10000 10000 10000 10000 10000 
132 10000 10000 10000 10000 93 10000 80 10000 
550 10000 10000 10000 10000 10000 358 330 10000 
420 10000 10000 10000 10000 294 273 252 10000 
152 10000 266 10000 10000 107 99 92 10000 
12 10000 10000 10000 10000 10000 10000 10000 10000 
90 10000 10000 135 10000 63 10000 54 50 
5 10000 10000 8 10000 10000 10000 3 10000 
128 10000 224 192 10000 10000 84 77 10000 
100 10000 10000 10000 125 70 10000 60 55 
120 10000 10000 180 10000 10000 10000 72 66 
100 200 10000 10000 10000 70 10000 60 10000 
320 10000 10000 10000 400 10000 10000 10000 176 
835 1670 10000 10000 10000 585 543 10000 10000 
740 1480 10000 10000 10000 518 10000 10000 10000 
223 446 10000 10000 279 157 10000 10000 123 
100 10000 10000 10000 10000 10000 65 10000 55 
390 10000 683 10000 10000 273 254 10000 215 
140 10000 245 10000 175 10000 91 10000 77 
304 10000 532 10000 10000 10000 198 183 168 
120 10000 210 10000 10000 10000 78 10000 66 
403 10000 10000 605 10000 283 10000 242 222 
21 42 10000 32 27 15 10000 13 12 
246 492 10000 369 308 173 10000 148 136 
160 320 10000 10000 10000 112 10000 96 10000 
1019 10000 1784 1529 10000 10000 663 612 10000 
34 10000 10000 10000 10000 10000 10000 10000 10000 
120 240 10000 10000 10000 84 78 10000 10000 
68 10000 10000 102 10000 10000 10000 41 10000 
910 10000 10000 10000 1138 10000 10000 10000 501 
302 10000 10000 10000 378 10000 10000 182 167 
778 1556 1362 1167 10000 545 506 467 10000 
101 10000 177 10000 10000 10000 66 10000 10000 
1310 10000 10000 10000 10000 917 10000 10000 721 
20 10000 35 10000 10000 10000 13 10000 10000 
278 10000 10000 10000 10000 10000 10000 167 153 
81 10000 10000 122 10000 10000 10000 49 10000 
290 10000 10000 10000 10000 203 189 10000 10000 
100 200 10000 150 10000 70 10000 60 55 
372 10000 651 10000 465 10000 242 10000 205 
72 10000 10000 10000 10000 51 47 44 40 
28 10000 10000 10000 10000 10000 10000 17 16 
90 10000 158 135 10000 63 59 54 10000 
250 10000 10000 10000 10000 175 10000 10000 10000 
144 10000 252 10000 10000 10000 94 10000 10000 
303 10000 10000 10000 10000 10000 10000 10000 10000 
220 10000 385 330 275 10000 143 132 121 
58 10000 10000 10000 10000 10000 10000 10000 10000 
224 10000 392 336 10000 157 146 135 10000 
211 10000 10000 10000 10000 10000 10000 127 10000 
99 198 10000 149 10000 70 10000 60 55 
44 10000 10000 66 10000 10000 10000 27 25 
120 240 10000 10000 10000 84 78 10000 66 
70 140 10000 10000 10000 49 10000 10000 10000 
421 842 10000 10000 10000 295 10000 10000 232 
231 462 405 10000 10000 162 151 10000 10000 
214 10000 10000 10000 268 10000 10000 10000 118 
196 10000 343 294 10000 10000 128 118 10000 
280 10000 10000 420 10000 10000 182 168 10000 
398 10000 10000 597 10000 10000 10000 239 10000 
72 10000 126 10000 10000 10000 47 10000 10000 
280 10000 10000 10000 10000 196 10000 168 154 
356 10000 10000 10000 10000 10000 10000 10000 196 
193 10000 10000 10000 10000 10000 126 10000 107 
140 10000 10000 210 175 10000 10000 84 77 
130 10000 10000 10000 10000 10000 10000 10000 72 
300 10000 10000 10000 375 210 10000 10000 165 
456 10000 10000 684 10000 10000 10000 274 10000 
7 10000 10000 10000 10000 10000 10000 5 10000 
170 10000 298 10000 10000 10000 111 10000 10000 
252 10000 10000 10000 10000 10000 10000 10000 10000 
210 420 368 10000 10000 147 137 126 10000 
308 10000 10000 10000 385 10000 10000 185 170 
308 10000 10000 462 10000 216 201 185 10000 
121 10000 212 10000 10000 10000 79 10000 67 
52 104 10000 78 10000 37 34 32 10000 
426 10000 10000 10000 10000 10000 277 256 10000 
104 10000 10000 10000 10000 10000 68 10000 10000 
1386 2772 10000 10000 10000 971 10000 10000 10000 
527 10000 10000 791 10000 369 10000 317 290 
968 1936 1694 10000 10000 678 630 581 533 
1047 10000 10000 10000 10000 10000 10000 10000 10000 
538 10000 10000 10000 10000 10000 10000 10000 10000 
