297
42
4
10.74
13.21
15.79
21.70
423
1 2
2 3
3 4
4 5
4 22
4 26
4 27
4 40
4 48
4 56
4 83
4 86
4 94
4 105
4 109
4 111
4 134
4 221
4 247
4 259
5 6
6 7
6 8
6 9
6 10
7 11
7 12
7 13
7 14
7 15
7 20
8 11
8 12
8 13
8 14
8 15
8 20
9 11
9 12
9 13
9 14
9 15
9 20
10 11
10 12
10 13
10 14
10 15
10 20
11 16
12 17
13 18
14 19
15 21
16 23
17 23
18 23
19 23
20 23
21 23
22 24
22 25
23 28
24 29
25 29
26 30
27 31
28 32
28 37
29 33
29 44
29 121
30 34
30 297
31 34
31 82
31 172
31 179
32 36
33 38
34 35
35 42
36 39
37 39
38 41
39 43
40 44
40 84
40 97
41 45
42 46
43 47
44 49
45 50
46 51
46 138
47 52
48 52
49 53
50 54
51 55
51 81
52 57
53 58
54 58
54 296
55 59
56 60
56 61
57 62
57 63
57 71
57 76
58 64
59 64
59 99
59 100
60 68
61 65
62 66
63 67
64 72
65 69
66 69
67 70
68 73
69 74
70 75
71 77
72 78
73 84
73 97
74 84
74 97
75 84
75 97
76 84
76 97
77 84
77 97
78 79
78 80
78 125
78 192
79 85
80 85
81 87
82 88
82 89
83 90
84 91
85 92
86 93
87 99
87 100
88 99
88 100
89 99
89 100
90 95
91 96
92 98
93 98
94 101
95 101
96 101
97 101
98 102
99 103
100 104
101 106
102 107
103 108
104 108
105 110
106 112
107 113
108 114
108 115
108 292
109 119
109 120
110 119
110 120
110 162
111 116
112 117
113 118
114 119
115 120
116 122
117 123
117 124
117 257
118 126
119 127
120 127
120 150
121 128
122 129
123 130
123 145
123 146
123 147
123 148
123 149
124 130
125 130
126 130
127 130
127 157
128 130
129 130
129 141
130 131
130 144
131 132
131 133
132 135
133 135
133 170
134 136
135 137
136 139
137 140
138 140
138 191
139 142
139 253
140 143
140 200
141 151
142 152
143 153
143 169
144 154
145 155
146 156
147 158
148 159
149 160
150 161
151 163
152 164
153 165
154 166
155 166
156 166
157 166
158 166
159 166
160 166
161 166
162 167
163 166
164 167
165 168
165 176
166 170
167 171
168 173
169 174
170 174
171 174
172 175
173 177
174 178
174 287
174 288
175 180
176 181
177 181
178 181
179 181
180 181
180 252
181 182
181 183
181 184
181 185
181 186
181 187
181 188
181 189
181 196
181 197
181 295
182 190
183 193
184 194
185 195
186 195
187 195
188 195
189 195
190 195
191 200
192 201
193 198
194 199
195 199
195 203
195 205
195 227
195 229
196 202
197 202
198 202
199 202
200 202
201 202
202 204
202 251
203 206
203 208
204 207
204 250
205 207
206 209
207 210
207 212
208 210
209 210
209 211
210 213
211 213
212 214
213 214
214 215
214 234
215 216
216 217
217 218
218 219
219 220
220 222
221 223
222 224
223 225
224 226
225 227
226 228
227 230
228 231
229 235
229 236
230 232
230 271
230 289
231 233
232 236
233 237
234 238
234 256
235 237
236 239
237 240
238 240
238 285
239 240
239 279
240 241
240 243
241 242
242 244
243 245
243 246
244 245
244 246
244 255
245 248
246 248
247 278
248 249
249 254
249 284
250 256
251 256
252 258
253 260
254 261
255 261
255 262
256 263
257 264
258 265
259 266
260 267
261 268
261 269
262 269
263 270
264 271
265 272
266 271
267 273
268 274
269 274
270 274
271 274
272 275
273 276
274 277
274 278
274 282
275 280
276 281
277 283
278 283
279 286
280 290
281 291
282 293
283 293
284 294
285 294
286 294
287 293
288 293
289 294
290 293
291 293
292 293
270 10000 10000 10000 10000 10000 10000 10000 149 
270 10000 10000 405 10000 10000 10000 162 149 
130 10000 10000 10000 10000 10000 10000 10000 10000 
148 10000 259 10000 10000 104 97 10000 10000 
190 380 333 10000 238 133 124 10000 105 
293 586 10000 440 10000 206 10000 176 10000 
348 10000 10000 10000 435 10000 10000 10000 192 
182 10000 319 10000 10000 10000 119 10000 10000 
490 10000 10000 735 613 10000 319 294 270 
212 424 371 10000 265 149 138 128 117 
248 10000 10000 10000 10000 10000 162 149 10000 
248 10000 10000 10000 10000 10000 10000 149 137 
248 496 10000 10000 10000 174 10000 149 10000 
248 496 10000 10000 10000 174 162 149 137 
248 10000 434 10000 10000 10000 162 10000 10000 
268 10000 10000 10000 10000 10000 10000 161 148 
268 10000 10000 10000 10000 10000 175 161 148 
268 10000 10000 10000 335 10000 175 161 148 
288 10000 10000 10000 10000 10000 10000 173 10000 
248 10000 10000 372 10000 10000 162 149 137 
268 10000 10000 10000 10000 10000 175 10000 148 
60 10000 10000 10000 10000 10000 10000 36 10000 
268 10000 10000 10000 10000 10000 175 10000 10000 
240 10000 10000 360 10000 168 156 144 10000 
240 10000 10000 10000 300 168 10000 10000 132 
171 10000 10000 10000 10000 10000 10000 10000 95 
490 10000 858 10000 10000 343 319 294 10000 
182 10000 10000 10000 10000 128 10000 110 101 
170 340 298 255 10000 119 111 102 10000 
306 10000 10000 459 383 10000 10000 184 169 
108 216 10000 10000 10000 76 10000 10000 10000 
248 10000 10000 10000 310 10000 162 10000 137 
190 10000 333 10000 10000 10000 124 10000 10000 
240 10000 10000 360 10000 10000 10000 144 132 
339 678 594 509 10000 238 221 204 10000 
288 10000 504 10000 10000 10000 188 173 10000 
248 10000 10000 372 10000 10000 10000 149 10000 
455 10000 10000 10000 10000 10000 10000 10000 251 
268 536 10000 402 10000 188 10000 161 148 
270 10000 10000 10000 338 10000 10000 162 149 
180 10000 315 10000 10000 126 117 10000 10000 
121 242 10000 10000 10000 85 10000 10000 10000 
270 10000 473 10000 10000 10000 176 162 10000 
440 10000 10000 10000 10000 10000 10000 10000 242 
249 10000 10000 10000 312 10000 162 150 137 
194 10000 10000 10000 10000 10000 127 117 107 
162 10000 10000 10000 10000 10000 10000 10000 10000 
130 10000 10000 195 163 10000 10000 78 72 
388 10000 679 582 10000 10000 253 233 214 
90 180 10000 10000 113 63 10000 54 50 
212 10000 10000 10000 265 10000 10000 128 117 
246 10000 431 10000 10000 10000 160 10000 136 
188 10000 10000 10000 10000 10000 10000 10000 104 
270 10000 10000 10000 10000 10000 10000 10000 10000 
160 10000 10000 10000 10000 10000 104 96 88 
79 10000 10000 10000 99 10000 52 10000 44 
466 10000 10000 10000 10000 10000 10000 10000 257 
240 480 10000 360 10000 168 156 144 10000 
137 10000 240 206 10000 10000 90 83 76 
184 10000 10000 10000 10000 129 120 10000 102 
110 10000 10000 10000 10000 10000 10000 10000 61 
275 550 10000 10000 344 193 10000 165 152 
149 10000 10000 10000 10000 105 10000 10000 10000 
280 10000 10000 10000 10000 10000 182 10000 10000 
119 10000 10000 10000 10000 10000 10000 72 66 
184 10000 10000 10000 10000 129 120 111 10000 
140 10000 10000 10000 10000 98 10000 10000 77 
150 10000 10000 10000 188 10000 10000 10000 83 
190 10000 10000 285 10000 10000 10000 114 105 
150 10000 10000 10000 188 10000 10000 10000 83 
150 10000 10000 10000 188 10000 10000 10000 83 
284 10000 10000 426 10000 10000 10000 171 10000 
192 10000 10000 10000 10000 135 10000 10000 10000 
347 694 608 10000 434 243 226 10000 191 
232 10000 10000 10000 10000 10000 10000 10000 10000 
140 280 10000 10000 10000 98 91 84 10000 
608 1216 1064 912 10000 426 396 365 10000 
80 10000 10000 10000 10000 10000 10000 10000 10000 
40 10000 70 10000 10000 10000 26 10000 22 
130 10000 10000 10000 10000 10000 85 10000 72 
110 10000 10000 165 10000 10000 72 66 61 
350 10000 10000 10000 10000 10000 10000 210 10000 
140 10000 10000 10000 10000 98 91 84 10000 
240 480 10000 360 10000 168 10000 144 10000 
240 10000 420 10000 300 10000 156 10000 132 
90 10000 10000 10000 10000 63 10000 54 10000 
54 10000 10000 81 68 10000 10000 33 30 
294 10000 10000 10000 368 206 10000 10000 162 
203 10000 356 10000 10000 10000 132 10000 10000 
150 10000 10000 225 10000 10000 10000 90 83 
270 10000 10000 10000 10000 10000 10000 10000 149 
155 10000 10000 10000 10000 10000 101 93 86 
190 10000 10000 10000 10000 10000 10000 10000 105 
78 10000 10000 117 10000 55 10000 47 43 
140 10000 245 210 10000 10000 91 84 77 
241 10000 10000 362 10000 10000 10000 145 10000 
430 860 10000 10000 10000 301 10000 10000 10000 
90 10000 158 10000 10000 63 59 54 10000 
110 10000 10000 10000 10000 10000 10000 10000 10000 
9 18 10000 10000 10000 7 10000 10000 10000 
430 860 10000 10000 10000 301 10000 10000 237 
130 10000 10000 10000 10000 10000 10000 10000 72 
289 10000 10000 434 10000 203 10000 174 159 
110 10000 10000 165 138 10000 10000 66 61 
160 10000 10000 10000 10000 10000 10000 10000 10000 
442 10000 10000 10000 10000 10000 10000 10000 244 
159 10000 10000 10000 10000 10000 10000 10000 10000 
250 10000 10000 10000 10000 10000 163 10000 10000 
190 10000 10000 10000 10000 133 10000 10000 10000 
184 10000 10000 10000 10000 10000 10000 10000 10000 
690 1380 1208 10000 10000 483 449 414 10000 
72 10000 10000 10000 90 10000 10000 44 40 
190 380 10000 10000 10000 133 10000 10000 10000 
190 10000 333 10000 10000 10000 124 10000 10000 
90 180 10000 135 10000 63 59 54 50 
889 1778 10000 10000 10000 623 578 10000 10000 
170 10000 10000 10000 213 10000 10000 10000 94 
155 10000 272 10000 10000 10000 101 10000 10000 
190 10000 333 10000 10000 10000 124 114 10000 
130 10000 10000 10000 10000 10000 10000 10000 72 
390 10000 683 10000 10000 10000 254 10000 10000 
301 10000 10000 452 10000 10000 196 181 10000 
54 10000 10000 10000 10000 10000 10000 10000 30 
227 454 10000 10000 10000 159 10000 10000 10000 
142 284 10000 10000 10000 100 93 10000 79 
184 368 10000 276 10000 129 10000 111 102 
741 10000 10000 10000 10000 10000 10000 10000 10000 
868 10000 10000 1302 10000 10000 10000 521 478 
230 10000 10000 345 288 10000 10000 138 127 
121 10000 212 10000 10000 10000 79 73 67 
320 10000 10000 10000 10000 10000 10000 10000 176 
126 10000 221 10000 10000 10000 82 10000 10000 
440 10000 770 660 10000 10000 286 264 242 
127 254 223 10000 10000 89 83 10000 70 
134 268 10000 10000 10000 94 10000 10000 10000 
150 10000 10000 10000 10000 105 98 10000 83 
140 10000 10000 10000 175 10000 10000 10000 77 
110 10000 10000 10000 10000 10000 10000 66 10000 
320 10000 10000 10000 10000 10000 10000 10000 10000 
250 10000 438 10000 10000 10000 163 150 10000 
232 10000 406 10000 290 10000 151 10000 128 
188 10000 329 10000 10000 10000 123 10000 10000 
250 10000 10000 10000 10000 10000 10000 10000 10000 
377 10000 660 10000 472 10000 246 10000 208 
90 10000 10000 10000 10000 10000 10000 10000 50 
140 280 10000 10000 10000 98 10000 10000 10000 
90 180 10000 10000 10000 63 10000 10000 10000 
90 180 10000 10000 10000 63 10000 10000 10000 
70 10000 10000 10000 10000 10000 46 42 10000 
90 10000 10000 10000 10000 10000 59 54 10000 
110 10000 10000 10000 138 10000 10000 10000 61 
150 10000 10000 225 188 10000 10000 90 83 
101 10000 177 10000 127 71 66 10000 56 
377 754 660 10000 472 264 246 227 208 
118 236 207 10000 10000 83 77 10000 65 
290 10000 10000 10000 363 203 10000 10000 160 
209 10000 10000 314 262 10000 10000 126 115 
150 10000 263 10000 188 105 98 90 83 
150 300 263 10000 188 105 98 10000 83 
79 10000 139 10000 10000 10000 52 48 10000 
150 10000 10000 10000 10000 105 10000 10000 10000 
91 10000 10000 10000 10000 10000 60 10000 10000 
59 10000 10000 10000 10000 10000 10000 10000 33 
218 10000 382 10000 10000 10000 142 10000 120 
351 10000 10000 10000 10000 246 10000 10000 10000 
873 10000 10000 10000 10000 10000 10000 10000 481 
130 10000 10000 10000 10000 10000 10000 78 10000 
68 10000 10000 102 10000 48 10000 41 38 
126 10000 221 189 10000 10000 82 76 70 
120 10000 210 10000 150 10000 78 10000 66 
227 10000 10000 10000 10000 10000 10000 137 10000 
198 10000 10000 10000 10000 139 10000 119 109 
132 10000 10000 10000 10000 10000 10000 10000 73 
121 242 10000 182 10000 85 10000 73 67 
150 300 10000 10000 10000 105 10000 10000 10000 
100 10000 175 10000 10000 70 65 10000 10000 
38 10000 10000 57 10000 27 25 23 10000 
70 10000 10000 10000 10000 49 10000 42 10000 
355 10000 10000 10000 10000 10000 10000 10000 10000 
284 568 497 10000 10000 199 185 171 10000 
122 10000 214 10000 10000 10000 80 10000 10000 
75 10000 10000 10000 10000 10000 49 45 10000 
160 10000 10000 10000 200 112 104 10000 88 
140 10000 10000 10000 10000 10000 10000 84 10000 
520 10000 10000 780 10000 10000 10000 312 10000 
99 198 10000 10000 10000 70 10000 10000 10000 
182 10000 10000 10000 228 10000 10000 10000 101 
80 160 10000 10000 10000 56 10000 48 10000 
514 10000 10000 771 10000 360 10000 309 10000 
96 10000 10000 10000 10000 10000 10000 10000 53 
50 10000 88 10000 10000 10000 33 10000 10000 
272 10000 476 10000 10000 10000 177 10000 150 
226 10000 10000 10000 10000 10000 147 136 10000 
194 388 10000 10000 243 136 127 10000 107 
164 328 287 10000 10000 115 107 10000 10000 
96 10000 10000 10000 120 10000 63 58 53 
107 10000 10000 10000 10000 10000 10000 10000 10000 
108 10000 10000 162 10000 10000 10000 65 10000 
167 10000 10000 10000 209 10000 10000 10000 92 
98 196 172 147 10000 69 64 59 10000 
82 10000 10000 10000 103 10000 10000 10000 46 
482 10000 844 10000 10000 10000 314 10000 10000 
72 144 10000 108 10000 51 47 44 10000 
50 100 10000 10000 10000 35 33 10000 28 
130 10000 10000 10000 10000 10000 85 10000 10000 
230 10000 10000 10000 10000 161 10000 10000 10000 
50 10000 88 10000 63 10000 33 30 28 
240 10000 420 10000 10000 10000 156 10000 10000 
190 10000 10000 10000 238 10000 10000 10000 105 
190 380 10000 10000 10000 133 124 10000 10000 
240 10000 10000 360 10000 10000 156 144 10000 
74 148 130 10000 10000 52 49 10000 41 
139 278 10000 10000 174 98 10000 84 77 
339 678 594 10000 424 238 221 10000 187 
260 10000 10000 10000 10000 10000 10000 10000 10000 
132 10000 10000 10000 10000 10000 10000 80 73 
550 10000 963 10000 10000 10000 358 330 10000 
420 10000 735 10000 525 10000 273 252 231 
152 10000 10000 10000 10000 10000 10000 92 10000 
12 10000 10000 18 10000 10000 8 8 10000 
90 10000 158 135 113 63 59 54 50 
5 10000 10000 10000 7 4 4 10000 3 
128 256 224 10000 10000 90 84 10000 10000 
100 10000 10000 10000 10000 70 10000 10000 10000 
120 240 10000 10000 10000 84 78 10000 66 
100 200 175 10000 10000 70 65 60 10000 
320 10000 560 10000 400 10000 208 192 176 
835 10000 1462 1253 1044 10000 543 501 460 
740 10000 10000 10000 10000 10000 10000 444 10000 
223 10000 10000 10000 279 10000 10000 134 123 
100 10000 10000 10000 10000 10000 10000 60 10000 
390 10000 683 10000 488 10000 254 10000 215 
140 10000 10000 10000 10000 98 10000 10000 10000 
304 608 10000 10000 10000 213 10000 10000 168 
120 240 210 10000 150 84 78 10000 66 
403 806 10000 10000 10000 283 10000 10000 222 
21 10000 10000 10000 27 10000 10000 10000 12 
246 10000 10000 10000 10000 10000 10000 10000 136 
160 10000 10000 10000 200 10000 10000 10000 88 
1019 10000 10000 10000 10000 10000 663 612 10000 
34 10000 60 51 10000 10000 23 21 19 
120 10000 10000 10000 10000 10000 10000 10000 66 
68 10000 10000 10000 85 48 10000 10000 38 
910 10000 1593 10000 10000 10000 592 546 10000 
302 10000 10000 10000 10000 212 10000 10000 10000 
778 10000 10000 10000 973 10000 10000 10000 428 
101 10000 177 10000 10000 10000 66 61 56 
1310 10000 10000 10000 10000 10000 10000 10000 721 
20 10000 35 10000 10000 14 13 10000 10000 
278 556 10000 417 10000 195 10000 167 153 
81 10000 10000 10000 10000 10000 10000 10000 45 
290 580 10000 435 10000 203 10000 174 160 
100 200 175 10000 10000 70 65 10000 55 
372 10000 10000 10000 10000 261 10000 10000 205 
72 10000 10000 10000 10000 51 47 10000 10000 
28 10000 49 42 10000 10000 19 17 16 
90 10000 10000 10000 10000 63 10000 10000 10000 
250 10000 438 10000 313 10000 163 150 138 
144 10000 252 10000 180 10000 94 87 80 
303 10000 10000 455 10000 10000 10000 182 10000 
220 10000 10000 330 10000 10000 10000 132 10000 
58 10000 10000 10000 10000 10000 10000 10000 10000 
224 10000 392 336 10000 10000 146 135 124 
211 10000 10000 10000 10000 10000 138 10000 117 
99 198 10000 10000 124 70 10000 60 55 
44 88 10000 66 55 31 29 27 25 
120 10000 10000 10000 10000 10000 10000 10000 10000 
70 10000 10000 10000 10000 10000 10000 42 39 
421 10000 10000 10000 10000 10000 274 10000 232 
231 10000 10000 10000 10000 10000 10000 139 128 
214 10000 10000 10000 10000 10000 140 10000 10000 
196 10000 10000 10000 10000 10000 10000 10000 10000 
280 10000 10000 420 10000 10000 182 168 10000 
398 10000 10000 10000 10000 10000 10000 239 10000 
72 10000 10000 10000 90 10000 10000 10000 40 
280 560 10000 420 10000 196 10000 168 10000 
356 10000 10000 534 10000 10000 10000 214 10000 
193 10000 10000 10000 242 10000 10000 10000 107 
140 10000 10000 10000 10000 98 10000 10000 77 
130 260 10000 10000 10000 91 10000 10000 10000 
300 600 10000 10000 10000 210 10000 180 10000 
456 10000 10000 10000 10000 10000 297 274 10000 
7 10000 10000 10000 9 5 10000 5 4 
170 10000 298 10000 10000 119 111 10000 94 
252 10000 441 10000 10000 10000 164 152 10000 
210 420 10000 10000 10000 147 10000 126 116 
308 10000 10000 10000 385 10000 10000 10000 170 
308 10000 10000 10000 10000 10000 10000 185 10000 
121 10000 10000 10000 152 10000 10000 10000 67 
52 10000 10000 10000 10000 10000 10000 32 10000 
426 852 10000 639 10000 299 10000 256 10000 
104 10000 182 10000 10000 10000 68 63 58 
1386 10000 2426 10000 10000 971 901 10000 10000 
527 10000 10000 10000 10000 10000 10000 10000 10000 
968 1936 1694 10000 10000 678 630 10000 533 
1047 10000 10000 10000 10000 10000 10000 10000 10000 
538 10000 10000 10000 10000 10000 350 323 10000 
