297
35
4
10.18
14.83
18.87
22.83
423
1 2
2 3
3 4
4 5
4 22
4 26
4 27
4 40
4 48
4 56
4 83
4 86
4 94
4 105
4 109
4 111
4 134
4 221
4 247
4 259
5 6
6 7
6 8
6 9
6 10
7 11
7 12
7 13
7 14
7 15
7 20
8 11
8 12
8 13
8 14
8 15
8 20
9 11
9 12
9 13
9 14
9 15
9 20
10 11
10 12
10 13
10 14
10 15
10 20
11 16
12 17
13 18
14 19
15 21
16 23
17 23
18 23
19 23
20 23
21 23
22 24
22 25
23 28
24 29
25 29
26 30
27 31
28 32
28 37
29 33
29 44
29 121
30 34
30 297
31 34
31 82
31 172
31 179
32 36
33 38
34 35
35 42
36 39
37 39
38 41
39 43
40 44
40 84
40 97
41 45
42 46
43 47
44 49
45 50
46 51
46 138
47 52
48 52
49 53
50 54
51 55
51 81
52 57
53 58
54 58
54 296
55 59
56 60
56 61
57 62
57 63
57 71
57 76
58 64
59 64
59 99
59 100
60 68
61 65
62 66
63 67
64 72
65 69
66 69
67 70
68 73
69 74
70 75
71 77
72 78
73 84
73 97
74 84
74 97
75 84
75 97
76 84
76 97
77 84
77 97
78 79
78 80
78 125
78 192
79 85
80 85
81 87
82 88
82 89
83 90
84 91
85 92
86 93
87 99
87 100
88 99
88 100
89 99
89 100
90 95
91 96
92 98
93 98
94 101
95 101
96 101
97 101
98 102
99 103
100 104
101 106
102 107
103 108
104 108
105 110
106 112
107 113
108 114
108 115
108 292
109 119
109 120
110 119
110 120
110 162
111 116
112 117
113 118
114 119
115 120
116 122
117 123
117 124
117 257
118 126
119 127
120 127
120 150
121 128
122 129
123 130
123 145
123 146
123 147
123 148
123 149
124 130
125 130
126 130
127 130
127 157
128 130
129 130
129 141
130 131
130 144
131 132
131 133
132 135
133 135
133 170
134 136
135 137
136 139
137 140
138 140
138 191
139 142
139 253
140 143
140 200
141 151
142 152
143 153
143 169
144 154
145 155
146 156
147 158
148 159
149 160
150 161
151 163
152 164
153 165
154 166
155 166
156 166
157 166
158 166
159 166
160 166
161 166
162 167
163 166
164 167
165 168
165 176
166 170
167 171
168 173
169 174
170 174
171 174
172 175
173 177
174 178
174 287
174 288
175 180
176 181
177 181
178 181
179 181
180 181
180 252
181 182
181 183
181 184
181 185
181 186
181 187
181 188
181 189
181 196
181 197
181 295
182 190
183 193
184 194
185 195
186 195
187 195
188 195
189 195
190 195
191 200
192 201
193 198
194 199
195 199
195 203
195 205
195 227
195 229
196 202
197 202
198 202
199 202
200 202
201 202
202 204
202 251
203 206
203 208
204 207
204 250
205 207
206 209
207 210
207 212
208 210
209 210
209 211
210 213
211 213
212 214
213 214
214 215
214 234
215 216
216 217
217 218
218 219
219 220
220 222
221 223
222 224
223 225
224 226
225 227
226 228
227 230
228 231
229 235
229 236
230 232
230 271
230 289
231 233
232 236
233 237
234 238
234 256
235 237
236 239
237 240
238 240
238 285
239 240
239 279
240 241
240 243
241 242
242 244
243 245
243 246
244 245
244 246
244 255
245 248
246 248
247 278
248 249
249 254
249 284
250 256
251 256
252 258
253 260
254 261
255 261
255 262
256 263
257 264
258 265
259 266
260 267
261 268
261 269
262 269
263 270
264 271
265 272
266 271
267 273
268 274
269 274
270 274
271 274
272 275
273 276
274 277
274 278
274 282
275 280
276 281
277 283
278 283
279 286
280 290
281 291
282 293
283 293
284 294
285 294
286 294
287 293
288 293
289 294
290 293
291 293
292 293
270 10000 473 10000 10000 10000 176 10000 149 
270 540 10000 10000 10000 189 176 162 10000 
130 10000 10000 10000 163 91 85 10000 72 
148 10000 10000 10000 185 10000 97 89 82 
190 10000 333 10000 10000 10000 124 114 105 
293 10000 10000 440 10000 206 191 176 162 
348 696 10000 10000 10000 244 10000 10000 10000 
182 10000 10000 10000 10000 10000 10000 10000 10000 
490 10000 10000 735 10000 10000 319 294 270 
212 424 371 10000 10000 149 138 10000 10000 
248 10000 434 10000 10000 10000 162 149 10000 
248 10000 10000 10000 10000 174 10000 149 10000 
248 496 10000 372 10000 174 10000 149 137 
248 10000 434 10000 10000 10000 162 10000 10000 
248 10000 10000 10000 10000 10000 10000 10000 10000 
268 10000 469 10000 335 188 175 161 148 
268 10000 10000 402 10000 10000 175 161 148 
268 536 10000 402 335 188 175 161 148 
288 10000 10000 10000 10000 10000 10000 10000 159 
248 10000 10000 10000 10000 10000 10000 10000 10000 
268 10000 10000 402 10000 188 10000 161 10000 
60 10000 10000 10000 10000 10000 39 36 33 
268 10000 10000 10000 10000 188 175 10000 148 
240 480 420 360 10000 168 156 144 10000 
240 10000 10000 10000 300 168 10000 144 132 
171 10000 10000 10000 10000 10000 10000 10000 10000 
490 10000 858 10000 10000 10000 319 10000 270 
182 364 10000 10000 10000 128 10000 110 101 
170 10000 10000 10000 10000 10000 111 10000 10000 
306 612 10000 10000 10000 215 10000 10000 169 
108 10000 10000 10000 135 10000 10000 10000 60 
248 10000 10000 10000 310 10000 10000 10000 137 
190 380 10000 10000 238 133 10000 10000 105 
240 10000 10000 10000 10000 10000 10000 10000 10000 
339 678 594 10000 10000 238 221 10000 187 
288 10000 10000 10000 360 10000 10000 173 159 
248 496 434 10000 310 174 162 10000 137 
455 10000 10000 10000 10000 319 10000 10000 10000 
268 10000 469 10000 10000 10000 175 10000 10000 
270 10000 10000 10000 10000 10000 176 10000 10000 
180 360 10000 10000 10000 126 10000 10000 99 
121 10000 10000 10000 10000 10000 10000 10000 10000 
270 10000 10000 10000 10000 189 10000 10000 149 
440 10000 770 10000 10000 10000 286 264 10000 
249 10000 10000 374 10000 10000 10000 150 10000 
194 388 340 10000 10000 136 127 117 10000 
162 10000 10000 10000 203 10000 10000 10000 90 
130 10000 10000 10000 10000 10000 10000 10000 72 
388 10000 10000 582 10000 272 10000 233 10000 
90 10000 10000 10000 10000 10000 10000 54 10000 
212 424 371 10000 265 149 138 10000 117 
246 10000 10000 369 10000 10000 10000 148 10000 
188 10000 10000 10000 10000 10000 123 113 104 
270 540 10000 10000 10000 189 10000 10000 149 
160 10000 280 10000 10000 10000 104 10000 88 
79 10000 10000 10000 99 10000 10000 48 44 
466 932 10000 10000 583 327 10000 10000 257 
240 480 10000 10000 10000 168 156 10000 10000 
137 10000 10000 10000 10000 10000 90 10000 10000 
184 10000 10000 276 10000 10000 10000 111 10000 
110 10000 10000 10000 10000 10000 72 10000 10000 
275 550 10000 10000 10000 193 10000 165 10000 
149 10000 10000 10000 10000 10000 97 10000 10000 
280 560 490 10000 350 196 182 168 154 
119 10000 10000 10000 10000 10000 10000 10000 10000 
184 368 322 10000 10000 129 120 10000 10000 
140 280 10000 210 175 98 10000 84 77 
150 10000 10000 10000 10000 10000 98 90 10000 
190 10000 333 285 238 10000 124 114 105 
150 10000 263 10000 10000 10000 98 90 10000 
150 10000 10000 10000 188 10000 10000 90 83 
284 10000 10000 10000 10000 10000 10000 10000 10000 
192 10000 10000 10000 10000 10000 10000 116 106 
347 10000 10000 10000 434 10000 10000 209 191 
232 10000 10000 10000 10000 10000 151 10000 128 
140 280 10000 10000 10000 98 10000 10000 10000 
608 10000 10000 10000 10000 426 10000 10000 335 
80 10000 10000 10000 100 56 10000 48 44 
40 80 10000 10000 50 28 10000 10000 22 
130 10000 10000 10000 10000 10000 85 10000 10000 
110 10000 10000 10000 10000 10000 10000 10000 10000 
350 10000 10000 10000 438 10000 228 10000 193 
140 10000 10000 10000 175 10000 10000 10000 77 
240 10000 420 10000 300 10000 156 10000 132 
240 10000 10000 10000 10000 168 10000 10000 10000 
90 10000 10000 10000 10000 10000 59 54 10000 
54 10000 95 10000 10000 10000 36 10000 10000 
294 10000 10000 10000 10000 10000 10000 10000 10000 
203 10000 356 10000 10000 10000 132 10000 10000 
150 300 263 10000 10000 105 98 90 83 
270 10000 10000 405 338 189 10000 162 149 
155 10000 10000 10000 194 10000 101 93 86 
190 10000 10000 285 238 10000 10000 114 105 
78 10000 10000 10000 10000 10000 10000 10000 10000 
140 10000 10000 210 10000 10000 91 84 10000 
241 10000 10000 10000 10000 10000 157 10000 133 
430 860 10000 645 10000 301 10000 258 237 
90 10000 10000 10000 10000 10000 10000 54 10000 
110 10000 10000 10000 10000 77 10000 10000 61 
9 10000 10000 10000 10000 10000 6 6 10000 
430 860 753 10000 538 301 280 258 237 
130 10000 10000 10000 10000 10000 10000 10000 10000 
289 10000 10000 10000 362 10000 10000 10000 159 
110 10000 10000 10000 10000 10000 72 66 10000 
160 10000 280 10000 200 10000 104 96 88 
442 884 10000 663 10000 310 10000 266 10000 
159 10000 10000 10000 10000 10000 10000 10000 10000 
250 10000 10000 10000 313 10000 10000 150 138 
190 10000 10000 10000 10000 10000 124 10000 105 
184 10000 10000 10000 10000 129 120 10000 102 
690 1380 10000 10000 10000 483 10000 10000 380 
72 144 126 10000 10000 51 47 10000 10000 
190 10000 333 10000 238 133 124 10000 105 
190 10000 333 10000 10000 10000 124 10000 105 
90 180 10000 10000 10000 63 59 54 10000 
889 10000 1556 10000 1112 10000 578 10000 489 
170 340 10000 10000 10000 119 10000 102 10000 
155 10000 10000 10000 194 10000 10000 93 86 
190 10000 10000 10000 10000 133 124 10000 10000 
130 260 10000 195 10000 91 85 78 72 
390 10000 10000 10000 488 10000 10000 10000 215 
301 10000 10000 10000 10000 10000 10000 181 166 
54 108 10000 10000 68 38 10000 10000 30 
227 10000 10000 341 10000 10000 148 137 125 
142 10000 10000 10000 10000 10000 93 10000 79 
184 10000 10000 10000 10000 10000 10000 10000 10000 
741 10000 1297 10000 10000 519 482 10000 10000 
868 10000 10000 10000 10000 10000 10000 10000 10000 
230 10000 10000 10000 288 10000 150 10000 127 
121 10000 10000 182 10000 10000 10000 73 67 
320 10000 10000 10000 400 10000 208 192 176 
126 10000 10000 10000 10000 10000 10000 10000 10000 
440 10000 10000 10000 10000 10000 10000 10000 242 
127 10000 10000 10000 10000 10000 10000 10000 70 
134 10000 10000 10000 10000 94 10000 81 10000 
150 10000 10000 10000 10000 105 10000 90 10000 
140 10000 10000 10000 10000 10000 91 10000 77 
110 10000 10000 10000 138 10000 10000 10000 61 
320 10000 560 10000 10000 10000 208 10000 176 
250 10000 10000 10000 313 10000 10000 150 138 
232 10000 10000 10000 290 10000 10000 140 128 
188 10000 10000 282 235 10000 123 113 104 
250 10000 10000 10000 10000 10000 10000 10000 138 
377 10000 10000 10000 10000 10000 10000 227 10000 
90 10000 10000 10000 113 10000 10000 10000 50 
140 10000 10000 10000 175 10000 91 84 77 
90 10000 158 10000 10000 10000 59 54 50 
90 10000 158 10000 10000 63 59 54 50 
70 10000 10000 10000 10000 49 10000 42 39 
90 180 10000 135 113 63 10000 54 50 
110 220 10000 10000 10000 77 10000 66 61 
150 10000 10000 225 10000 105 98 90 83 
101 10000 10000 10000 10000 71 10000 10000 10000 
377 10000 10000 566 10000 10000 246 227 208 
118 10000 10000 10000 10000 83 10000 10000 65 
290 10000 10000 10000 363 10000 10000 174 160 
209 418 10000 10000 10000 147 10000 126 10000 
150 10000 263 10000 188 10000 98 90 83 
150 10000 10000 10000 10000 10000 98 10000 10000 
79 158 10000 10000 10000 56 10000 48 10000 
150 10000 10000 10000 10000 10000 10000 10000 10000 
91 10000 10000 10000 10000 10000 60 55 10000 
59 10000 10000 10000 10000 10000 10000 10000 10000 
218 10000 10000 10000 10000 10000 10000 131 120 
351 10000 10000 10000 10000 10000 10000 10000 194 
873 10000 10000 10000 10000 10000 568 10000 481 
130 10000 10000 195 10000 10000 85 78 72 
68 10000 119 10000 85 10000 45 10000 38 
126 10000 10000 10000 10000 10000 10000 10000 70 
120 10000 10000 180 10000 10000 10000 72 66 
227 10000 10000 10000 284 10000 10000 10000 125 
198 10000 10000 10000 248 10000 129 10000 109 
132 10000 10000 10000 165 10000 10000 10000 73 
121 10000 10000 10000 10000 85 10000 10000 67 
150 300 10000 225 10000 105 10000 90 10000 
100 10000 10000 150 125 10000 10000 60 55 
38 10000 67 57 10000 10000 25 23 10000 
70 10000 123 10000 10000 10000 46 10000 39 
355 10000 10000 10000 10000 10000 10000 10000 10000 
284 10000 10000 10000 10000 10000 185 10000 10000 
122 244 10000 10000 10000 86 10000 10000 68 
75 10000 10000 10000 10000 10000 10000 10000 42 
160 320 280 10000 200 112 104 96 88 
140 280 245 10000 175 98 91 10000 77 
520 10000 10000 10000 10000 10000 10000 312 10000 
99 10000 174 10000 10000 10000 65 10000 10000 
182 10000 319 10000 10000 10000 119 10000 10000 
80 10000 140 120 10000 10000 52 48 44 
514 1028 10000 10000 10000 360 10000 10000 10000 
96 192 10000 144 120 68 10000 58 53 
50 100 88 10000 63 35 33 10000 28 
272 10000 10000 408 10000 10000 177 164 150 
226 10000 396 339 10000 10000 147 136 10000 
194 388 10000 291 10000 136 10000 117 10000 
164 10000 287 246 10000 115 107 99 10000 
96 10000 10000 10000 10000 10000 63 10000 10000 
107 10000 10000 10000 10000 10000 10000 10000 59 
108 10000 10000 10000 10000 76 10000 65 10000 
167 10000 10000 10000 209 10000 109 10000 92 
98 10000 10000 10000 123 10000 10000 59 54 
82 164 10000 123 10000 58 10000 50 46 
482 964 10000 723 10000 338 314 290 266 
72 10000 10000 10000 10000 51 10000 44 10000 
50 10000 10000 10000 10000 10000 10000 10000 10000 
130 10000 10000 10000 10000 10000 10000 10000 10000 
230 10000 10000 10000 288 161 10000 10000 127 
50 10000 10000 10000 10000 35 33 10000 10000 
240 10000 10000 10000 10000 168 10000 144 10000 
190 10000 10000 10000 10000 10000 10000 10000 10000 
190 10000 333 285 10000 133 124 114 105 
240 10000 420 10000 10000 10000 156 10000 132 
74 148 10000 10000 10000 52 49 10000 10000 
139 10000 10000 10000 10000 98 91 84 10000 
339 10000 10000 10000 10000 10000 10000 204 10000 
260 520 10000 10000 10000 182 10000 10000 10000 
132 10000 10000 10000 10000 93 10000 80 73 
550 10000 10000 10000 10000 10000 10000 10000 303 
420 10000 10000 630 10000 10000 10000 252 10000 
152 10000 10000 10000 10000 107 99 92 84 
12 10000 21 10000 10000 9 8 8 10000 
90 10000 10000 10000 10000 10000 10000 54 10000 
5 10000 10000 10000 10000 10000 10000 10000 10000 
128 10000 10000 10000 10000 90 10000 10000 10000 
100 10000 10000 150 125 10000 10000 60 55 
120 10000 10000 10000 10000 10000 10000 72 66 
100 10000 10000 150 125 10000 65 60 55 
320 640 560 10000 10000 224 208 10000 10000 
835 10000 10000 10000 10000 10000 10000 10000 10000 
740 10000 10000 10000 925 10000 481 10000 407 
223 10000 10000 10000 10000 10000 145 10000 10000 
100 10000 10000 150 10000 10000 10000 60 10000 
390 10000 683 10000 10000 10000 254 10000 10000 
140 10000 10000 210 10000 10000 91 84 10000 
304 10000 10000 10000 10000 10000 10000 10000 168 
120 10000 10000 10000 10000 84 10000 10000 10000 
403 10000 10000 605 504 10000 10000 242 222 
21 10000 10000 10000 10000 10000 10000 13 12 
246 10000 10000 10000 308 10000 160 10000 136 
160 10000 10000 10000 10000 112 104 96 10000 
1019 2038 10000 10000 10000 714 663 10000 561 
34 10000 10000 10000 10000 10000 23 21 10000 
120 240 210 10000 10000 84 78 10000 66 
68 136 119 10000 10000 48 45 10000 38 
910 10000 10000 10000 1138 10000 10000 10000 501 
302 604 10000 10000 10000 212 10000 182 10000 
778 10000 10000 1167 10000 10000 506 467 10000 
101 10000 10000 152 10000 10000 10000 61 10000 
1310 10000 10000 10000 10000 10000 10000 786 10000 
20 10000 10000 10000 10000 14 13 12 10000 
278 10000 10000 10000 10000 10000 181 10000 153 
81 10000 10000 10000 10000 10000 10000 10000 10000 
290 10000 10000 10000 10000 10000 189 10000 10000 
100 10000 10000 150 10000 70 10000 60 10000 
372 10000 10000 10000 10000 10000 242 10000 10000 
72 10000 10000 10000 10000 51 47 10000 10000 
28 10000 10000 10000 10000 10000 10000 10000 10000 
90 10000 10000 10000 10000 10000 10000 54 10000 
250 10000 10000 10000 10000 10000 163 10000 10000 
144 10000 10000 10000 180 101 10000 10000 80 
303 606 531 10000 10000 213 197 182 10000 
220 10000 10000 10000 10000 154 143 10000 10000 
58 10000 102 10000 10000 41 38 10000 10000 
224 10000 10000 10000 10000 157 10000 10000 10000 
211 10000 10000 10000 10000 10000 10000 127 10000 
99 10000 174 10000 10000 10000 65 10000 55 
44 10000 77 66 10000 10000 29 27 25 
120 10000 10000 10000 10000 10000 78 10000 10000 
70 10000 123 10000 88 10000 46 10000 39 
421 10000 10000 10000 10000 10000 274 10000 232 
231 10000 10000 10000 10000 10000 151 139 10000 
214 10000 10000 10000 10000 10000 10000 129 118 
196 10000 10000 10000 10000 10000 10000 10000 108 
280 10000 10000 420 10000 196 10000 168 10000 
398 796 10000 10000 498 279 10000 10000 219 
72 10000 10000 10000 10000 10000 10000 10000 40 
280 10000 490 420 10000 10000 182 168 10000 
356 10000 10000 10000 10000 10000 10000 10000 10000 
193 10000 10000 10000 10000 10000 10000 10000 10000 
140 280 10000 10000 10000 98 10000 84 77 
130 10000 10000 195 10000 10000 10000 78 10000 
300 10000 10000 10000 375 210 10000 10000 165 
456 10000 10000 10000 10000 320 10000 10000 251 
7 10000 10000 10000 10000 10000 5 5 10000 
170 10000 10000 10000 213 10000 10000 10000 94 
252 10000 10000 378 10000 10000 164 152 139 
210 10000 10000 10000 10000 147 137 10000 116 
308 10000 10000 10000 10000 10000 201 10000 10000 
308 616 10000 10000 10000 216 10000 185 10000 
121 10000 10000 182 10000 85 10000 73 67 
52 10000 91 10000 10000 10000 34 10000 10000 
426 852 10000 639 10000 299 10000 256 235 
104 10000 10000 10000 10000 73 68 10000 58 
1386 10000 10000 10000 10000 10000 10000 10000 763 
527 1054 10000 10000 10000 369 10000 10000 10000 
968 10000 1694 1452 10000 678 630 581 10000 
1047 10000 10000 10000 10000 10000 10000 10000 10000 
538 1076 10000 10000 673 377 350 10000 296 
