29
13
4
9.44
12.77
15.87
22.04
36
1 3
1 25
2 6
2 26
3 4
4 5
5 8
5 13
6 8
7 9
7 12
7 25
8 11
8 16
9 10
10 14
10 15
11 17
12 15
13 17
14 16
15 19
16 18
17 20
18 22
19 21
20 23
21 22
22 23
23 24
23 28
24 29
25 29
26 27
27 29
28 29
7 10000 13 10000 9 10000 5 10000 4 
19 10000 10000 10000 10000 10000 10000 12 10000 
15 10000 10000 10000 10000 10000 10 10000 9 
5 10 9 10000 10000 4 4 10000 10000 
12 10000 10000 10000 15 10000 8 8 7 
10 10000 10000 10000 10000 10000 10000 10000 10000 
8 16 10000 10000 10000 6 6 5 10000 
16 10000 10000 10000 10000 10000 10000 10 10000 
2 10000 10000 10000 10000 10000 10000 2 10000 
6 10000 10000 10000 10000 5 10000 10000 10000 
21 42 10000 10000 10000 15 10000 10000 12 
10 10000 10000 10000 10000 10000 10000 10000 10000 
9 10000 10000 14 10000 10000 10000 6 10000 
4 10000 10000 10000 5 10000 10000 10000 3 
14 10000 10000 10000 10000 10000 10 10000 10000 
7 14 13 10000 10000 5 5 10000 10000 
14 10000 10000 10000 10000 10000 10 10000 10000 
17 10000 30 10000 10000 10000 12 10000 10 
10 10000 18 10000 13 10000 7 10000 6 
16 10000 10000 10000 10000 10000 10000 10 9 
1 10000 10000 10000 2 1 10000 10000 1 
9 18 10000 10000 10000 7 6 10000 5 
25 10000 10000 10000 32 10000 10000 10000 14 
14 10000 10000 10000 10000 10000 10000 10000 10000 
14 10000 10000 10000 10000 10000 10000 10000 8 
2 10000 10000 3 3 2 10000 2 2 
10 20 10000 10000 10000 7 10000 6 6 
7 10000 10000 10000 10000 10000 5 10000 4 
20 10000 10000 30 10000 10000 13 12 10000 
