29
7
4
10.02
15.44
16.42
19.12
36
1 3
1 25
2 6
2 26
3 4
4 5
5 8
5 13
6 8
7 9
7 12
7 25
8 11
8 16
9 10
10 14
10 15
11 17
12 15
13 17
14 16
15 19
16 18
17 20
18 22
19 21
20 23
21 22
22 23
23 24
23 28
24 29
25 29
26 27
27 29
28 29
7 10000 10000 10000 10000 5 10000 10000 4 
19 10000 10000 29 10000 10000 10000 12 11 
15 10000 10000 10000 10000 10000 10 9 9 
5 10000 10000 10000 10000 10000 4 3 10000 
12 10000 21 10000 10000 10000 8 10000 10000 
10 10000 10000 10000 13 10000 10000 6 6 
8 10000 10000 10000 10 10000 10000 10000 5 
16 10000 10000 10000 10000 12 10000 10000 9 
2 10000 10000 3 3 10000 10000 2 2 
6 10000 10000 10000 8 10000 10000 10000 4 
21 10000 10000 10000 27 15 10000 10000 12 
10 10000 10000 10000 10000 10000 10000 6 10000 
9 10000 16 10000 12 10000 6 10000 5 
4 10000 10000 6 10000 10000 3 3 3 
14 10000 25 10000 10000 10000 10 10000 8 
7 10000 10000 10000 10000 10000 10000 10000 4 
14 10000 10000 10000 10000 10000 10000 10000 10000 
17 10000 30 10000 10000 10000 12 10000 10000 
10 10000 18 10000 10000 10000 7 10000 10000 
16 10000 10000 10000 10000 12 11 10000 10000 
1 10000 2 10000 10000 10000 1 10000 10000 
9 10000 10000 10000 10000 10000 10000 6 5 
25 10000 44 10000 10000 10000 17 10000 14 
14 10000 10000 10000 18 10000 10000 10000 8 
14 10000 10000 10000 18 10 10000 10000 8 
2 4 4 10000 10000 2 2 10000 2 
10 20 10000 15 13 7 10000 6 6 
7 10000 10000 10000 10000 10000 5 10000 10000 
20 40 10000 10000 10000 14 10000 10000 10000 
