30
12
4
10.42
12.85
16.07
21.16
32
1 4
1 5
2 11
2 12
3 16
3 17
4 7
5 6
6 7
7 8
8 9
9 26
10 24
12 13
13 14
14 15
14 20
15 22
16 20
17 18
18 19
20 21
20 24
21 22
22 23
23 27
24 25
25 26
26 27
27 28
27 29
29 30
8 10000 14 10000 10000 6 6 10000 10000 
7 10000 10000 10000 10000 10000 10000 10000 10000 
19 10000 10000 10000 10000 10000 10000 12 10000 
10 10000 18 10000 10000 10000 7 10000 10000 
2 10000 10000 3 10000 10000 10000 2 2 
6 10000 11 10000 10000 5 4 10000 10000 
14 10000 10000 10000 10000 10 10000 10000 8 
10 10000 10000 10000 10000 10000 10000 10000 10000 
1 10000 10000 10000 2 10000 10000 10000 1 
4 10000 10000 6 5 10000 10000 3 3 
14 10000 10000 10000 18 10000 10000 9 8 
15 10000 10000 10000 10000 10000 10 10000 10000 
5 10000 10000 10000 10000 10000 4 3 10000 
12 24 10000 18 10000 9 10000 8 10000 
9 10000 10000 14 10000 7 10000 6 5 
10 10000 10000 10000 10000 10000 7 10000 10000 
2 10000 10000 10000 10000 2 10000 2 2 
10 20 10000 15 10000 7 10000 6 6 
18 10000 10000 10000 10000 10000 12 10000 10000 
16 10000 10000 10000 10000 10000 10000 10000 10000 
21 10000 10000 10000 27 10000 14 10000 12 
14 10000 10000 10000 18 10000 10000 10000 8 
16 10000 10000 10000 10000 12 10000 10000 10000 
7 10000 10000 10000 10000 10000 10000 10000 10000 
17 10000 10000 10000 22 12 10000 10000 10 
9 10000 10000 10000 10000 10000 10000 10000 10000 
25 10000 10000 38 32 18 10000 15 14 
7 10000 10000 10000 10000 10000 5 10000 4 
14 10000 10000 10000 10000 10000 10000 9 10000 
2 10000 10000 10000 3 2 2 2 2 
