32
10
4
10.57
15.22
18.41
21.02
38
1 5
2 6
3 9
4 15
5 6
6 7
6 8
6 9
7 21
8 21
9 10
9 11
10 16
11 12
12 13
13 14
13 15
14 16
14 17
15 17
16 18
17 19
18 21
19 20
20 21
21 22
21 23
21 24
22 25
23 32
24 32
25 26
26 27
27 28
28 29
29 30
30 31
31 32
458 916 10000 687 573 321 298 275 252 
276 10000 10000 10000 345 10000 10000 10000 152 
520 10000 10000 780 650 10000 10000 312 286 
1400 2800 10000 10000 10000 980 10000 10000 10000 
352 10000 10000 10000 440 10000 10000 212 194 
196 392 10000 10000 10000 138 10000 118 10000 
214 10000 375 10000 268 10000 140 10000 118 
456 912 10000 684 10000 320 10000 274 10000 
646 10000 1131 10000 10000 10000 420 388 10000 
512 10000 10000 768 10000 10000 10000 308 10000 
408 10000 10000 10000 10000 10000 10000 245 225 
262 10000 10000 10000 10000 10000 171 10000 10000 
544 10000 10000 10000 10000 10000 10000 10000 10000 
202 404 354 10000 10000 142 132 122 10000 
458 10000 10000 10000 10000 10000 10000 10000 10000 
694 10000 10000 10000 10000 10000 10000 417 382 
616 10000 10000 10000 10000 10000 401 370 10000 
678 10000 1187 10000 10000 10000 441 407 373 
328 10000 10000 10000 10000 10000 10000 10000 181 
324 10000 10000 10000 10000 10000 10000 10000 10000 
100 200 10000 10000 125 70 10000 10000 55 
352 704 616 10000 10000 247 229 10000 10000 
544 10000 10000 10000 10000 10000 354 10000 10000 
500 10000 10000 750 10000 10000 10000 300 275 
382 764 669 10000 10000 268 249 230 211 
858 10000 10000 10000 10000 10000 558 515 10000 
388 776 10000 582 10000 272 10000 233 214 
352 10000 10000 528 440 10000 229 212 194 
428 856 749 10000 10000 300 279 10000 236 
238 10000 10000 10000 10000 10000 155 10000 131 
258 10000 10000 387 10000 10000 10000 155 142 
196 10000 10000 10000 10000 10000 128 10000 108 
