32
9
4
9.78
15.50
16.33
24.59
38
1 5
2 6
3 9
4 15
5 6
6 7
6 8
6 9
7 21
8 21
9 10
9 11
10 16
11 12
12 13
13 14
13 15
14 16
14 17
15 17
16 18
17 19
18 21
19 20
20 21
21 22
21 23
21 24
22 25
23 32
24 32
25 26
26 27
27 28
28 29
29 30
30 31
31 32
458 916 10000 10000 10000 321 10000 10000 10000 
276 10000 10000 10000 10000 194 10000 10000 10000 
520 1040 10000 10000 650 364 10000 10000 286 
1400 2800 10000 2100 1750 980 10000 840 770 
352 10000 10000 10000 440 10000 10000 10000 194 
196 10000 10000 10000 10000 10000 10000 10000 108 
214 10000 10000 321 268 10000 10000 129 118 
456 10000 10000 10000 570 10000 10000 10000 251 
646 1292 10000 969 10000 453 10000 388 10000 
512 10000 10000 10000 10000 10000 10000 10000 282 
408 816 714 10000 10000 286 266 245 10000 
262 10000 10000 393 10000 10000 10000 158 10000 
544 10000 952 10000 10000 10000 354 10000 10000 
202 10000 10000 10000 253 142 132 122 112 
458 10000 10000 10000 10000 10000 10000 10000 10000 
694 10000 1215 10000 10000 10000 452 10000 382 
616 10000 10000 10000 10000 432 10000 10000 10000 
678 10000 1187 10000 10000 10000 441 10000 10000 
328 10000 10000 10000 10000 10000 214 197 10000 
324 648 10000 10000 10000 227 211 10000 179 
100 10000 175 10000 10000 70 65 10000 10000 
352 10000 10000 10000 10000 247 10000 212 194 
544 1088 952 10000 10000 381 354 327 300 
500 10000 10000 750 10000 10000 10000 300 275 
382 10000 10000 10000 478 10000 249 230 211 
858 10000 10000 10000 1073 10000 10000 10000 472 
388 10000 10000 10000 10000 10000 10000 233 10000 
352 10000 10000 10000 10000 247 229 10000 194 
428 856 10000 10000 535 300 10000 257 236 
238 10000 417 10000 10000 10000 155 143 10000 
258 10000 10000 387 10000 10000 10000 155 142 
196 10000 343 10000 10000 138 128 10000 10000 
