32
8
4
10.56
14.05
16.31
19.57
38
1 5
2 6
3 9
4 15
5 6
6 7
6 8
6 9
7 21
8 21
9 10
9 11
10 16
11 12
12 13
13 14
13 15
14 16
14 17
15 17
16 18
17 19
18 21
19 20
20 21
21 22
21 23
21 24
22 25
23 32
24 32
25 26
26 27
27 28
28 29
29 30
30 31
31 32
458 10000 10000 687 10000 321 298 275 10000 
276 10000 483 10000 10000 10000 180 10000 10000 
520 10000 910 10000 10000 10000 338 10000 286 
1400 10000 10000 10000 10000 10000 910 840 770 
352 704 616 10000 10000 247 229 10000 194 
196 10000 343 10000 245 10000 128 10000 108 
214 10000 10000 321 10000 10000 140 129 10000 
456 10000 10000 10000 10000 10000 10000 274 10000 
646 10000 10000 10000 10000 10000 10000 10000 356 
512 10000 10000 768 10000 10000 333 308 10000 
408 10000 10000 612 10000 286 10000 245 225 
262 10000 10000 10000 10000 10000 10000 10000 145 
544 10000 10000 10000 680 10000 10000 327 300 
202 10000 354 10000 10000 10000 132 122 112 
458 916 10000 10000 573 321 10000 275 252 
694 10000 1215 10000 10000 486 452 10000 382 
616 1232 10000 10000 770 432 401 10000 339 
678 10000 1187 1017 10000 475 441 407 10000 
328 656 10000 492 10000 230 214 197 181 
324 10000 10000 10000 10000 10000 10000 10000 10000 
100 200 10000 10000 10000 70 10000 60 10000 
352 10000 10000 10000 440 10000 229 212 194 
544 1088 952 10000 10000 381 354 327 10000 
500 10000 875 10000 10000 10000 325 10000 275 
382 10000 10000 573 10000 10000 249 230 10000 
858 1716 10000 1287 10000 601 10000 515 10000 
388 776 10000 10000 10000 272 10000 10000 10000 
352 10000 10000 10000 10000 10000 229 10000 194 
428 10000 10000 10000 10000 10000 279 257 10000 
238 476 10000 10000 10000 167 155 10000 131 
258 10000 10000 10000 323 10000 10000 10000 142 
196 10000 343 10000 10000 10000 128 118 108 
