32
12
4
10.33
15.24
16.34
23.06
38
1 5
2 6
3 9
4 15
5 6
6 7
6 8
6 9
7 21
8 21
9 10
9 11
10 16
11 12
12 13
13 14
13 15
14 16
14 17
15 17
16 18
17 19
18 21
19 20
20 21
21 22
21 23
21 24
22 25
23 32
24 32
25 26
26 27
27 28
28 29
29 30
30 31
31 32
458 10000 10000 10000 10000 10000 10000 275 10000 
276 552 10000 10000 10000 194 10000 10000 10000 
520 10000 10000 10000 10000 10000 10000 10000 286 
1400 2800 10000 2100 10000 980 10000 840 10000 
352 10000 10000 10000 10000 247 10000 10000 194 
196 10000 10000 10000 10000 10000 10000 118 108 
214 10000 10000 10000 268 150 10000 10000 118 
456 10000 10000 10000 570 10000 297 10000 251 
646 10000 1131 969 10000 453 420 388 10000 
512 10000 10000 768 10000 10000 10000 308 10000 
408 816 10000 10000 510 286 266 10000 225 
262 10000 10000 393 10000 10000 10000 158 10000 
544 10000 952 816 10000 10000 354 327 300 
202 404 10000 10000 10000 142 10000 10000 10000 
458 10000 10000 10000 10000 10000 10000 275 10000 
694 10000 1215 1041 10000 486 452 417 10000 
616 10000 1078 10000 10000 10000 401 10000 339 
678 10000 10000 10000 10000 10000 441 407 10000 
328 656 574 10000 10000 230 214 197 10000 
324 10000 10000 10000 10000 10000 211 10000 10000 
100 10000 175 10000 10000 70 65 10000 55 
352 10000 10000 10000 10000 10000 10000 212 10000 
544 10000 10000 10000 10000 381 10000 327 10000 
500 10000 10000 10000 625 10000 10000 10000 275 
382 764 10000 10000 10000 268 249 10000 211 
858 10000 10000 10000 10000 10000 10000 10000 10000 
388 10000 10000 10000 10000 10000 10000 233 10000 
352 704 616 10000 440 247 229 212 194 
428 856 10000 10000 535 300 10000 10000 236 
238 10000 417 10000 298 10000 155 10000 131 
258 10000 10000 10000 323 181 168 10000 142 
196 10000 10000 10000 10000 10000 10000 10000 108 
