35
10
4
10.23
13.25
15.93
24.69
45
1 2
1 5
1 7
1 10
1 12
2 3
3 4
4 11
5 6
6 7
6 8
7 14
7 18
8 9
9 13
10 14
11 28
11 33
12 18
13 28
13 33
14 15
15 16
16 21
17 20
18 19
19 20
20 21
21 22
21 25
21 30
21 32
22 23
23 24
24 27
25 26
26 27
27 28
27 33
27 34
28 29
30 31
31 32
32 33
33 35
29 10000 51 10000 10000 21 19 18 10000 
3 10000 10000 10000 4 3 2 2 2 
5 10000 10000 8 10000 10000 10000 3 10000 
22 10000 10000 10000 28 10000 10000 10000 13 
6 10000 11 10000 10000 10000 4 10000 4 
14 10000 10000 10000 10000 10000 10 9 8 
2 10000 10000 10000 10000 10000 2 10000 10000 
5 10000 10000 8 7 10000 10000 3 3 
22 10000 10000 10000 10000 10000 10000 14 10000 
30 10000 10000 45 10000 10000 20 18 17 
23 10000 10000 10000 29 17 15 10000 13 
30 10000 53 10000 10000 10000 20 18 10000 
23 10000 10000 10000 10000 17 15 10000 10000 
2 10000 4 10000 10000 10000 2 10000 10000 
19 10000 10000 10000 10000 14 13 10000 11 
29 10000 10000 44 10000 21 10000 18 16 
2 4 10000 10000 10000 2 10000 2 10000 
2 10000 10000 3 10000 10000 2 2 10000 
19 10000 10000 29 10000 10000 10000 12 11 
29 10000 10000 10000 10000 21 10000 10000 10000 
6 10000 10000 9 10000 5 10000 4 10000 
10 10000 10000 10000 10000 10000 10000 6 10000 
16 10000 10000 10000 10000 10000 10000 10000 10000 
23 10000 10000 10000 10000 10000 10000 10000 13 
5 10000 10000 10000 10000 4 10000 10000 10000 
5 10000 9 10000 10000 4 4 10000 10000 
5 10000 10000 10000 10000 10000 10000 10000 10000 
40 10000 10000 10000 10000 10000 10000 10000 22 
2 10000 10000 3 10000 2 10000 2 2 
5 10000 10000 10000 10000 10000 10000 10000 3 
5 10000 9 10000 10000 10000 4 10000 10000 
1 10000 10000 2 10000 10000 10000 1 1 
40 10000 70 10000 10000 10000 26 10000 10000 
2 10000 4 10000 10000 10000 2 10000 10000 
2 4 10000 10000 10000 2 10000 10000 10000 
