45
7
4
9.56
13.56
17.27
19.27
62
1 3
1 7
2 4
2 8
3 5
4 6
5 9
6 10
7 9
7 14
8 10
8 14
9 41
10 41
11 13
12 13
12 37
13 14
13 15
14 17
14 25
14 29
14 30
14 31
14 32
15 16
15 18
15 23
15 24
16 19
17 26
17 27
18 19
19 20
19 33
20 21
21 22
22 28
23 33
24 33
25 26
26 38
27 28
27 33
28 38
29 41
30 41
31 41
32 41
33 34
33 35
33 36
34 38
35 40
36 38
37 43
38 40
39 41
40 41
41 42
42 44
42 45
9 10000 10000 10000 10000 10000 10000 10000 10000 
9 10000 16 14 12 10000 6 6 5 
10 10000 10000 15 10000 10000 10000 6 10000 
10 10000 18 10000 13 10000 7 10000 6 
17 10000 30 10000 10000 10000 12 10000 10000 
17 10000 30 10000 22 10000 12 10000 10 
13 10000 10000 10000 17 10000 10000 10000 8 
13 10000 10000 10000 17 10000 10000 8 8 
20 10000 10000 10000 10000 14 10000 10000 10000 
20 40 10000 10000 10000 14 13 10000 10000 
10 20 18 10000 10000 7 7 10000 10000 
11 10000 20 10000 10000 8 8 10000 10000 
6 10000 10000 10000 8 10000 10000 4 4 
22 10000 10000 10000 28 10000 15 14 13 
11 10000 10000 10000 10000 10000 8 10000 10000 
19 10000 10000 10000 24 10000 10000 10000 11 
12 10000 10000 18 10000 10000 10000 8 7 
3 6 10000 10000 4 3 10000 10000 2 
7 14 10000 11 9 5 10000 5 4 
4 10000 7 10000 10000 10000 3 10000 10000 
55 10000 10000 10000 10000 10000 10000 33 10000 
14 10000 10000 10000 10000 10000 10000 9 8 
27 10000 10000 41 10000 19 18 17 15 
29 10000 10000 10000 10000 10000 10000 18 10000 
26 10000 10000 10000 10000 19 10000 10000 15 
6 10000 10000 10000 10000 10000 10000 10000 10000 
5 10 10000 10000 10000 4 4 3 10000 
24 10000 10000 10000 10000 10000 10000 10000 10000 
4 10000 10000 10000 10000 10000 10000 10000 10000 
5 10000 9 10000 10000 10000 4 3 3 
7 14 10000 10000 10000 5 5 5 10000 
4 10000 10000 10000 10000 10000 3 3 10000 
15 10000 27 23 19 11 10 9 9 
3 10000 10000 10000 10000 3 10000 10000 2 
7 14 13 10000 9 5 5 10000 4 
9 10000 10000 10000 10000 10000 10000 6 10000 
4 10000 10000 6 10000 10000 10000 3 10000 
7 10000 13 10000 10000 10000 5 5 4 
5 10000 10000 10000 10000 10000 10000 10000 10000 
4 10000 10000 10000 10000 3 10000 10000 10000 
21 10000 10000 32 27 10000 10000 13 12 
12 24 21 10000 15 9 8 8 7 
6 12 10000 9 10000 5 4 4 4 
5 10000 9 10000 10000 10000 4 10000 10000 
5 10000 10000 10000 7 10000 10000 10000 3 
