45
6
4
9.92
14.57
16.72
20.04
62
1 3
1 7
2 4
2 8
3 5
4 6
5 9
6 10
7 9
7 14
8 10
8 14
9 41
10 41
11 13
12 13
12 37
13 14
13 15
14 17
14 25
14 29
14 30
14 31
14 32
15 16
15 18
15 23
15 24
16 19
17 26
17 27
18 19
19 20
19 33
20 21
21 22
22 28
23 33
24 33
25 26
26 38
27 28
27 33
28 38
29 41
30 41
31 41
32 41
33 34
33 35
33 36
34 38
35 40
36 38
37 43
38 40
39 41
40 41
41 42
42 44
42 45
9 10000 10000 10000 10000 10000 10000 10000 5 
9 10000 16 10000 10000 10000 6 10000 5 
10 10000 10000 15 10000 7 10000 6 10000 
10 10000 10000 10000 10000 10000 10000 6 10000 
17 10000 30 26 10000 10000 12 11 10000 
17 10000 10000 10000 10000 10000 12 10000 10000 
13 10000 10000 10000 10000 10000 9 10000 8 
13 10000 10000 20 10000 10000 10000 8 10000 
20 10000 10000 10000 10000 10000 13 10000 10000 
20 10000 10000 10000 25 10000 13 12 11 
10 10000 10000 10000 10000 10000 10000 6 10000 
11 10000 10000 10000 10000 10000 10000 7 10000 
6 10000 10000 10000 10000 10000 10000 10000 10000 
22 44 39 10000 10000 16 15 14 13 
11 22 20 10000 10000 8 8 10000 10000 
19 10000 10000 29 10000 14 10000 12 10000 
12 10000 10000 10000 15 10000 10000 8 7 
3 10000 10000 10000 10000 10000 2 10000 10000 
7 10000 10000 10000 10000 10000 10000 5 10000 
4 10000 10000 6 10000 3 10000 3 10000 
55 10000 10000 83 10000 10000 36 33 31 
14 10000 10000 10000 10000 10000 10000 10000 10000 
27 54 48 10000 10000 19 18 17 10000 
29 10000 10000 10000 10000 10000 10000 10000 10000 
26 10000 46 10000 10000 10000 17 10000 10000 
6 10000 11 10000 10000 10000 4 10000 10000 
5 10000 9 8 10000 4 4 3 10000 
24 10000 10000 36 30 10000 10000 15 14 
4 10000 10000 10000 5 10000 10000 3 3 
5 10000 10000 8 10000 10000 10000 3 3 
7 10000 10000 10000 10000 5 10000 10000 10000 
4 8 10000 6 10000 3 10000 3 3 
15 10000 27 23 10000 11 10 9 9 
3 10000 10000 10000 10000 10000 10000 10000 10000 
7 10000 13 11 10000 10000 5 5 10000 
9 18 10000 10000 10000 7 6 6 10000 
4 10000 10000 10000 10000 3 3 10000 10000 
7 14 10000 10000 10000 5 10000 5 4 
5 10 10000 8 10000 4 10000 3 10000 
4 8 10000 10000 10000 3 10000 3 3 
21 42 10000 10000 10000 15 10000 10000 12 
12 24 10000 18 10000 9 10000 8 10000 
6 10000 10000 10000 8 5 10000 4 4 
5 10 10000 10000 10000 4 4 10000 10000 
5 10000 10000 10000 10000 10000 10000 10000 3 
