53
9
4
9.23
12.78
20.08
22.53
82
1 2
1 3
1 4
1 5
1 6
1 7
2 36
3 36
4 9
5 9
6 9
7 9
8 9
9 10
10 11
11 12
12 13
12 14
12 15
13 16
13 17
13 18
14 22
15 16
15 17
16 29
16 30
16 31
17 19
18 42
19 20
19 21
19 22
20 23
21 24
22 25
23 36
24 36
25 26
26 27
27 28
28 29
28 30
28 31
28 32
28 33
28 34
29 35
30 35
31 35
32 35
33 35
34 35
35 36
36 37
37 38
37 39
37 40
38 41
39 41
40 41
41 42
42 43
42 44
42 45
42 46
42 47
43 48
44 49
45 51
45 52
46 50
47 51
47 52
48 51
48 52
49 51
49 52
50 51
50 52
51 53
52 53
971 10000 10000 10000 1214 10000 632 10000 535 
142 284 10000 213 10000 100 10000 86 79 
142 10000 10000 10000 10000 100 10000 86 79 
142 10000 10000 213 10000 10000 10000 86 10000 
103 10000 10000 10000 10000 10000 10000 10000 57 
96 10000 168 10000 120 10000 63 10000 53 
99 10000 10000 10000 10000 10000 10000 10000 55 
1207 10000 10000 10000 10000 10000 785 10000 10000 
160 10000 280 10000 10000 10000 104 10000 10000 
180 10000 10000 10000 10000 10000 10000 10000 10000 
82 10000 10000 10000 10000 10000 10000 50 10000 
60 10000 10000 90 10000 10000 10000 36 33 
112 10000 10000 10000 10000 10000 10000 10000 10000 
420 10000 10000 10000 525 10000 10000 10000 231 
1556 10000 10000 10000 1945 10000 10000 10000 856 
236 10000 10000 10000 10000 166 10000 10000 10000 
259 10000 10000 10000 10000 10000 10000 10000 10000 
125 250 10000 10000 157 88 10000 10000 69 
601 10000 10000 10000 10000 10000 10000 10000 331 
80 10000 10000 10000 100 10000 10000 10000 44 
80 10000 10000 10000 100 10000 10000 48 44 
70 10000 10000 10000 10000 49 10000 42 10000 
89 10000 156 10000 10000 63 58 10000 49 
89 10000 10000 10000 112 63 10000 10000 49 
105 10000 10000 10000 10000 74 69 10000 10000 
330 10000 10000 495 10000 10000 10000 198 10000 
132 10000 10000 198 10000 10000 10000 80 73 
69 10000 10000 10000 10000 10000 10000 42 10000 
99 10000 10000 10000 10000 10000 65 60 10000 
70 140 10000 105 88 49 10000 42 39 
70 10000 10000 10000 10000 49 46 10000 39 
158 10000 277 10000 198 10000 103 10000 87 
191 10000 10000 10000 10000 10000 10000 10000 10000 
70 140 123 10000 88 49 46 10000 39 
53 10000 93 80 10000 10000 35 32 30 
50 100 10000 10000 63 35 10000 10000 28 
125 10000 219 10000 10000 10000 82 75 10000 
353 10000 618 10000 10000 248 230 10000 195 
70 140 10000 10000 88 49 10000 10000 39 
128 10000 224 10000 10000 90 84 10000 10000 
65 10000 10000 98 10000 10000 10000 39 10000 
1775 10000 10000 10000 10000 10000 10000 10000 10000 
91 182 10000 10000 10000 64 10000 10000 51 
91 10000 10000 137 10000 10000 10000 55 10000 
113 10000 10000 10000 10000 10000 10000 10000 10000 
487 10000 10000 10000 10000 10000 10000 293 268 
138 10000 242 10000 10000 10000 90 83 10000 
80 10000 10000 10000 100 56 10000 10000 44 
80 10000 140 120 10000 56 52 48 44 
65 10000 10000 10000 10000 46 10000 10000 10000 
40 80 10000 60 10000 28 10000 24 10000 
742 10000 10000 10000 10000 10000 10000 10000 10000 
1085 10000 1899 10000 1357 10000 706 10000 597 
