53
7
4
9.22
15.27
19.62
23.94
82
1 2
1 3
1 4
1 5
1 6
1 7
2 36
3 36
4 9
5 9
6 9
7 9
8 9
9 10
10 11
11 12
12 13
12 14
12 15
13 16
13 17
13 18
14 22
15 16
15 17
16 29
16 30
16 31
17 19
18 42
19 20
19 21
19 22
20 23
21 24
22 25
23 36
24 36
25 26
26 27
27 28
28 29
28 30
28 31
28 32
28 33
28 34
29 35
30 35
31 35
32 35
33 35
34 35
35 36
36 37
37 38
37 39
37 40
38 41
39 41
40 41
41 42
42 43
42 44
42 45
42 46
42 47
43 48
44 49
45 51
45 52
46 50
47 51
47 52
48 51
48 52
49 51
49 52
50 51
50 52
51 53
52 53
971 10000 1700 1457 10000 680 632 583 10000 
142 10000 10000 213 10000 10000 10000 86 79 
142 10000 249 10000 10000 10000 93 10000 10000 
142 10000 10000 213 10000 100 10000 86 10000 
103 10000 10000 10000 10000 73 67 10000 57 
96 192 168 10000 10000 68 63 10000 53 
99 198 10000 10000 10000 70 65 10000 55 
1207 10000 10000 1811 10000 845 10000 725 10000 
160 10000 10000 240 10000 10000 10000 96 10000 
180 10000 10000 10000 10000 10000 10000 10000 10000 
82 10000 10000 123 10000 10000 10000 50 10000 
60 10000 10000 10000 10000 10000 10000 10000 10000 
112 10000 10000 10000 10000 10000 10000 68 62 
420 10000 735 630 10000 10000 273 252 231 
1556 10000 10000 2334 10000 10000 10000 934 10000 
236 10000 10000 10000 10000 10000 10000 10000 10000 
259 10000 10000 389 10000 182 169 156 10000 
125 10000 10000 10000 157 88 10000 75 69 
601 10000 10000 10000 752 10000 10000 10000 331 
80 10000 10000 10000 10000 10000 52 10000 10000 
80 10000 140 120 10000 10000 52 48 10000 
70 10000 123 105 10000 10000 46 42 39 
89 10000 10000 10000 10000 10000 58 10000 10000 
89 10000 10000 10000 10000 10000 10000 10000 49 
105 210 10000 10000 10000 74 10000 10000 58 
330 10000 10000 10000 413 10000 215 198 182 
132 10000 10000 10000 10000 93 10000 10000 73 
69 10000 10000 10000 87 49 10000 10000 38 
99 10000 174 149 124 10000 65 60 55 
70 10000 123 10000 10000 10000 46 10000 10000 
70 10000 10000 10000 88 10000 46 42 39 
158 10000 10000 237 10000 10000 103 95 10000 
191 10000 10000 10000 10000 134 10000 10000 10000 
70 10000 10000 10000 10000 10000 46 10000 39 
53 10000 10000 10000 10000 10000 35 10000 30 
50 10000 10000 10000 10000 10000 10000 10000 10000 
125 10000 10000 188 10000 10000 10000 75 69 
353 10000 10000 530 10000 10000 10000 212 195 
70 10000 123 10000 10000 49 46 10000 39 
128 10000 10000 192 160 10000 10000 77 71 
65 10000 10000 10000 10000 10000 10000 10000 10000 
1775 10000 10000 10000 2219 10000 10000 1065 977 
91 10000 160 10000 114 64 60 10000 51 
91 10000 10000 10000 10000 10000 10000 10000 51 
113 10000 198 10000 10000 10000 74 68 10000 
487 10000 853 10000 10000 341 317 10000 268 
138 10000 10000 207 10000 10000 10000 83 10000 
80 10000 140 10000 10000 56 52 10000 44 
80 10000 10000 10000 10000 10000 52 10000 10000 
65 10000 10000 98 82 10000 10000 39 36 
40 10000 10000 10000 10000 10000 10000 10000 10000 
742 10000 1299 10000 10000 10000 483 10000 10000 
1085 10000 10000 1628 10000 10000 706 651 10000 
