53
6
4
10.69
13.33
17.12
20.28
82
1 2
1 3
1 4
1 5
1 6
1 7
2 36
3 36
4 9
5 9
6 9
7 9
8 9
9 10
10 11
11 12
12 13
12 14
12 15
13 16
13 17
13 18
14 22
15 16
15 17
16 29
16 30
16 31
17 19
18 42
19 20
19 21
19 22
20 23
21 24
22 25
23 36
24 36
25 26
26 27
27 28
28 29
28 30
28 31
28 32
28 33
28 34
29 35
30 35
31 35
32 35
33 35
34 35
35 36
36 37
37 38
37 39
37 40
38 41
39 41
40 41
41 42
42 43
42 44
42 45
42 46
42 47
43 48
44 49
45 51
45 52
46 50
47 51
47 52
48 51
48 52
49 51
49 52
50 51
50 52
51 53
52 53
971 10000 10000 1457 1214 10000 632 583 535 
142 10000 10000 10000 10000 10000 10000 86 10000 
142 10000 10000 10000 10000 10000 10000 10000 10000 
142 10000 249 213 178 10000 93 86 79 
103 10000 10000 155 10000 10000 67 62 57 
96 10000 10000 144 10000 68 10000 58 53 
99 10000 10000 10000 10000 70 10000 10000 10000 
1207 10000 10000 10000 1509 10000 10000 10000 664 
160 10000 280 10000 10000 112 104 96 10000 
180 360 10000 10000 225 126 10000 108 99 
82 164 10000 123 103 58 54 50 46 
60 10000 105 90 10000 10000 39 36 33 
112 10000 10000 10000 10000 10000 73 10000 62 
420 10000 10000 10000 10000 10000 273 10000 231 
1556 3112 10000 2334 10000 1090 10000 934 856 
236 10000 413 354 10000 10000 154 142 10000 
259 10000 10000 389 10000 10000 169 156 143 
125 10000 10000 188 10000 10000 10000 75 10000 
601 10000 10000 902 10000 10000 10000 361 331 
80 10000 10000 10000 10000 10000 10000 48 44 
80 10000 10000 10000 100 10000 10000 10000 44 
70 10000 10000 10000 10000 10000 10000 10000 10000 
89 178 10000 134 10000 63 10000 54 10000 
89 10000 10000 10000 10000 63 58 54 10000 
105 10000 184 158 10000 74 69 63 10000 
330 10000 10000 10000 10000 10000 10000 10000 10000 
132 10000 10000 10000 10000 10000 10000 80 73 
69 138 10000 10000 10000 49 10000 10000 38 
99 10000 10000 149 10000 10000 10000 60 10000 
70 10000 10000 105 10000 49 10000 42 10000 
70 10000 10000 10000 10000 10000 10000 10000 39 
158 10000 277 10000 10000 111 103 95 87 
191 10000 10000 287 10000 10000 125 115 10000 
70 10000 123 10000 10000 49 46 10000 39 
53 10000 10000 10000 67 38 35 10000 30 
50 10000 88 10000 10000 10000 33 10000 28 
125 10000 10000 188 10000 10000 82 75 10000 
353 706 10000 530 10000 248 10000 212 195 
70 10000 10000 10000 10000 10000 10000 10000 10000 
128 256 224 10000 160 90 84 10000 71 
65 10000 10000 98 10000 10000 10000 39 10000 
1775 3550 10000 10000 10000 1243 10000 10000 10000 
91 10000 10000 10000 114 10000 60 55 51 
91 10000 10000 137 10000 10000 10000 55 51 
113 10000 198 10000 10000 80 74 10000 10000 
487 974 853 10000 609 341 317 293 268 
138 276 10000 10000 10000 97 10000 10000 10000 
80 10000 140 10000 10000 56 52 10000 10000 
80 10000 10000 10000 10000 10000 52 48 44 
65 130 114 98 10000 46 43 39 36 
40 10000 10000 10000 50 28 26 24 22 
742 1484 10000 10000 10000 520 10000 10000 10000 
1085 10000 10000 10000 1357 10000 10000 10000 597 
