53
5
4
9.77
14.95
17.78
18.99
82
1 2
1 3
1 4
1 5
1 6
1 7
2 36
3 36
4 9
5 9
6 9
7 9
8 9
9 10
10 11
11 12
12 13
12 14
12 15
13 16
13 17
13 18
14 22
15 16
15 17
16 29
16 30
16 31
17 19
18 42
19 20
19 21
19 22
20 23
21 24
22 25
23 36
24 36
25 26
26 27
27 28
28 29
28 30
28 31
28 32
28 33
28 34
29 35
30 35
31 35
32 35
33 35
34 35
35 36
36 37
37 38
37 39
37 40
38 41
39 41
40 41
41 42
42 43
42 44
42 45
42 46
42 47
43 48
44 49
45 51
45 52
46 50
47 51
47 52
48 51
48 52
49 51
49 52
50 51
50 52
51 53
52 53
971 10000 10000 10000 10000 10000 10000 583 10000 
142 10000 10000 10000 10000 100 10000 10000 10000 
142 284 10000 213 10000 100 93 86 79 
142 10000 10000 10000 10000 10000 10000 86 79 
103 10000 10000 10000 129 10000 10000 10000 57 
96 192 10000 10000 10000 68 63 58 10000 
99 10000 10000 149 10000 10000 10000 60 10000 
1207 2414 2113 10000 1509 845 785 725 664 
160 10000 10000 10000 10000 10000 10000 96 10000 
180 10000 10000 270 10000 10000 10000 108 10000 
82 164 10000 10000 103 58 10000 50 46 
60 10000 10000 10000 10000 10000 10000 10000 10000 
112 224 10000 10000 140 79 10000 68 62 
420 840 735 10000 10000 294 273 10000 10000 
1556 10000 10000 10000 10000 10000 10000 10000 10000 
236 472 10000 10000 10000 166 10000 142 10000 
259 518 10000 10000 324 182 169 156 143 
125 10000 10000 10000 10000 10000 10000 75 10000 
601 10000 1052 10000 10000 10000 391 10000 10000 
80 160 10000 10000 10000 56 10000 10000 10000 
80 160 10000 10000 10000 56 10000 10000 10000 
70 10000 10000 10000 10000 49 10000 10000 39 
89 178 156 10000 10000 63 58 10000 10000 
89 178 10000 10000 10000 63 58 10000 49 
105 10000 10000 10000 10000 74 10000 10000 10000 
330 10000 10000 10000 10000 10000 10000 198 10000 
132 264 10000 10000 10000 93 10000 80 10000 
69 10000 10000 104 10000 49 10000 42 10000 
99 10000 10000 10000 10000 70 65 10000 55 
70 10000 10000 10000 88 10000 10000 10000 39 
70 10000 10000 105 88 49 10000 42 39 
158 10000 10000 10000 10000 10000 10000 10000 10000 
191 382 10000 10000 10000 134 10000 10000 106 
70 140 10000 105 10000 49 10000 42 10000 
53 106 10000 10000 67 38 10000 10000 30 
50 10000 10000 10000 10000 10000 10000 10000 28 
125 250 10000 10000 157 88 10000 10000 69 
353 10000 10000 10000 10000 248 10000 10000 10000 
70 10000 123 10000 10000 10000 46 10000 39 
128 10000 10000 10000 10000 10000 84 77 10000 
65 10000 10000 98 10000 10000 10000 39 10000 
1775 10000 10000 10000 2219 10000 10000 1065 977 
91 10000 10000 10000 10000 10000 10000 10000 51 
91 10000 10000 10000 10000 10000 10000 10000 10000 
113 10000 198 10000 10000 10000 74 10000 63 
487 10000 10000 10000 10000 341 10000 293 10000 
138 10000 10000 10000 10000 10000 10000 10000 10000 
80 160 10000 10000 100 56 10000 48 44 
80 10000 10000 10000 10000 10000 52 48 10000 
65 10000 10000 10000 10000 10000 10000 39 36 
40 80 10000 10000 10000 28 10000 10000 22 
742 10000 1299 1113 10000 10000 483 446 409 
1085 2170 10000 1628 10000 760 10000 651 10000 
