53
8
4
9.23
13.45
20.35
24.60
82
1 2
1 3
1 4
1 5
1 6
1 7
2 36
3 36
4 9
5 9
6 9
7 9
8 9
9 10
10 11
11 12
12 13
12 14
12 15
13 16
13 17
13 18
14 22
15 16
15 17
16 29
16 30
16 31
17 19
18 42
19 20
19 21
19 22
20 23
21 24
22 25
23 36
24 36
25 26
26 27
27 28
28 29
28 30
28 31
28 32
28 33
28 34
29 35
30 35
31 35
32 35
33 35
34 35
35 36
36 37
37 38
37 39
37 40
38 41
39 41
40 41
41 42
42 43
42 44
42 45
42 46
42 47
43 48
44 49
45 51
45 52
46 50
47 51
47 52
48 51
48 52
49 51
49 52
50 51
50 52
51 53
52 53
971 10000 10000 1457 10000 10000 632 583 10000 
142 10000 249 10000 10000 10000 93 10000 10000 
142 10000 10000 213 178 100 10000 86 79 
142 10000 10000 213 178 10000 10000 86 79 
103 10000 10000 10000 129 10000 10000 10000 57 
96 10000 168 10000 120 10000 63 58 53 
99 198 10000 10000 10000 70 65 10000 10000 
1207 2414 10000 1811 10000 845 785 725 10000 
160 10000 10000 10000 10000 10000 104 10000 10000 
180 360 315 10000 225 126 117 108 99 
82 10000 144 10000 10000 58 54 10000 46 
60 10000 105 10000 10000 42 39 36 33 
112 10000 10000 168 140 10000 10000 68 62 
420 10000 10000 10000 525 10000 10000 10000 231 
1556 3112 10000 10000 1945 1090 10000 10000 856 
236 10000 10000 354 10000 10000 154 142 10000 
259 10000 10000 10000 10000 10000 10000 10000 10000 
125 10000 219 188 10000 10000 82 75 69 
601 1202 1052 10000 10000 421 391 10000 10000 
80 10000 10000 10000 10000 56 52 48 10000 
80 10000 10000 10000 100 10000 10000 10000 44 
70 10000 10000 10000 88 10000 46 10000 39 
89 10000 156 10000 10000 10000 58 10000 49 
89 10000 10000 10000 10000 10000 58 54 49 
105 10000 10000 10000 10000 10000 10000 10000 58 
330 10000 10000 10000 10000 231 10000 10000 10000 
132 10000 10000 198 10000 10000 10000 80 10000 
69 138 10000 104 10000 49 45 42 10000 
99 10000 10000 10000 10000 10000 10000 60 55 
70 10000 10000 10000 10000 10000 10000 10000 39 
70 10000 10000 105 10000 10000 46 42 10000 
158 316 10000 10000 10000 111 10000 95 10000 
191 10000 335 287 10000 10000 125 115 106 
70 10000 123 10000 10000 49 46 10000 10000 
53 106 10000 80 67 38 10000 32 30 
50 100 10000 10000 10000 35 33 10000 10000 
125 250 10000 10000 10000 88 10000 75 69 
353 10000 10000 10000 10000 10000 10000 10000 10000 
70 10000 10000 10000 10000 10000 10000 10000 10000 
128 10000 10000 10000 10000 10000 10000 77 10000 
65 10000 10000 10000 10000 10000 10000 10000 36 
1775 10000 10000 10000 10000 10000 10000 10000 10000 
91 10000 10000 137 114 64 10000 55 51 
91 10000 10000 10000 10000 64 60 10000 10000 
113 10000 10000 170 10000 10000 10000 68 10000 
487 10000 10000 731 10000 10000 317 293 10000 
138 10000 242 207 10000 10000 90 83 10000 
80 160 10000 10000 10000 56 10000 10000 44 
80 160 10000 10000 100 56 10000 48 44 
65 10000 114 10000 10000 10000 43 39 36 
40 10000 10000 10000 50 10000 26 10000 22 
742 1484 10000 10000 10000 520 483 10000 409 
1085 10000 10000 1628 1357 760 706 651 597 
