58
11
4
10.70
15.11
19.34
24.06
70
1 9
2 25
3 21
3 22
4 10
5 36
6 23
6 24
7 43
8 44
9 11
11 13
11 14
11 15
12 17
13 17
14 17
15 17
16 18
17 20
18 19
19 23
20 21
20 25
21 26
21 44
22 27
23 31
24 31
25 38
26 29
27 30
28 32
28 33
29 31
30 34
31 36
32 45
33 35
34 36
35 43
36 37
36 38
37 39
37 40
37 41
38 52
39 43
40 43
41 42
42 43
43 45
44 45
45 46
45 48
45 49
46 47
46 50
47 51
48 55
49 58
50 58
51 52
52 53
53 54
54 55
54 56
55 57
56 57
57 58
10 10000 18 15 10000 7 7 6 10000 
53 10000 10000 10000 10000 38 35 32 10000 
41 10000 10000 10000 10000 10000 10000 25 23 
36 72 10000 10000 10000 26 24 10000 10000 
35 10000 10000 53 44 25 10000 21 20 
17 10000 10000 10000 22 10000 12 10000 10 
34 10000 60 10000 10000 10000 23 10000 19 
23 10000 10000 10000 10000 17 10000 14 10000 
14 10000 10000 21 10000 10000 10 9 8 
52 10000 10000 10000 65 10000 10000 32 29 
33 10000 10000 10000 10000 10000 10000 10000 19 
34 68 10000 10000 10000 24 10000 21 19 
12 10000 10000 10000 10000 10000 10000 10000 7 
52 10000 91 78 10000 10000 34 32 10000 
12 10000 10000 10000 10000 10000 10000 8 7 
33 10000 10000 10000 10000 24 22 10000 10000 
44 88 10000 10000 55 31 10000 10000 25 
7 14 10000 11 10000 5 10000 5 10000 
15 10000 10000 10000 19 10000 10000 9 9 
13 10000 10000 10000 10000 10000 10000 10000 10000 
29 10000 51 10000 10000 10000 19 18 10000 
37 74 65 10000 10000 26 25 10000 10000 
43 86 76 10000 10000 31 28 26 10000 
23 10000 10000 35 10000 10000 10000 14 13 
24 10000 10000 10000 10000 10000 16 10000 14 
9 10000 10000 10000 10000 10000 6 10000 10000 
16 10000 10000 10000 10000 10000 10000 10000 9 
12 10000 10000 10000 10000 10000 8 10000 10000 
26 10000 10000 10000 10000 19 17 10000 10000 
22 10000 10000 33 10000 10000 10000 14 10000 
51 10000 10000 10000 10000 10000 10000 10000 10000 
47 10000 10000 71 10000 10000 31 29 10000 
34 10000 60 51 10000 10000 23 21 19 
23 10000 41 10000 29 10000 15 10000 13 
12 10000 10000 10000 10000 10000 8 10000 10000 
52 10000 10000 10000 10000 10000 10000 10000 29 
12 10000 21 18 10000 10000 8 8 7 
33 10000 58 10000 10000 10000 22 10000 10000 
44 10000 10000 10000 10000 10000 10000 27 10000 
7 14 13 10000 10000 5 5 10000 4 
15 10000 10000 23 19 10000 10000 9 9 
13 10000 23 10000 10000 10000 9 8 8 
29 10000 10000 10000 37 10000 10000 10000 16 
37 10000 10000 10000 47 26 25 23 21 
43 10000 10000 10000 54 10000 10000 26 24 
23 46 10000 10000 10000 17 10000 10000 10000 
24 10000 10000 10000 30 10000 16 10000 14 
9 18 10000 14 10000 7 10000 6 5 
16 32 10000 10000 10000 12 10000 10000 9 
12 10000 10000 10000 10000 9 8 10000 10000 
26 10000 46 10000 10000 10000 17 16 15 
12 10000 10000 10000 10000 10000 10000 10000 10000 
52 10000 10000 10000 10000 10000 10000 10000 29 
12 24 10000 18 10000 9 10000 8 10000 
33 66 58 10000 42 24 22 10000 19 
44 10000 10000 10000 10000 10000 10000 10000 10000 
7 14 10000 10000 10000 5 10000 10000 10000 
15 30 27 10000 10000 11 10 10000 9 
