58
4
4
9.30
13.59
15.89
23.34
70
1 9
2 25
3 21
3 22
4 10
5 36
6 23
6 24
7 43
8 44
9 11
11 13
11 14
11 15
12 17
13 17
14 17
15 17
16 18
17 20
18 19
19 23
20 21
20 25
21 26
21 44
22 27
23 31
24 31
25 38
26 29
27 30
28 32
28 33
29 31
30 34
31 36
32 45
33 35
34 36
35 43
36 37
36 38
37 39
37 40
37 41
38 52
39 43
40 43
41 42
42 43
43 45
44 45
45 46
45 48
45 49
46 47
46 50
47 51
48 55
49 58
50 58
51 52
52 53
53 54
54 55
54 56
55 57
56 57
57 58
10 10000 10000 10000 10000 10000 10000 10000 10000 
53 10000 10000 10000 10000 10000 10000 10000 30 
41 10000 10000 62 10000 10000 27 25 23 
36 10000 10000 10000 10000 10000 10000 10000 10000 
35 10000 10000 10000 10000 10000 10000 10000 10000 
17 10000 10000 10000 22 12 12 10000 10 
34 10000 10000 10000 10000 10000 10000 10000 10000 
23 46 10000 10000 10000 17 10000 10000 10000 
14 10000 10000 21 10000 10000 10 9 8 
52 10000 91 78 65 10000 34 32 29 
33 10000 10000 10000 10000 10000 10000 10000 10000 
34 10000 10000 10000 43 10000 10000 10000 19 
12 10000 10000 10000 10000 9 10000 8 10000 
52 10000 10000 10000 10000 10000 10000 10000 10000 
12 10000 10000 18 10000 10000 10000 8 10000 
33 10000 10000 10000 10000 10000 10000 20 10000 
44 10000 10000 66 10000 31 10000 27 10000 
7 10000 10000 10000 10000 10000 10000 5 10000 
15 10000 27 23 10000 10000 10 9 10000 
13 26 23 10000 10000 10 9 8 10000 
29 58 10000 44 10000 21 10000 18 10000 
37 74 10000 10000 10000 26 25 10000 21 
43 86 10000 10000 10000 31 10000 10000 10000 
23 10000 10000 10000 10000 10000 10000 14 10000 
24 48 10000 10000 30 17 10000 10000 14 
9 10000 10000 10000 12 10000 10000 10000 5 
16 10000 10000 10000 10000 10000 10000 10 10000 
12 10000 10000 10000 10000 10000 8 10000 7 
26 10000 10000 10000 10000 10000 17 10000 15 
22 10000 10000 10000 10000 10000 10000 14 13 
51 10000 10000 77 10000 10000 10000 31 10000 
47 10000 83 10000 10000 33 31 10000 10000 
34 10000 10000 10000 10000 10000 23 21 10000 
23 10000 10000 10000 10000 10000 10000 10000 10000 
12 10000 10000 10000 10000 10000 10000 8 10000 
52 10000 10000 10000 10000 10000 10000 32 10000 
12 10000 10000 10000 10000 10000 10000 8 7 
33 10000 10000 10000 10000 10000 10000 10000 19 
44 10000 77 66 55 10000 29 27 25 
7 10000 10000 11 10000 10000 10000 5 4 
15 30 10000 10000 10000 11 10 9 9 
13 10000 10000 10000 10000 10000 9 10000 10000 
29 10000 10000 44 10000 21 10000 18 10000 
37 74 10000 56 10000 26 10000 23 10000 
43 10000 10000 10000 10000 31 10000 10000 10000 
23 10000 10000 10000 10000 10000 10000 14 10000 
24 10000 42 10000 30 10000 16 10000 14 
9 18 10000 10000 10000 7 10000 6 5 
16 10000 10000 10000 10000 10000 10000 10 9 
12 10000 10000 10000 10000 10000 10000 10000 10000 
26 10000 10000 10000 10000 10000 10000 10000 15 
12 24 10000 18 10000 9 10000 8 10000 
52 10000 10000 78 10000 10000 10000 32 10000 
12 10000 10000 10000 15 10000 10000 10000 7 
33 10000 10000 10000 10000 10000 10000 10000 10000 
44 88 10000 10000 10000 31 10000 10000 10000 
7 10000 10000 11 10000 10000 10000 5 4 
15 10000 27 23 10000 10000 10 9 10000 
