70
21
4
10.51
15.56
19.81
25.14
86
1 2
1 41
1 69
1 70
2 3
3 4
3 68
4 6
4 7
5 6
5 24
5 30
6 8
7 8
8 12
9 10
10 11
11 12
12 13
12 14
13 23
14 23
15 16
16 17
16 18
17 19
18 19
19 20
19 22
19 57
20 21
21 23
22 23
23 25
23 31
23 33
24 25
25 26
25 27
25 28
25 29
26 35
27 35
28 35
29 35
30 31
31 32
32 35
33 34
34 35
35 36
35 44
35 48
35 51
35 53
35 56
35 60
35 61
35 62
36 37
37 38
38 39
39 40
40 42
41 42
42 43
43 50
44 45
45 46
46 47
47 50
48 49
49 50
51 52
52 54
53 54
54 55
57 58
58 59
59 60
61 65
62 63
63 64
64 65
64 66
64 67
17 10000 30 10000 10000 10000 12 10000 10 
66 10000 10000 99 10000 10000 10000 40 10000 
54 10000 10000 10000 10000 10000 10000 10000 30 
52 10000 10000 10000 10000 10000 10000 10000 10000 
6 12 10000 9 10000 5 10000 4 4 
88 10000 10000 10000 10000 10000 10000 10000 49 
21 10000 10000 10000 10000 15 10000 13 10000 
128 256 10000 10000 160 90 84 77 71 
68 10000 10000 10000 10000 48 45 10000 10000 
70 10000 10000 10000 10000 49 10000 42 10000 
85 10000 149 10000 10000 10000 56 51 10000 
21 10000 10000 32 10000 15 10000 13 10000 
134 10000 235 201 168 10000 88 81 74 
135 10000 10000 10000 169 95 10000 10000 75 
94 10000 10000 10000 10000 10000 62 10000 52 
90 180 10000 135 10000 63 10000 54 10000 
50 10000 10000 10000 10000 10000 10000 10000 28 
143 10000 10000 10000 10000 101 93 86 10000 
19 10000 34 10000 24 10000 13 10000 11 
54 108 10000 10000 10000 38 10000 33 30 
50 10000 88 10000 10000 10000 33 30 10000 
40 10000 10000 60 10000 10000 10000 24 10000 
73 10000 128 10000 10000 52 48 10000 10000 
12 24 21 10000 15 9 8 10000 7 
152 10000 10000 10000 10000 10000 10000 10000 10000 
42 10000 74 10000 53 30 28 26 24 
45 10000 10000 10000 57 32 10000 27 25 
74 10000 10000 10000 10000 10000 10000 10000 10000 
26 10000 46 10000 10000 10000 17 10000 15 
11 10000 10000 10000 10000 10000 10000 10000 10000 
31 10000 55 10000 39 10000 21 19 18 
50 10000 10000 10000 63 10000 10000 10000 28 
102 10000 10000 10000 128 10000 67 10000 57 
46 10000 10000 10000 10000 33 10000 28 26 
35 10000 10000 10000 44 10000 10000 21 20 
40 80 10000 10000 10000 28 26 24 10000 
2 10000 10000 10000 10000 10000 10000 10000 2 
1 10000 2 10000 10000 10000 1 1 10000 
3 10000 10000 10000 10000 3 2 2 10000 
13 10000 10000 20 10000 10000 10000 8 10000 
16 10000 28 10000 10000 10000 11 10 10000 
25 10000 10000 10000 10000 10000 10000 10000 14 
21 10000 37 10000 27 10000 14 10000 12 
43 86 10000 10000 10000 31 10000 10000 10000 
30 60 10000 45 10000 21 10000 18 17 
83 166 146 10000 104 59 54 10000 46 
89 10000 10000 10000 112 10000 10000 10000 49 
56 112 10000 10000 10000 40 37 10000 31 
59 10000 10000 10000 74 10000 39 36 33 
43 10000 10000 10000 10000 10000 10000 10000 10000 
11 10000 20 10000 14 8 8 10000 7 
26 52 10000 10000 10000 19 17 16 10000 
44 10000 10000 10000 10000 31 29 10000 10000 
121 10000 212 182 152 10000 79 73 67 
38 10000 67 10000 48 10000 25 10000 21 
68 10000 119 10000 85 10000 45 10000 38 
22 44 10000 10000 10000 16 10000 10000 10000 
7 10000 13 10000 9 10000 5 10000 4 
16 10000 10000 10000 10000 10000 11 10 9 
32 10000 10000 48 10000 10000 21 20 10000 
25 10000 44 38 10000 18 17 15 10000 
27 54 10000 10000 10000 19 10000 10000 10000 
156 10000 273 10000 10000 110 102 10000 10000 
28 56 10000 10000 10000 20 10000 10000 10000 
15 30 10000 10000 19 11 10000 10000 9 
26 10000 10000 10000 10000 19 10000 16 10000 
18 10000 10000 10000 10000 10000 10000 10000 10000 
72 144 10000 10000 90 51 47 10000 40 
23 10000 41 10000 10000 10000 15 14 10000 
27 10000 10000 10000 10000 10000 10000 17 10000 
