70
3
4
9.60
14.25
19.05
20.28
86
1 2
1 41
1 69
1 70
2 3
3 4
3 68
4 6
4 7
5 6
5 24
5 30
6 8
7 8
8 12
9 10
10 11
11 12
12 13
12 14
13 23
14 23
15 16
16 17
16 18
17 19
18 19
19 20
19 22
19 57
20 21
21 23
22 23
23 25
23 31
23 33
24 25
25 26
25 27
25 28
25 29
26 35
27 35
28 35
29 35
30 31
31 32
32 35
33 34
34 35
35 36
35 44
35 48
35 51
35 53
35 56
35 60
35 61
35 62
36 37
37 38
38 39
39 40
40 42
41 42
42 43
43 50
44 45
45 46
46 47
47 50
48 49
49 50
51 52
52 54
53 54
54 55
57 58
58 59
59 60
61 65
62 63
63 64
64 65
64 66
64 67
17 10000 10000 10000 22 10000 12 10000 10 
66 10000 10000 10000 10000 10000 10000 10000 10000 
54 108 95 10000 10000 38 36 10000 30 
52 10000 91 78 10000 10000 34 32 29 
6 10000 10000 10000 8 5 10000 4 4 
88 10000 10000 132 110 10000 58 53 49 
21 10000 37 32 10000 10000 14 13 12 
128 10000 10000 10000 10000 10000 10000 10000 10000 
68 10000 10000 10000 10000 10000 10000 10000 10000 
70 10000 123 10000 10000 10000 46 42 10000 
85 170 10000 10000 10000 60 10000 51 10000 
21 10000 10000 10000 10000 10000 14 13 10000 
134 268 10000 10000 10000 94 10000 81 74 
135 10000 237 203 10000 95 88 81 10000 
94 10000 10000 10000 10000 10000 62 57 10000 
90 10000 10000 10000 113 10000 10000 10000 50 
50 10000 10000 10000 10000 10000 33 10000 28 
143 10000 10000 10000 10000 101 10000 10000 10000 
19 10000 10000 10000 10000 10000 10000 10000 11 
54 10000 10000 10000 10000 38 10000 33 10000 
50 10000 10000 10000 10000 10000 10000 30 10000 
40 10000 70 10000 50 10000 26 10000 22 
73 10000 128 10000 92 10000 48 10000 41 
12 24 10000 18 10000 9 10000 8 7 
152 304 266 228 190 107 99 92 84 
42 10000 10000 10000 53 10000 10000 10000 24 
45 10000 10000 10000 10000 10000 10000 27 10000 
74 10000 10000 10000 93 10000 10000 45 41 
26 10000 10000 10000 33 10000 10000 10000 15 
11 22 20 10000 10000 8 8 10000 10000 
31 10000 10000 10000 10000 22 21 19 18 
50 10000 10000 75 10000 10000 10000 30 10000 
102 10000 179 10000 10000 10000 67 10000 10000 
46 10000 10000 10000 10000 10000 10000 10000 10000 
35 10000 10000 10000 10000 10000 10000 21 20 
40 10000 70 10000 10000 10000 26 10000 10000 
2 4 4 10000 10000 2 2 10000 2 
1 10000 2 10000 2 10000 1 1 1 
3 10000 10000 10000 4 10000 2 2 2 
13 26 23 20 17 10 9 8 8 
16 32 10000 24 20 12 10000 10 9 
25 10000 10000 10000 10000 18 10000 15 10000 
21 42 10000 10000 10000 15 10000 13 12 
43 10000 10000 65 54 10000 10000 26 24 
30 10000 10000 10000 10000 21 10000 10000 10000 
83 166 10000 10000 10000 59 54 10000 10000 
89 178 10000 10000 10000 63 10000 10000 49 
56 112 10000 84 10000 40 10000 34 10000 
59 10000 104 10000 74 10000 39 10000 33 
43 10000 10000 10000 10000 10000 10000 10000 10000 
11 22 10000 10000 10000 8 10000 10000 10000 
26 10000 10000 10000 10000 19 10000 10000 15 
44 10000 10000 10000 55 31 29 27 25 
121 10000 10000 182 10000 85 10000 73 10000 
38 10000 67 10000 10000 27 25 10000 21 
68 10000 10000 10000 10000 10000 10000 10000 10000 
22 44 10000 10000 10000 16 15 14 10000 
7 10000 10000 10000 10000 5 5 10000 10000 
16 10000 10000 24 10000 10000 10000 10 9 
32 10000 10000 48 10000 10000 10000 20 10000 
25 10000 44 10000 10000 18 17 10000 14 
27 10000 48 10000 10000 10000 18 10000 10000 
156 10000 10000 10000 195 10000 10000 10000 86 
28 10000 49 10000 10000 10000 19 17 16 
15 30 27 10000 10000 11 10 10000 9 
26 10000 46 10000 10000 10000 17 16 10000 
18 10000 32 27 23 13 12 11 10 
72 10000 126 108 10000 10000 47 44 10000 
23 46 10000 10000 29 17 10000 14 13 
27 10000 48 10000 34 10000 18 17 15 
