70
4
4
10.13
12.87
17.92
20.67
86
1 2
1 41
1 69
1 70
2 3
3 4
3 68
4 6
4 7
5 6
5 24
5 30
6 8
7 8
8 12
9 10
10 11
11 12
12 13
12 14
13 23
14 23
15 16
16 17
16 18
17 19
18 19
19 20
19 22
19 57
20 21
21 23
22 23
23 25
23 31
23 33
24 25
25 26
25 27
25 28
25 29
26 35
27 35
28 35
29 35
30 31
31 32
32 35
33 34
34 35
35 36
35 44
35 48
35 51
35 53
35 56
35 60
35 61
35 62
36 37
37 38
38 39
39 40
40 42
41 42
42 43
43 50
44 45
45 46
46 47
47 50
48 49
49 50
51 52
52 54
53 54
54 55
57 58
58 59
59 60
61 65
62 63
63 64
64 65
64 66
64 67
17 10000 10000 10000 10000 10000 10000 11 10000 
66 10000 10000 10000 10000 10000 10000 40 10000 
54 10000 10000 10000 10000 10000 36 10000 30 
52 104 10000 10000 10000 37 34 10000 29 
6 10000 10000 10000 10000 10000 10000 4 4 
88 10000 10000 10000 10000 10000 58 10000 49 
21 10000 10000 10000 27 15 10000 10000 12 
128 10000 224 10000 160 10000 84 10000 71 
68 10000 10000 10000 10000 48 10000 10000 38 
70 10000 123 10000 10000 49 46 10000 10000 
85 10000 10000 10000 10000 10000 56 10000 47 
21 10000 37 32 10000 10000 14 13 12 
134 10000 10000 201 168 10000 10000 81 74 
135 10000 10000 10000 10000 10000 10000 81 10000 
94 188 10000 10000 10000 66 10000 10000 10000 
90 10000 10000 10000 10000 10000 59 10000 10000 
50 10000 10000 10000 10000 35 10000 30 28 
143 10000 10000 215 179 10000 10000 86 79 
19 10000 34 29 10000 10000 13 12 10000 
54 10000 10000 10000 10000 38 10000 10000 30 
50 10000 10000 10000 10000 35 10000 10000 10000 
40 10000 10000 60 10000 10000 26 24 10000 
73 146 10000 10000 10000 52 48 10000 10000 
12 10000 10000 10000 15 10000 8 10000 7 
152 10000 266 228 10000 10000 99 92 84 
42 10000 10000 10000 10000 30 28 10000 10000 
45 10000 10000 10000 57 10000 30 27 25 
74 10000 10000 10000 10000 10000 10000 10000 10000 
26 10000 10000 10000 10000 10000 17 10000 15 
11 22 10000 10000 10000 8 10000 10000 10000 
31 10000 55 10000 39 10000 21 10000 18 
50 100 88 75 10000 35 33 30 10000 
102 10000 179 153 10000 10000 67 62 10000 
46 10000 10000 10000 10000 33 10000 28 10000 
35 10000 10000 10000 10000 10000 10000 10000 10000 
40 80 10000 10000 50 28 26 10000 22 
2 10000 10000 10000 3 10000 2 10000 2 
1 10000 10000 2 10000 10000 1 1 1 
3 10000 10000 10000 10000 10000 2 10000 10000 
13 10000 10000 10000 10000 10000 10000 10000 10000 
16 32 10000 10000 20 12 10000 10 9 
25 10000 10000 10000 10000 10000 17 10000 10000 
21 10000 10000 10000 27 10000 10000 13 12 
43 86 76 10000 10000 31 28 10000 10000 
30 10000 10000 10000 10000 10000 10000 18 17 
83 10000 10000 10000 10000 10000 54 10000 46 
89 10000 10000 134 112 10000 10000 54 49 
56 112 98 10000 70 40 37 10000 31 
59 10000 10000 10000 10000 42 10000 36 10000 
43 10000 10000 65 10000 10000 28 26 10000 
11 10000 10000 10000 10000 10000 10000 7 10000 
26 10000 46 39 10000 19 17 16 10000 
44 10000 10000 10000 10000 10000 10000 27 10000 
121 10000 10000 10000 10000 10000 10000 10000 10000 
38 10000 10000 57 10000 27 25 23 10000 
68 10000 10000 10000 10000 10000 10000 10000 38 
22 10000 10000 10000 10000 10000 10000 14 10000 
7 10000 10000 10000 10000 10000 10000 10000 4 
16 10000 10000 10000 10000 12 10000 10 10000 
32 10000 10000 10000 10000 10000 21 10000 18 
25 10000 10000 10000 10000 10000 10000 10000 14 
27 54 10000 10000 10000 19 10000 10000 15 
156 312 10000 10000 195 110 102 94 86 
28 10000 10000 10000 35 10000 10000 17 16 
15 10000 10000 10000 10000 10000 10000 9 10000 
26 10000 10000 39 10000 10000 10000 16 10000 
18 10000 32 10000 10000 10000 12 11 10 
72 10000 10000 10000 10000 51 10000 44 40 
23 10000 41 35 10000 10000 15 14 10000 
27 10000 10000 10000 10000 19 10000 17 10000 
