70
5
4
10.68
14.11
19.63
21.65
86
1 2
1 41
1 69
1 70
2 3
3 4
3 68
4 6
4 7
5 6
5 24
5 30
6 8
7 8
8 12
9 10
10 11
11 12
12 13
12 14
13 23
14 23
15 16
16 17
16 18
17 19
18 19
19 20
19 22
19 57
20 21
21 23
22 23
23 25
23 31
23 33
24 25
25 26
25 27
25 28
25 29
26 35
27 35
28 35
29 35
30 31
31 32
32 35
33 34
34 35
35 36
35 44
35 48
35 51
35 53
35 56
35 60
35 61
35 62
36 37
37 38
38 39
39 40
40 42
41 42
42 43
43 50
44 45
45 46
46 47
47 50
48 49
49 50
51 52
52 54
53 54
54 55
57 58
58 59
59 60
61 65
62 63
63 64
64 65
64 66
64 67
17 10000 10000 10000 10000 10000 10000 11 10 
66 10000 10000 99 83 10000 43 40 37 
54 10000 10000 10000 10000 10000 10000 33 10000 
52 10000 10000 10000 65 10000 10000 10000 29 
6 10000 10000 10000 10000 5 4 10000 10000 
88 10000 10000 10000 10000 10000 10000 53 10000 
21 42 10000 32 10000 15 10000 13 12 
128 10000 10000 10000 160 10000 10000 77 71 
68 136 10000 10000 10000 48 10000 10000 38 
70 10000 10000 10000 10000 49 46 42 39 
85 10000 10000 10000 107 10000 56 51 47 
21 10000 37 32 27 10000 14 13 12 
134 10000 10000 10000 10000 10000 88 10000 10000 
135 10000 10000 10000 169 10000 10000 81 75 
94 10000 10000 10000 10000 66 10000 10000 52 
90 10000 10000 10000 10000 63 59 10000 10000 
50 100 10000 10000 10000 35 33 30 10000 
143 10000 10000 10000 10000 10000 10000 86 79 
19 10000 10000 10000 10000 14 13 12 10000 
54 10000 10000 10000 10000 10000 10000 33 10000 
50 10000 10000 10000 10000 10000 10000 30 28 
40 10000 70 10000 50 10000 26 10000 22 
73 10000 10000 110 92 10000 48 44 41 
12 10000 10000 10000 15 9 8 10000 7 
152 10000 10000 10000 10000 10000 10000 92 10000 
42 10000 74 10000 53 10000 28 10000 24 
45 10000 10000 68 10000 10000 30 27 25 
74 148 10000 10000 10000 52 49 45 10000 
26 52 10000 10000 10000 19 17 10000 15 
11 10000 10000 10000 14 8 10000 10000 7 
31 10000 55 10000 39 10000 21 19 18 
50 10000 10000 10000 10000 35 10000 30 28 
102 10000 10000 10000 10000 72 10000 10000 10000 
46 10000 10000 10000 58 10000 30 10000 26 
35 10000 10000 53 10000 10000 23 21 10000 
40 80 10000 10000 10000 28 26 24 10000 
2 10000 10000 10000 3 10000 2 2 2 
1 2 2 10000 10000 1 1 1 10000 
3 10000 10000 10000 4 3 2 10000 2 
13 10000 10000 20 10000 10000 10000 8 10000 
16 10000 28 24 10000 12 11 10 10000 
25 10000 10000 10000 10000 18 10000 15 10000 
21 10000 37 10000 10000 10000 14 13 10000 
43 10000 10000 65 54 10000 10000 26 24 
30 60 10000 45 10000 21 10000 18 17 
83 10000 10000 10000 10000 10000 10000 50 10000 
89 10000 156 10000 112 10000 58 10000 49 
56 112 98 10000 70 40 37 10000 31 
59 118 10000 10000 10000 42 10000 36 33 
43 10000 10000 10000 54 10000 28 26 24 
11 10000 20 10000 14 10000 8 10000 7 
26 10000 10000 10000 33 10000 10000 16 15 
44 10000 10000 10000 10000 10000 29 10000 10000 
121 10000 10000 10000 10000 10000 79 10000 10000 
38 76 10000 57 48 27 10000 23 21 
68 136 119 10000 10000 48 45 10000 38 
22 10000 39 10000 10000 10000 15 10000 10000 
7 10000 10000 10000 10000 5 10000 10000 4 
16 10000 28 10000 10000 12 11 10 9 
32 10000 10000 10000 10000 23 21 20 18 
25 10000 44 38 32 10000 17 15 14 
27 10000 10000 10000 10000 10000 18 10000 10000 
156 10000 273 10000 10000 10000 102 10000 10000 
28 10000 10000 10000 10000 10000 19 10000 16 
15 10000 27 23 10000 10000 10 9 10000 
26 10000 10000 10000 33 10000 10000 16 15 
18 10000 10000 10000 10000 10000 10000 10000 10 
72 10000 10000 108 90 10000 10000 44 40 
23 10000 10000 10000 10000 17 15 10000 10000 
27 54 10000 10000 10000 19 18 10000 10000 
