70
23
4
10.65
14.77
18.83
20.06
86
1 2
1 41
1 69
1 70
2 3
3 4
3 68
4 6
4 7
5 6
5 24
5 30
6 8
7 8
8 12
9 10
10 11
11 12
12 13
12 14
13 23
14 23
15 16
16 17
16 18
17 19
18 19
19 20
19 22
19 57
20 21
21 23
22 23
23 25
23 31
23 33
24 25
25 26
25 27
25 28
25 29
26 35
27 35
28 35
29 35
30 31
31 32
32 35
33 34
34 35
35 36
35 44
35 48
35 51
35 53
35 56
35 60
35 61
35 62
36 37
37 38
38 39
39 40
40 42
41 42
42 43
43 50
44 45
45 46
46 47
47 50
48 49
49 50
51 52
52 54
53 54
54 55
57 58
58 59
59 60
61 65
62 63
63 64
64 65
64 66
64 67
17 10000 10000 26 22 10000 10000 11 10 
66 10000 116 10000 10000 10000 43 10000 10000 
54 10000 95 10000 10000 38 36 10000 10000 
52 10000 10000 10000 10000 37 10000 10000 10000 
6 12 10000 10000 10000 5 10000 4 10000 
88 10000 10000 10000 10000 10000 10000 10000 10000 
21 10000 10000 32 10000 15 10000 13 10000 
128 10000 10000 10000 10000 10000 84 77 10000 
68 10000 10000 10000 10000 10000 10000 41 10000 
70 140 10000 10000 88 49 46 42 39 
85 10000 10000 128 10000 10000 10000 51 10000 
21 10000 37 32 10000 10000 14 13 10000 
134 10000 10000 10000 10000 10000 88 10000 10000 
135 10000 10000 10000 10000 10000 10000 10000 10000 
94 10000 165 10000 10000 10000 62 57 10000 
90 10000 10000 10000 10000 10000 10000 10000 10000 
50 10000 88 10000 10000 10000 33 30 10000 
143 10000 10000 10000 10000 10000 93 10000 79 
19 38 10000 29 10000 14 10000 12 10000 
54 10000 95 10000 10000 10000 36 10000 10000 
50 10000 88 10000 10000 35 33 30 10000 
40 10000 10000 60 10000 10000 26 24 10000 
73 10000 10000 110 10000 10000 48 44 41 
12 10000 10000 10000 15 10000 10000 10000 7 
152 304 10000 10000 10000 107 10000 10000 10000 
42 10000 10000 10000 10000 10000 28 10000 24 
45 10000 10000 10000 57 10000 10000 10000 25 
74 10000 10000 10000 93 52 10000 45 41 
26 10000 10000 10000 10000 10000 10000 16 15 
11 22 10000 10000 10000 8 10000 7 10000 
31 10000 55 10000 39 22 21 10000 18 
50 10000 10000 10000 10000 10000 10000 10000 10000 
102 10000 10000 10000 128 10000 10000 10000 57 
46 10000 10000 10000 10000 10000 30 10000 26 
35 70 62 10000 10000 25 23 21 20 
40 10000 10000 10000 50 10000 10000 24 22 
2 4 10000 3 10000 2 2 2 2 
1 10000 10000 10000 2 10000 10000 10000 1 
3 10000 10000 10000 10000 3 2 10000 10000 
13 10000 10000 10000 10000 10000 10000 8 10000 
16 10000 10000 10000 10000 10000 10000 10 10000 
25 10000 10000 38 10000 10000 10000 15 14 
21 10000 37 10000 10000 10000 14 10000 12 
43 10000 76 10000 10000 10000 28 26 10000 
30 10000 10000 45 38 10000 10000 18 17 
83 10000 10000 10000 10000 59 10000 10000 46 
89 10000 156 10000 112 10000 58 54 49 
56 10000 10000 10000 10000 10000 10000 10000 31 
59 10000 10000 10000 10000 10000 10000 36 33 
43 86 10000 10000 10000 31 28 10000 24 
11 22 10000 17 10000 8 10000 7 10000 
26 52 46 39 10000 19 17 16 10000 
44 10000 77 10000 55 31 29 27 25 
121 242 10000 10000 152 85 79 10000 67 
38 10000 10000 10000 10000 27 10000 10000 10000 
68 10000 10000 10000 10000 48 10000 10000 10000 
22 44 39 33 10000 16 15 14 13 
7 10000 10000 10000 10000 10000 10000 10000 10000 
16 10000 10000 24 10000 12 11 10 10000 
32 10000 10000 10000 10000 10000 10000 20 10000 
25 10000 44 10000 10000 10000 17 10000 10000 
27 54 10000 10000 34 19 10000 17 15 
156 10000 273 10000 10000 10000 102 94 10000 
28 10000 10000 10000 10000 20 10000 17 16 
15 10000 10000 10000 19 10000 10000 9 9 
26 10000 10000 10000 10000 10000 17 10000 15 
18 36 10000 10000 10000 13 10000 10000 10000 
72 10000 10000 10000 90 10000 10000 10000 40 
23 10000 10000 10000 29 10000 15 14 13 
27 54 48 10000 10000 19 18 10000 10000 
