70
7
4
10.25
14.60
20.21
20.46
86
1 2
1 41
1 69
1 70
2 3
3 4
3 68
4 6
4 7
5 6
5 24
5 30
6 8
7 8
8 12
9 10
10 11
11 12
12 13
12 14
13 23
14 23
15 16
16 17
16 18
17 19
18 19
19 20
19 22
19 57
20 21
21 23
22 23
23 25
23 31
23 33
24 25
25 26
25 27
25 28
25 29
26 35
27 35
28 35
29 35
30 31
31 32
32 35
33 34
34 35
35 36
35 44
35 48
35 51
35 53
35 56
35 60
35 61
35 62
36 37
37 38
38 39
39 40
40 42
41 42
42 43
43 50
44 45
45 46
46 47
47 50
48 49
49 50
51 52
52 54
53 54
54 55
57 58
58 59
59 60
61 65
62 63
63 64
64 65
64 66
64 67
17 34 30 10000 10000 12 12 10000 10000 
66 10000 116 99 10000 10000 43 40 37 
54 108 10000 10000 10000 38 36 33 30 
52 10000 10000 10000 10000 37 10000 10000 29 
6 10000 10000 10000 10000 10000 4 10000 10000 
88 10000 10000 132 10000 62 10000 53 49 
21 42 10000 10000 10000 15 10000 10000 10000 
128 10000 10000 10000 160 10000 10000 10000 71 
68 10000 119 10000 10000 10000 45 10000 10000 
70 10000 10000 10000 10000 10000 10000 10000 39 
85 10000 149 128 10000 10000 56 51 10000 
21 10000 10000 10000 27 10000 10000 13 12 
134 10000 235 201 10000 10000 88 81 10000 
135 10000 10000 10000 10000 10000 88 10000 75 
94 10000 10000 141 10000 10000 10000 57 52 
90 10000 10000 10000 10000 10000 10000 10000 50 
50 10000 88 75 10000 10000 33 30 10000 
143 286 10000 10000 179 101 10000 86 79 
19 38 10000 29 10000 14 10000 12 11 
54 10000 10000 10000 10000 10000 36 10000 30 
50 10000 10000 75 10000 10000 10000 30 28 
40 10000 10000 60 50 10000 10000 24 22 
73 146 10000 10000 10000 52 10000 10000 41 
12 10000 21 10000 10000 9 8 10000 10000 
152 10000 266 10000 190 10000 99 10000 84 
42 10000 10000 10000 10000 30 28 10000 10000 
45 90 10000 10000 10000 32 10000 10000 10000 
74 10000 10000 10000 10000 10000 49 10000 41 
26 10000 10000 10000 10000 19 10000 16 15 
11 22 20 10000 10000 8 8 10000 7 
31 10000 10000 10000 10000 10000 10000 10000 18 
50 10000 88 10000 10000 10000 33 10000 28 
102 10000 10000 153 10000 10000 67 62 57 
46 10000 81 10000 10000 33 30 28 10000 
35 10000 62 10000 10000 25 23 10000 20 
40 10000 10000 10000 50 10000 10000 10000 22 
2 10000 4 10000 10000 2 2 10000 10000 
1 10000 2 10000 10000 10000 1 1 10000 
3 10000 10000 10000 10000 3 2 10000 10000 
13 10000 10000 10000 10000 10000 10000 10000 10000 
16 10000 10000 10000 10000 10000 10000 10000 10000 
25 10000 10000 10000 10000 10000 17 10000 14 
21 10000 10000 10000 10000 15 14 10000 10000 
43 10000 10000 65 10000 10000 28 26 10000 
30 10000 10000 10000 10000 21 10000 18 10000 
83 166 146 10000 10000 59 54 50 10000 
89 10000 10000 10000 10000 10000 10000 10000 10000 
56 10000 98 10000 70 10000 37 34 31 
59 118 104 89 74 42 39 36 33 
43 86 10000 10000 10000 31 10000 10000 10000 
11 10000 10000 10000 10000 10000 10000 10000 10000 
26 10000 10000 10000 33 10000 10000 10000 15 
44 10000 10000 10000 55 10000 10000 27 25 
121 10000 10000 182 10000 85 79 73 67 
38 10000 10000 10000 48 27 10000 10000 21 
68 10000 10000 10000 10000 10000 10000 10000 38 
22 44 10000 33 10000 16 10000 14 10000 
7 10000 13 10000 10000 5 5 5 10000 
16 10000 10000 10000 10000 10000 10000 10000 10000 
32 10000 10000 10000 10000 10000 21 10000 10000 
25 10000 10000 10000 10000 10000 17 15 14 
27 10000 10000 10000 10000 19 10000 10000 10000 
156 10000 10000 10000 10000 10000 102 10000 10000 
28 10000 49 10000 10000 10000 19 10000 10000 
15 10000 27 10000 10000 10000 10 9 10000 
26 10000 10000 10000 33 10000 17 16 15 
18 36 10000 10000 10000 13 10000 10000 10 
72 10000 10000 108 10000 51 10000 44 10000 
23 10000 10000 35 10000 10000 10000 14 10000 
27 54 10000 10000 10000 19 10000 17 15 
