83
5
4
9.66
13.07
19.13
22.59
113
1 2
2 3
2 4
2 5
3 6
4 6
4 7
5 8
6 9
6 10
7 11
8 77
8 78
9 12
10 13
10 14
10 25
11 15
12 16
13 17
13 18
13 20
14 19
15 20
15 39
16 77
16 78
17 21
17 22
17 28
18 23
19 24
20 26
21 27
22 27
23 74
24 28
24 29
25 32
26 74
27 69
28 32
29 30
30 31
31 39
32 33
32 34
32 35
32 36
33 37
34 77
34 78
35 77
35 78
36 38
36 39
37 40
38 41
39 42
39 43
39 44
39 75
40 77
40 78
41 45
42 77
42 78
43 77
43 78
44 46
45 47
46 48
47 49
48 50
49 69
50 51
51 52
52 53
53 54
54 55
55 56
56 57
57 58
58 59
59 60
60 61
61 62
62 63
63 64
64 65
65 66
66 67
67 68
68 74
68 75
69 70
69 71
70 72
71 73
72 73
73 74
73 75
74 76
75 76
76 77
76 78
77 79
78 79
79 80
79 81
80 82
81 83
82 83
1673 10000 10000 10000 10000 1172 10000 10000 921 
985 10000 10000 10000 1232 10000 641 10000 542 
1836 10000 10000 10000 2295 10000 10000 10000 1010 
973 10000 10000 10000 10000 682 633 584 536 
1700 10000 10000 10000 10000 10000 10000 1020 935 
2881 5762 10000 10000 3602 2017 10000 1729 1585 
2231 4462 10000 10000 10000 1562 10000 10000 1228 
1040 2080 10000 10000 1300 728 676 624 572 
1793 10000 10000 10000 10000 10000 10000 10000 987 
1250 10000 10000 10000 1563 10000 10000 10000 688 
700 1400 10000 10000 875 490 10000 10000 385 
464 928 812 10000 10000 325 302 279 256 
500 10000 10000 10000 10000 10000 325 300 10000 
1133 2266 10000 1700 10000 794 737 680 10000 
577 10000 10000 10000 10000 404 376 347 318 
483 10000 10000 10000 604 10000 314 10000 266 
880 10000 10000 10000 10000 10000 572 10000 10000 
667 10000 1168 10000 10000 467 434 401 10000 
600 1200 1050 10000 750 420 390 10000 330 
233 10000 10000 10000 292 10000 152 10000 129 
408 10000 10000 10000 10000 10000 266 245 225 
847 10000 10000 10000 10000 10000 10000 10000 10000 
767 10000 1343 10000 10000 537 499 10000 422 
850 10000 10000 10000 1063 10000 10000 510 468 
780 10000 10000 10000 975 546 10000 10000 429 
912 10000 10000 10000 1140 10000 10000 10000 502 
748 10000 10000 10000 10000 10000 487 10000 412 
1863 10000 3261 10000 10000 10000 1211 10000 1025 
714 1428 10000 10000 10000 500 10000 429 10000 
1004 10000 10000 1506 10000 10000 10000 603 553 
713 10000 10000 10000 10000 10000 464 428 10000 
642 10000 10000 10000 803 10000 418 386 354 
629 1258 10000 10000 10000 441 10000 378 10000 
1234 2468 10000 1851 10000 864 10000 741 10000 
1143 10000 10000 10000 1429 801 10000 10000 629 
1266 10000 2216 10000 10000 10000 823 10000 697 
792 10000 10000 1188 990 555 10000 476 436 
1251 2502 10000 10000 10000 876 814 10000 10000 
1310 10000 2293 1965 10000 10000 852 786 721 
663 10000 10000 10000 10000 465 10000 398 365 
494 10000 10000 10000 618 10000 322 10000 272 
1288 10000 10000 10000 1610 10000 838 773 709 
792 10000 10000 1188 990 10000 10000 476 436 
578 10000 10000 10000 10000 10000 376 347 10000 
594 1188 1040 10000 10000 416 387 357 10000 
578 10000 1012 10000 10000 10000 376 347 318 
622 10000 10000 10000 10000 436 10000 10000 343 
578 10000 10000 867 10000 10000 10000 347 318 
564 1128 10000 10000 10000 395 10000 10000 311 
578 10000 10000 10000 10000 10000 10000 10000 10000 
578 10000 1012 10000 10000 405 376 10000 10000 
578 10000 1012 10000 10000 10000 376 10000 318 
578 10000 10000 10000 10000 10000 10000 347 10000 
578 10000 10000 10000 10000 10000 10000 347 318 
578 10000 1012 10000 10000 405 376 10000 318 
578 10000 1012 10000 723 10000 376 10000 318 
578 1156 10000 867 723 405 10000 347 318 
578 10000 1012 10000 10000 10000 376 347 318 
578 10000 10000 10000 10000 10000 10000 347 318 
578 10000 1012 10000 10000 10000 376 347 10000 
578 10000 10000 10000 10000 405 376 10000 10000 
578 10000 10000 10000 723 405 10000 347 318 
578 10000 10000 10000 723 10000 10000 347 318 
578 10000 10000 867 10000 10000 376 347 10000 
578 10000 10000 867 723 405 10000 347 318 
578 1156 10000 10000 10000 405 376 347 10000 
578 10000 10000 10000 10000 405 10000 10000 318 
578 10000 10000 10000 10000 10000 376 10000 318 
467 10000 818 701 10000 10000 304 281 10000 
887 10000 1553 10000 1109 10000 577 10000 488 
396 10000 10000 594 10000 10000 258 238 218 
1296 2592 10000 10000 1620 908 843 778 713 
1100 10000 10000 10000 1375 10000 10000 10000 605 
2543 10000 10000 10000 10000 10000 1653 1526 1399 
764 10000 10000 1146 10000 10000 10000 459 421 
357 10000 10000 10000 10000 10000 10000 10000 10000 
701 10000 10000 10000 877 10000 456 10000 386 
1164 10000 10000 10000 10000 815 10000 10000 641 
286 10000 10000 10000 10000 10000 10000 10000 10000 
2100 10000 3675 10000 2625 10000 1365 10000 1155 
450 10000 10000 10000 563 10000 293 270 248 
1300 2600 2275 10000 10000 910 845 780 10000 
3691 10000 10000 5537 10000 2584 2400 2215 2031 
