83
18
4
9.33
14.81
18.25
19.67
113
1 2
2 3
2 4
2 5
3 6
4 6
4 7
5 8
6 9
6 10
7 11
8 77
8 78
9 12
10 13
10 14
10 25
11 15
12 16
13 17
13 18
13 20
14 19
15 20
15 39
16 77
16 78
17 21
17 22
17 28
18 23
19 24
20 26
21 27
22 27
23 74
24 28
24 29
25 32
26 74
27 69
28 32
29 30
30 31
31 39
32 33
32 34
32 35
32 36
33 37
34 77
34 78
35 77
35 78
36 38
36 39
37 40
38 41
39 42
39 43
39 44
39 75
40 77
40 78
41 45
42 77
42 78
43 77
43 78
44 46
45 47
46 48
47 49
48 50
49 69
50 51
51 52
52 53
53 54
54 55
55 56
56 57
57 58
58 59
59 60
60 61
61 62
62 63
63 64
64 65
65 66
66 67
67 68
68 74
68 75
69 70
69 71
70 72
71 73
72 73
73 74
73 75
74 76
75 76
76 77
76 78
77 79
78 79
79 80
79 81
80 82
81 83
82 83
1673 10000 10000 10000 10000 10000 1088 10000 10000 
985 10000 10000 10000 10000 10000 10000 10000 542 
1836 10000 3213 10000 2295 1286 1194 10000 1010 
973 10000 1703 10000 1217 10000 633 584 536 
1700 10000 2975 2550 10000 10000 1105 1020 10000 
2881 10000 5042 10000 10000 10000 1873 1729 10000 
2231 10000 10000 10000 10000 10000 1451 10000 10000 
1040 10000 10000 10000 10000 728 10000 10000 10000 
1793 10000 10000 10000 2242 10000 10000 1076 987 
1250 2500 2188 1875 10000 875 813 750 688 
700 10000 10000 10000 10000 10000 455 10000 385 
464 10000 10000 10000 10000 10000 302 279 10000 
500 1000 10000 750 10000 350 325 300 275 
1133 10000 10000 10000 10000 10000 10000 10000 10000 
577 10000 1010 10000 722 10000 376 347 318 
483 10000 10000 725 604 10000 10000 290 266 
880 10000 1540 10000 10000 10000 572 10000 484 
667 10000 10000 10000 10000 10000 10000 10000 10000 
600 10000 1050 900 10000 420 390 360 10000 
233 466 10000 10000 10000 164 10000 10000 129 
408 816 10000 10000 10000 286 10000 10000 225 
847 10000 10000 10000 10000 10000 10000 10000 10000 
767 10000 1343 10000 10000 10000 499 10000 10000 
850 10000 1488 10000 10000 10000 553 510 10000 
780 1560 10000 10000 10000 546 10000 468 10000 
912 10000 1596 10000 1140 10000 593 548 502 
748 10000 1309 10000 10000 10000 487 10000 412 
1863 3726 10000 10000 10000 1305 1211 10000 10000 
714 1428 1250 1071 10000 500 465 429 10000 
1004 10000 1757 10000 10000 10000 653 603 10000 
713 10000 10000 1070 10000 10000 10000 428 10000 
642 1284 10000 10000 803 450 10000 386 354 
629 10000 10000 944 10000 10000 10000 378 10000 
1234 2468 10000 10000 10000 864 803 10000 10000 
1143 10000 10000 10000 10000 10000 743 10000 10000 
1266 10000 10000 10000 10000 10000 10000 760 10000 
792 10000 10000 10000 10000 10000 10000 476 436 
1251 10000 2190 10000 10000 10000 814 10000 10000 
1310 10000 2293 10000 10000 10000 852 786 10000 
663 10000 10000 995 10000 10000 431 398 10000 
494 10000 10000 10000 618 10000 322 10000 272 
1288 10000 10000 10000 10000 902 10000 773 709 
792 10000 10000 10000 10000 10000 515 10000 10000 
578 10000 10000 10000 10000 10000 10000 10000 10000 
594 10000 10000 10000 10000 10000 10000 10000 327 
578 1156 10000 10000 10000 405 10000 347 318 
622 1244 10000 10000 10000 436 10000 10000 10000 
578 10000 10000 10000 10000 10000 10000 347 10000 
564 10000 10000 10000 10000 10000 10000 10000 311 
578 10000 10000 10000 723 10000 376 10000 318 
578 1156 10000 10000 10000 405 10000 10000 10000 
578 10000 10000 10000 10000 10000 10000 10000 10000 
578 10000 10000 10000 10000 10000 10000 10000 10000 
578 1156 1012 867 10000 405 376 347 10000 
578 10000 1012 867 10000 10000 376 347 10000 
578 1156 10000 10000 10000 405 10000 10000 318 
578 1156 1012 867 10000 405 376 347 10000 
578 10000 10000 10000 723 10000 10000 347 318 
578 10000 10000 867 10000 10000 376 347 318 
578 10000 10000 10000 723 10000 376 347 318 
578 10000 10000 10000 10000 405 376 347 10000 
578 10000 10000 867 10000 10000 10000 347 10000 
578 10000 10000 867 10000 405 376 347 10000 
578 10000 10000 10000 10000 10000 10000 10000 10000 
578 10000 10000 10000 723 10000 10000 347 318 
578 10000 10000 10000 10000 10000 10000 10000 10000 
578 10000 1012 10000 723 405 376 10000 318 
578 10000 10000 10000 10000 10000 10000 10000 10000 
467 10000 10000 701 10000 10000 10000 281 10000 
887 10000 10000 10000 1109 621 10000 533 488 
396 10000 10000 594 10000 10000 10000 238 10000 
1296 10000 10000 10000 10000 908 843 778 10000 
1100 10000 1925 10000 1375 10000 715 660 605 
2543 10000 10000 10000 10000 10000 1653 10000 1399 
764 10000 10000 10000 955 10000 10000 10000 421 
357 10000 625 10000 10000 250 233 10000 10000 
701 10000 10000 10000 10000 10000 10000 421 10000 
1164 10000 10000 10000 1455 10000 757 10000 641 
286 10000 501 429 10000 10000 186 172 10000 
2100 10000 10000 3150 2625 10000 1365 1260 1155 
450 900 788 10000 563 315 293 10000 248 
1300 2600 2275 10000 10000 910 845 10000 715 
3691 10000 10000 10000 10000 10000 10000 2215 2031 
