83
4
4
9.80
12.84
17.24
24.48
113
1 2
2 3
2 4
2 5
3 6
4 6
4 7
5 8
6 9
6 10
7 11
8 77
8 78
9 12
10 13
10 14
10 25
11 15
12 16
13 17
13 18
13 20
14 19
15 20
15 39
16 77
16 78
17 21
17 22
17 28
18 23
19 24
20 26
21 27
22 27
23 74
24 28
24 29
25 32
26 74
27 69
28 32
29 30
30 31
31 39
32 33
32 34
32 35
32 36
33 37
34 77
34 78
35 77
35 78
36 38
36 39
37 40
38 41
39 42
39 43
39 44
39 75
40 77
40 78
41 45
42 77
42 78
43 77
43 78
44 46
45 47
46 48
47 49
48 50
49 69
50 51
51 52
52 53
53 54
54 55
55 56
56 57
57 58
58 59
59 60
60 61
61 62
62 63
63 64
64 65
65 66
66 67
67 68
68 74
68 75
69 70
69 71
70 72
71 73
72 73
73 74
73 75
74 76
75 76
76 77
76 78
77 79
78 79
79 80
79 81
80 82
81 83
82 83
1673 10000 10000 10000 10000 10000 1088 1004 10000 
985 10000 1724 10000 10000 10000 641 10000 10000 
1836 10000 10000 2754 10000 10000 10000 1102 1010 
973 10000 10000 10000 10000 10000 10000 10000 536 
1700 10000 10000 2550 10000 10000 10000 1020 10000 
2881 10000 10000 10000 10000 10000 10000 10000 1585 
2231 10000 10000 10000 10000 10000 10000 1339 1228 
1040 10000 10000 1560 10000 728 10000 624 572 
1793 10000 10000 2690 10000 10000 1166 1076 10000 
1250 10000 10000 10000 10000 875 10000 750 10000 
700 1400 1225 1050 10000 490 455 420 10000 
464 928 10000 10000 10000 325 10000 279 10000 
500 10000 10000 10000 10000 10000 10000 10000 275 
1133 10000 10000 10000 10000 10000 737 10000 10000 
577 1154 10000 866 722 404 10000 347 318 
483 10000 10000 10000 10000 10000 10000 290 10000 
880 10000 10000 10000 10000 10000 10000 10000 484 
667 10000 1168 10000 10000 10000 434 10000 10000 
600 10000 10000 10000 750 420 390 360 330 
233 466 10000 10000 10000 164 152 140 10000 
408 10000 10000 10000 10000 286 10000 245 10000 
847 10000 10000 10000 10000 10000 10000 10000 10000 
767 10000 10000 10000 10000 10000 10000 461 10000 
850 10000 10000 10000 10000 10000 10000 510 468 
780 10000 10000 10000 10000 10000 10000 468 10000 
912 10000 1596 10000 10000 10000 593 10000 502 
748 10000 10000 10000 935 10000 10000 10000 412 
1863 10000 10000 10000 10000 10000 10000 10000 10000 
714 10000 1250 10000 10000 500 465 10000 393 
1004 10000 10000 10000 1255 10000 10000 10000 553 
713 10000 10000 10000 10000 10000 10000 10000 393 
642 10000 10000 10000 10000 10000 10000 10000 354 
629 10000 10000 944 10000 10000 10000 378 10000 
1234 10000 10000 10000 10000 864 803 10000 679 
1143 10000 2001 10000 10000 801 743 10000 10000 
1266 10000 10000 1899 10000 10000 10000 760 10000 
792 1584 10000 10000 990 555 10000 476 436 
1251 10000 10000 10000 10000 10000 10000 10000 689 
1310 2620 10000 10000 1638 917 10000 10000 721 
663 10000 1161 995 10000 465 431 398 10000 
494 10000 865 10000 618 346 322 10000 272 
1288 10000 2254 10000 10000 10000 838 773 10000 
792 10000 10000 10000 10000 10000 515 10000 10000 
578 1156 10000 867 10000 405 10000 347 10000 
594 10000 10000 10000 10000 10000 10000 357 10000 
578 10000 10000 10000 10000 10000 10000 10000 10000 
622 10000 10000 10000 10000 10000 405 10000 10000 
578 10000 10000 10000 723 10000 10000 347 318 
564 10000 987 10000 10000 10000 367 339 10000 
578 10000 1012 10000 723 10000 376 10000 318 
578 10000 10000 10000 723 405 376 347 318 
578 10000 10000 867 10000 10000 376 347 10000 
578 10000 10000 10000 723 10000 376 347 318 
578 1156 10000 867 10000 405 10000 347 10000 
578 1156 1012 867 723 405 376 347 318 
578 10000 10000 867 10000 405 376 347 318 
578 1156 10000 10000 723 405 376 10000 318 
578 10000 10000 867 10000 10000 376 347 10000 
578 10000 10000 10000 723 10000 376 10000 318 
578 10000 10000 10000 10000 10000 376 347 10000 
578 10000 10000 10000 723 10000 10000 347 318 
578 1156 10000 867 10000 405 10000 347 10000 
578 10000 1012 10000 723 10000 376 347 318 
578 10000 10000 10000 723 10000 10000 10000 318 
578 10000 10000 10000 10000 10000 10000 10000 10000 
578 10000 10000 867 10000 10000 10000 347 10000 
578 10000 10000 10000 10000 405 10000 10000 10000 
578 10000 10000 10000 10000 10000 10000 10000 10000 
467 10000 10000 701 584 10000 304 281 257 
887 10000 1553 10000 10000 10000 577 533 488 
396 792 10000 10000 10000 278 10000 10000 218 
1296 10000 10000 10000 1620 10000 10000 10000 713 
1100 10000 1925 10000 1375 10000 715 10000 605 
2543 10000 10000 10000 3179 10000 10000 10000 1399 
764 10000 1337 10000 955 10000 497 459 421 
357 10000 625 10000 447 10000 233 10000 197 
701 10000 10000 10000 10000 10000 456 10000 386 
1164 10000 10000 10000 10000 815 10000 10000 10000 
286 10000 10000 10000 358 10000 10000 10000 158 
2100 10000 10000 10000 10000 10000 10000 10000 10000 
450 10000 10000 10000 563 315 10000 10000 248 
1300 10000 10000 1950 10000 10000 10000 780 10000 
3691 10000 10000 10000 10000 10000 10000 10000 2031 
