83
10
4
9.34
15.41
16.16
24.90
113
1 2
2 3
2 4
2 5
3 6
4 6
4 7
5 8
6 9
6 10
7 11
8 77
8 78
9 12
10 13
10 14
10 25
11 15
12 16
13 17
13 18
13 20
14 19
15 20
15 39
16 77
16 78
17 21
17 22
17 28
18 23
19 24
20 26
21 27
22 27
23 74
24 28
24 29
25 32
26 74
27 69
28 32
29 30
30 31
31 39
32 33
32 34
32 35
32 36
33 37
34 77
34 78
35 77
35 78
36 38
36 39
37 40
38 41
39 42
39 43
39 44
39 75
40 77
40 78
41 45
42 77
42 78
43 77
43 78
44 46
45 47
46 48
47 49
48 50
49 69
50 51
51 52
52 53
53 54
54 55
55 56
56 57
57 58
58 59
59 60
60 61
61 62
62 63
63 64
64 65
65 66
66 67
67 68
68 74
68 75
69 70
69 71
70 72
71 73
72 73
73 74
73 75
74 76
75 76
76 77
76 78
77 79
78 79
79 80
79 81
80 82
81 83
82 83
1673 10000 10000 2510 10000 10000 10000 1004 921 
985 10000 10000 10000 10000 10000 641 10000 10000 
1836 10000 10000 10000 2295 10000 10000 1102 1010 
973 1946 10000 10000 1217 682 10000 10000 536 
1700 10000 10000 10000 2125 10000 10000 10000 935 
2881 10000 5042 10000 10000 10000 1873 10000 10000 
2231 4462 10000 10000 2789 1562 1451 10000 1228 
1040 10000 10000 1560 10000 728 10000 624 10000 
1793 3586 10000 2690 10000 1256 10000 1076 10000 
1250 10000 10000 1875 10000 10000 10000 750 688 
700 10000 10000 10000 10000 10000 10000 10000 385 
464 10000 10000 10000 10000 10000 10000 10000 256 
500 10000 10000 750 10000 10000 10000 300 10000 
1133 2266 1983 1700 10000 794 737 680 10000 
577 10000 10000 10000 722 404 10000 347 318 
483 10000 846 725 10000 10000 314 290 10000 
880 10000 1540 10000 1100 616 572 10000 484 
667 10000 10000 10000 10000 10000 10000 10000 10000 
600 10000 10000 10000 10000 10000 390 10000 330 
233 10000 10000 10000 10000 10000 10000 140 129 
408 10000 714 612 10000 10000 266 245 10000 
847 10000 10000 10000 10000 10000 10000 10000 466 
767 10000 10000 10000 10000 10000 10000 10000 10000 
850 1700 10000 10000 10000 595 10000 510 10000 
780 10000 10000 1170 975 546 507 468 429 
912 1824 10000 10000 1140 639 10000 10000 502 
748 10000 10000 10000 10000 524 10000 10000 412 
1863 10000 3261 10000 10000 10000 1211 10000 10000 
714 10000 10000 10000 893 10000 10000 429 393 
1004 10000 10000 10000 10000 10000 653 10000 10000 
713 1426 10000 10000 10000 500 464 428 393 
642 1284 1124 10000 803 450 418 386 354 
629 10000 10000 10000 787 441 10000 378 346 
1234 2468 10000 1851 10000 864 10000 741 679 
1143 10000 2001 1715 10000 10000 743 686 10000 
1266 10000 10000 1899 10000 887 823 760 697 
792 10000 10000 10000 990 555 10000 476 436 
1251 10000 10000 10000 10000 876 10000 751 10000 
1310 10000 10000 10000 10000 10000 852 10000 10000 
663 1326 10000 10000 10000 465 10000 10000 365 
494 988 10000 10000 10000 346 10000 297 10000 
1288 10000 10000 10000 10000 10000 10000 10000 709 
792 1584 10000 10000 10000 555 10000 10000 10000 
578 1156 10000 10000 723 405 10000 347 318 
594 1188 10000 891 10000 416 387 357 10000 
578 10000 10000 867 723 405 376 347 318 
622 10000 1089 10000 10000 436 405 10000 343 
578 1156 1012 867 723 405 376 347 318 
564 1128 10000 10000 705 395 10000 10000 311 
578 1156 10000 10000 10000 405 10000 10000 10000 
578 10000 1012 867 10000 10000 376 347 10000 
578 10000 10000 10000 10000 10000 10000 347 10000 
578 10000 10000 10000 10000 10000 10000 10000 318 
578 10000 1012 10000 10000 405 376 347 318 
578 1156 10000 867 10000 405 10000 347 10000 
578 10000 10000 10000 10000 405 10000 10000 10000 
578 10000 10000 867 10000 405 10000 347 10000 
578 10000 10000 867 10000 405 10000 347 10000 
578 10000 10000 867 10000 10000 376 347 318 
578 10000 10000 10000 10000 10000 10000 10000 10000 
578 10000 10000 10000 723 10000 10000 10000 318 
578 10000 1012 867 10000 10000 376 347 318 
578 10000 10000 10000 10000 10000 10000 347 318 
578 10000 10000 10000 10000 10000 10000 347 318 
578 10000 10000 867 10000 10000 10000 347 318 
578 1156 10000 10000 10000 405 10000 10000 10000 
578 10000 10000 10000 10000 405 376 10000 10000 
578 1156 10000 10000 10000 405 376 10000 318 
467 10000 10000 10000 10000 10000 10000 281 257 
887 10000 10000 10000 10000 10000 10000 10000 10000 
396 792 10000 10000 10000 278 10000 10000 10000 
1296 10000 2268 10000 10000 908 843 10000 713 
1100 10000 1925 10000 10000 770 715 10000 605 
2543 10000 10000 10000 10000 10000 1653 10000 10000 
764 10000 10000 10000 10000 10000 10000 10000 10000 
357 714 10000 10000 10000 250 233 10000 10000 
701 10000 1227 10000 877 491 456 10000 386 
1164 10000 2037 10000 1455 815 757 10000 641 
286 572 10000 10000 10000 201 186 172 10000 
2100 10000 10000 10000 10000 10000 10000 10000 1155 
450 10000 10000 10000 563 10000 293 10000 248 
1300 10000 2275 10000 10000 10000 845 10000 715 
3691 10000 10000 10000 10000 10000 10000 10000 2031 
