83
14
4
9.49
13.18
20.36
21.10
113
1 2
2 3
2 4
2 5
3 6
4 6
4 7
5 8
6 9
6 10
7 11
8 77
8 78
9 12
10 13
10 14
10 25
11 15
12 16
13 17
13 18
13 20
14 19
15 20
15 39
16 77
16 78
17 21
17 22
17 28
18 23
19 24
20 26
21 27
22 27
23 74
24 28
24 29
25 32
26 74
27 69
28 32
29 30
30 31
31 39
32 33
32 34
32 35
32 36
33 37
34 77
34 78
35 77
35 78
36 38
36 39
37 40
38 41
39 42
39 43
39 44
39 75
40 77
40 78
41 45
42 77
42 78
43 77
43 78
44 46
45 47
46 48
47 49
48 50
49 69
50 51
51 52
52 53
53 54
54 55
55 56
56 57
57 58
58 59
59 60
60 61
61 62
62 63
63 64
64 65
65 66
66 67
67 68
68 74
68 75
69 70
69 71
70 72
71 73
72 73
73 74
73 75
74 76
75 76
76 77
76 78
77 79
78 79
79 80
79 81
80 82
81 83
82 83
1673 10000 2928 10000 2092 1172 1088 10000 921 
985 10000 10000 10000 10000 10000 10000 10000 10000 
1836 10000 10000 10000 10000 10000 1194 10000 10000 
973 1946 10000 10000 10000 682 633 10000 536 
1700 10000 10000 2550 10000 10000 10000 1020 935 
2881 10000 10000 4322 3602 2017 1873 1729 1585 
2231 4462 10000 10000 10000 1562 10000 10000 1228 
1040 2080 10000 1560 10000 728 10000 624 10000 
1793 3586 10000 2690 10000 1256 10000 1076 987 
1250 10000 10000 10000 10000 10000 813 750 10000 
700 10000 1225 10000 10000 10000 455 420 10000 
464 10000 10000 696 580 10000 10000 279 256 
500 10000 10000 10000 625 10000 10000 10000 275 
1133 10000 10000 10000 10000 10000 10000 10000 10000 
577 10000 10000 866 722 10000 376 347 318 
483 10000 10000 725 10000 339 314 290 266 
880 10000 10000 1320 10000 10000 10000 528 484 
667 1334 10000 10000 10000 467 10000 10000 367 
600 10000 10000 10000 750 10000 10000 10000 330 
233 10000 408 10000 10000 10000 152 10000 129 
408 10000 10000 10000 10000 10000 10000 10000 10000 
847 10000 10000 10000 10000 10000 551 509 466 
767 10000 10000 10000 959 10000 10000 10000 422 
850 10000 1488 10000 10000 10000 553 10000 10000 
780 10000 10000 10000 10000 546 10000 10000 429 
912 10000 10000 1368 1140 10000 10000 548 502 
748 10000 1309 1122 10000 10000 487 449 412 
1863 10000 10000 10000 10000 10000 1211 10000 10000 
714 10000 10000 10000 10000 500 465 10000 10000 
1004 10000 10000 10000 10000 10000 10000 10000 553 
713 10000 10000 10000 892 10000 10000 428 393 
642 10000 10000 10000 10000 450 10000 10000 10000 
629 10000 10000 10000 787 10000 10000 378 346 
1234 10000 10000 10000 10000 10000 803 741 679 
1143 10000 10000 10000 10000 801 10000 10000 10000 
1266 10000 10000 10000 10000 10000 10000 10000 10000 
792 1584 10000 10000 10000 555 10000 10000 10000 
1251 10000 10000 10000 10000 10000 814 751 10000 
1310 10000 10000 1965 1638 917 852 786 721 
663 10000 10000 995 10000 10000 10000 398 365 
494 10000 865 10000 10000 10000 322 10000 10000 
1288 10000 10000 10000 10000 10000 10000 10000 709 
792 1584 10000 10000 10000 555 515 476 10000 
578 10000 10000 867 10000 10000 376 347 10000 
594 1188 10000 10000 10000 416 10000 10000 10000 
578 10000 10000 10000 10000 405 376 10000 318 
622 10000 10000 10000 10000 10000 405 10000 343 
578 10000 10000 10000 10000 10000 376 347 10000 
564 10000 10000 10000 10000 10000 10000 10000 10000 
578 10000 10000 10000 10000 405 10000 10000 10000 
578 10000 10000 10000 10000 10000 10000 347 10000 
578 10000 10000 867 10000 10000 10000 347 10000 
578 10000 10000 10000 10000 10000 10000 10000 10000 
578 10000 10000 10000 10000 10000 10000 10000 10000 
578 1156 10000 10000 10000 405 10000 10000 10000 
578 10000 10000 867 10000 405 376 347 10000 
578 10000 10000 10000 723 10000 10000 10000 318 
578 10000 1012 10000 723 10000 376 10000 318 
578 10000 1012 10000 10000 405 376 10000 318 
578 10000 10000 10000 10000 10000 10000 10000 318 
578 10000 1012 10000 10000 10000 376 10000 318 
578 10000 10000 10000 10000 405 10000 347 10000 
578 1156 10000 10000 10000 405 10000 10000 10000 
578 1156 10000 10000 10000 405 376 10000 10000 
578 10000 10000 10000 10000 405 10000 347 10000 
578 10000 10000 10000 10000 405 10000 10000 10000 
578 10000 10000 10000 10000 405 10000 10000 10000 
578 10000 10000 10000 10000 10000 376 347 318 
467 10000 818 701 10000 327 304 281 10000 
887 10000 10000 10000 1109 621 10000 10000 488 
396 10000 10000 10000 10000 10000 258 10000 10000 
1296 10000 10000 10000 10000 10000 843 778 713 
1100 10000 10000 10000 10000 10000 715 10000 605 
2543 5086 10000 10000 3179 1781 10000 10000 1399 
764 10000 10000 10000 955 10000 497 10000 421 
357 10000 10000 10000 447 250 10000 215 197 
701 10000 10000 10000 10000 10000 10000 10000 10000 
1164 10000 10000 10000 10000 815 10000 10000 641 
286 10000 10000 10000 10000 10000 10000 10000 158 
2100 10000 10000 3150 2625 10000 10000 1260 1155 
450 10000 10000 10000 10000 10000 10000 10000 10000 
1300 10000 2275 10000 10000 10000 845 10000 715 
3691 10000 10000 5537 4614 10000 10000 2215 2031 
