83
8
4
10.53
14.98
16.01
24.93
113
1 2
2 3
2 4
2 5
3 6
4 6
4 7
5 8
6 9
6 10
7 11
8 77
8 78
9 12
10 13
10 14
10 25
11 15
12 16
13 17
13 18
13 20
14 19
15 20
15 39
16 77
16 78
17 21
17 22
17 28
18 23
19 24
20 26
21 27
22 27
23 74
24 28
24 29
25 32
26 74
27 69
28 32
29 30
30 31
31 39
32 33
32 34
32 35
32 36
33 37
34 77
34 78
35 77
35 78
36 38
36 39
37 40
38 41
39 42
39 43
39 44
39 75
40 77
40 78
41 45
42 77
42 78
43 77
43 78
44 46
45 47
46 48
47 49
48 50
49 69
50 51
51 52
52 53
53 54
54 55
55 56
56 57
57 58
58 59
59 60
60 61
61 62
62 63
63 64
64 65
65 66
66 67
67 68
68 74
68 75
69 70
69 71
70 72
71 73
72 73
73 74
73 75
74 76
75 76
76 77
76 78
77 79
78 79
79 80
79 81
80 82
81 83
82 83
1673 3346 10000 2510 10000 1172 10000 1004 10000 
985 10000 10000 1478 10000 10000 10000 591 542 
1836 10000 10000 10000 10000 10000 1194 10000 1010 
973 10000 10000 10000 10000 10000 633 10000 10000 
1700 10000 10000 10000 10000 10000 1105 10000 10000 
2881 10000 10000 10000 10000 2017 1873 10000 10000 
2231 4462 10000 10000 10000 1562 1451 1339 1228 
1040 10000 10000 10000 10000 10000 10000 624 10000 
1793 10000 10000 10000 10000 10000 10000 1076 10000 
1250 10000 10000 1875 10000 875 10000 750 10000 
700 10000 1225 10000 10000 490 455 10000 10000 
464 10000 812 10000 10000 325 302 10000 10000 
500 10000 10000 10000 625 10000 325 10000 275 
1133 2266 10000 1700 10000 794 737 680 10000 
577 10000 10000 866 10000 10000 10000 347 318 
483 966 10000 10000 10000 339 314 10000 10000 
880 10000 1540 1320 10000 10000 572 528 10000 
667 10000 10000 1001 10000 467 10000 401 10000 
600 10000 1050 10000 10000 10000 390 10000 10000 
233 466 408 350 10000 164 152 140 10000 
408 10000 10000 10000 10000 286 266 10000 10000 
847 10000 10000 10000 10000 593 551 10000 466 
767 10000 1343 10000 959 10000 499 10000 422 
850 10000 10000 10000 10000 10000 10000 10000 468 
780 10000 1365 1170 10000 10000 507 468 10000 
912 10000 10000 10000 10000 10000 10000 10000 10000 
748 10000 1309 1122 10000 10000 487 449 10000 
1863 3726 10000 2795 10000 1305 10000 1118 10000 
714 1428 1250 10000 10000 500 465 10000 393 
1004 2008 10000 10000 1255 703 10000 10000 553 
713 10000 10000 1070 10000 10000 464 428 10000 
642 10000 10000 10000 10000 450 10000 386 10000 
629 10000 10000 944 10000 10000 10000 378 10000 
1234 10000 10000 1851 1543 10000 10000 741 679 
1143 10000 10000 10000 10000 10000 10000 10000 10000 
1266 10000 10000 10000 10000 10000 10000 10000 10000 
792 10000 1386 10000 990 555 515 476 436 
1251 10000 10000 1877 10000 876 814 751 689 
1310 10000 2293 10000 1638 917 852 10000 721 
663 1326 1161 10000 10000 465 431 10000 10000 
494 10000 10000 10000 10000 10000 10000 297 10000 
1288 2576 10000 10000 10000 902 838 10000 10000 
792 10000 10000 10000 990 10000 10000 10000 436 
578 10000 1012 867 10000 10000 376 347 318 
594 1188 10000 10000 10000 416 387 357 327 
578 1156 1012 10000 10000 405 376 10000 318 
622 10000 10000 10000 10000 10000 10000 10000 10000 
578 10000 1012 867 10000 10000 376 347 318 
564 10000 10000 10000 10000 10000 10000 339 10000 
578 10000 10000 10000 723 405 10000 10000 318 
578 10000 10000 10000 10000 10000 376 10000 318 
578 1156 1012 10000 10000 405 376 10000 318 
578 1156 1012 10000 723 405 376 10000 318 
578 10000 10000 10000 10000 10000 376 347 10000 
578 10000 10000 10000 10000 10000 10000 10000 10000 
578 10000 1012 867 723 405 376 347 318 
578 10000 10000 10000 723 10000 10000 10000 318 
578 10000 10000 10000 10000 10000 10000 10000 318 
578 1156 10000 10000 10000 405 10000 10000 10000 
578 10000 10000 867 10000 10000 376 347 318 
578 10000 1012 10000 723 10000 376 10000 318 
578 1156 10000 10000 10000 405 10000 347 10000 
578 10000 10000 10000 723 405 10000 10000 318 
578 1156 10000 10000 10000 405 376 347 318 
578 10000 10000 10000 10000 10000 376 10000 10000 
578 10000 10000 867 10000 10000 10000 347 10000 
578 1156 10000 867 10000 405 10000 347 10000 
578 1156 10000 10000 10000 405 10000 10000 10000 
467 10000 818 701 584 327 304 281 257 
887 10000 10000 1331 1109 10000 10000 533 488 
396 792 693 10000 10000 278 258 10000 10000 
1296 10000 2268 1944 10000 10000 843 778 713 
1100 10000 10000 1650 1375 10000 10000 660 605 
2543 10000 10000 3815 10000 10000 10000 1526 10000 
764 1528 10000 10000 10000 535 10000 459 421 
357 10000 10000 10000 10000 250 233 10000 197 
701 10000 10000 10000 10000 10000 10000 10000 386 
1164 10000 10000 10000 1455 10000 757 10000 641 
286 10000 10000 10000 10000 10000 186 10000 10000 
2100 10000 10000 3150 10000 1470 1365 1260 1155 
450 10000 10000 675 10000 315 10000 270 10000 
1300 10000 10000 10000 10000 10000 10000 10000 715 
3691 10000 10000 10000 10000 10000 2400 10000 10000 
