83
11
4
10.40
15.59
17.49
19.94
113
1 2
2 3
2 4
2 5
3 6
4 6
4 7
5 8
6 9
6 10
7 11
8 77
8 78
9 12
10 13
10 14
10 25
11 15
12 16
13 17
13 18
13 20
14 19
15 20
15 39
16 77
16 78
17 21
17 22
17 28
18 23
19 24
20 26
21 27
22 27
23 74
24 28
24 29
25 32
26 74
27 69
28 32
29 30
30 31
31 39
32 33
32 34
32 35
32 36
33 37
34 77
34 78
35 77
35 78
36 38
36 39
37 40
38 41
39 42
39 43
39 44
39 75
40 77
40 78
41 45
42 77
42 78
43 77
43 78
44 46
45 47
46 48
47 49
48 50
49 69
50 51
51 52
52 53
53 54
54 55
55 56
56 57
57 58
58 59
59 60
60 61
61 62
62 63
63 64
64 65
65 66
66 67
67 68
68 74
68 75
69 70
69 71
70 72
71 73
72 73
73 74
73 75
74 76
75 76
76 77
76 78
77 79
78 79
79 80
79 81
80 82
81 83
82 83
1673 10000 2928 2510 10000 1172 1088 1004 921 
985 10000 10000 10000 1232 10000 10000 10000 542 
1836 10000 10000 10000 10000 1286 10000 1102 10000 
973 10000 10000 10000 1217 10000 633 584 536 
1700 10000 10000 10000 10000 1190 10000 1020 935 
2881 5762 10000 10000 3602 2017 10000 10000 1585 
2231 10000 10000 10000 10000 10000 1451 10000 10000 
1040 2080 10000 10000 1300 728 676 624 572 
1793 10000 10000 2690 2242 1256 1166 1076 987 
1250 10000 10000 10000 10000 10000 10000 10000 688 
700 10000 10000 10000 10000 10000 455 10000 385 
464 10000 812 696 580 10000 302 279 256 
500 10000 875 10000 10000 10000 325 10000 10000 
1133 10000 10000 10000 10000 794 10000 680 624 
577 1154 1010 10000 10000 404 376 347 318 
483 10000 10000 10000 10000 10000 314 10000 266 
880 10000 1540 10000 10000 10000 572 10000 10000 
667 1334 10000 10000 834 467 10000 10000 367 
600 10000 10000 10000 10000 10000 10000 10000 10000 
233 10000 10000 10000 292 10000 10000 140 129 
408 10000 10000 612 10000 10000 10000 245 10000 
847 10000 10000 10000 10000 10000 10000 509 466 
767 10000 10000 10000 10000 10000 499 10000 10000 
850 10000 10000 10000 10000 10000 10000 10000 468 
780 10000 10000 1170 10000 546 10000 468 429 
912 10000 10000 10000 10000 639 593 548 502 
748 10000 1309 10000 10000 10000 487 449 412 
1863 3726 10000 2795 10000 1305 1211 1118 10000 
714 1428 10000 10000 893 500 10000 429 393 
1004 10000 10000 10000 10000 10000 10000 603 553 
713 10000 1248 10000 892 10000 464 10000 393 
642 1284 10000 963 10000 450 10000 386 354 
629 10000 10000 10000 787 441 10000 10000 346 
1234 10000 10000 1851 1543 10000 803 741 679 
1143 10000 10000 1715 10000 801 10000 686 629 
1266 10000 10000 10000 10000 10000 10000 10000 10000 
792 10000 10000 10000 990 10000 10000 10000 436 
1251 10000 10000 10000 10000 10000 10000 10000 10000 
1310 2620 10000 1965 10000 917 10000 786 10000 
663 10000 1161 10000 10000 10000 431 10000 365 
494 988 865 10000 618 346 322 297 272 
1288 10000 10000 10000 1610 10000 10000 10000 709 
792 10000 10000 10000 990 555 515 10000 436 
578 10000 10000 10000 10000 10000 10000 10000 10000 
594 10000 10000 10000 743 416 387 10000 327 
578 10000 10000 10000 723 10000 10000 10000 318 
622 1244 10000 933 10000 436 10000 374 343 
578 10000 10000 10000 723 10000 376 10000 318 
564 10000 10000 846 705 10000 10000 339 311 
578 10000 10000 10000 723 10000 10000 10000 318 
578 10000 10000 10000 723 10000 10000 10000 318 
578 10000 10000 867 723 10000 376 347 318 
578 10000 10000 10000 10000 10000 376 10000 318 
578 1156 1012 867 10000 405 376 347 10000 
578 10000 1012 867 10000 10000 376 347 10000 
578 1156 10000 10000 10000 405 376 347 10000 
578 10000 10000 867 10000 405 10000 347 10000 
578 1156 10000 10000 723 405 10000 10000 318 
578 10000 10000 10000 10000 10000 10000 347 10000 
578 10000 10000 10000 10000 10000 376 347 318 
578 10000 10000 10000 10000 10000 10000 10000 10000 
578 1156 10000 10000 723 405 10000 10000 318 
578 1156 10000 10000 10000 405 376 347 10000 
578 10000 10000 10000 10000 405 10000 10000 10000 
578 10000 10000 867 10000 10000 10000 347 318 
578 10000 10000 10000 10000 10000 376 10000 10000 
578 10000 1012 867 10000 10000 376 347 10000 
578 10000 1012 10000 10000 10000 376 347 318 
467 10000 10000 10000 584 10000 10000 281 257 
887 1774 10000 10000 10000 621 10000 10000 10000 
396 10000 693 10000 10000 10000 258 10000 10000 
1296 10000 10000 10000 10000 10000 843 10000 10000 
1100 10000 10000 10000 1375 10000 10000 660 605 
2543 5086 10000 10000 10000 1781 1653 10000 10000 
764 10000 10000 10000 10000 10000 10000 10000 10000 
357 10000 10000 10000 447 10000 233 10000 197 
701 10000 10000 10000 10000 10000 456 421 10000 
1164 2328 10000 1746 10000 815 757 699 10000 
286 572 10000 10000 10000 201 186 10000 158 
2100 10000 3675 3150 10000 10000 1365 1260 1155 
450 900 10000 675 10000 315 10000 270 248 
1300 10000 10000 10000 10000 910 10000 780 10000 
3691 10000 10000 10000 4614 10000 10000 2215 2031 
