83
9
4
10.20
12.98
15.72
19.25
113
1 2
2 3
2 4
2 5
3 6
4 6
4 7
5 8
6 9
6 10
7 11
8 77
8 78
9 12
10 13
10 14
10 25
11 15
12 16
13 17
13 18
13 20
14 19
15 20
15 39
16 77
16 78
17 21
17 22
17 28
18 23
19 24
20 26
21 27
22 27
23 74
24 28
24 29
25 32
26 74
27 69
28 32
29 30
30 31
31 39
32 33
32 34
32 35
32 36
33 37
34 77
34 78
35 77
35 78
36 38
36 39
37 40
38 41
39 42
39 43
39 44
39 75
40 77
40 78
41 45
42 77
42 78
43 77
43 78
44 46
45 47
46 48
47 49
48 50
49 69
50 51
51 52
52 53
53 54
54 55
55 56
56 57
57 58
58 59
59 60
60 61
61 62
62 63
63 64
64 65
65 66
66 67
67 68
68 74
68 75
69 70
69 71
70 72
71 73
72 73
73 74
73 75
74 76
75 76
76 77
76 78
77 79
78 79
79 80
79 81
80 82
81 83
82 83
1673 10000 10000 10000 10000 1172 10000 1004 10000 
985 10000 10000 10000 1232 10000 10000 10000 542 
1836 10000 10000 10000 10000 1286 10000 10000 10000 
973 10000 10000 10000 10000 682 10000 10000 536 
1700 10000 10000 10000 10000 10000 10000 10000 935 
2881 10000 10000 4322 10000 10000 10000 1729 10000 
2231 10000 10000 3347 2789 10000 10000 1339 1228 
1040 10000 10000 1560 10000 10000 10000 624 10000 
1793 10000 10000 10000 10000 10000 10000 1076 987 
1250 10000 10000 10000 10000 10000 10000 10000 688 
700 10000 10000 10000 10000 10000 455 420 10000 
464 10000 10000 696 580 10000 10000 279 256 
500 10000 10000 750 10000 10000 10000 300 275 
1133 10000 1983 10000 10000 794 737 10000 10000 
577 10000 10000 10000 10000 10000 10000 10000 10000 
483 10000 10000 10000 604 10000 314 10000 266 
880 10000 10000 10000 10000 10000 572 528 10000 
667 10000 10000 10000 834 10000 10000 401 367 
600 10000 10000 900 750 10000 10000 360 330 
233 10000 10000 10000 292 10000 10000 140 129 
408 10000 714 10000 510 286 266 245 225 
847 10000 10000 10000 10000 10000 10000 10000 10000 
767 10000 1343 10000 10000 537 499 10000 422 
850 10000 10000 1275 10000 595 10000 510 468 
780 1560 10000 10000 975 546 10000 468 429 
912 10000 10000 10000 10000 639 10000 10000 10000 
748 10000 10000 10000 10000 10000 10000 449 412 
1863 10000 10000 2795 10000 1305 1211 1118 10000 
714 1428 10000 10000 10000 500 465 10000 393 
1004 2008 1757 10000 1255 703 653 603 553 
713 1426 1248 10000 10000 500 464 10000 393 
642 10000 10000 10000 10000 10000 10000 386 354 
629 10000 1101 944 10000 10000 409 378 346 
1234 10000 10000 10000 10000 864 10000 10000 679 
1143 10000 2001 10000 10000 10000 743 10000 10000 
1266 10000 10000 10000 1583 10000 10000 760 697 
792 1584 1386 10000 990 555 515 10000 436 
1251 2502 10000 10000 10000 876 10000 10000 689 
1310 2620 10000 1965 10000 917 852 786 10000 
663 10000 10000 10000 10000 10000 10000 10000 10000 
494 10000 865 10000 618 10000 322 10000 272 
1288 10000 10000 1932 10000 10000 10000 773 10000 
792 10000 10000 1188 990 10000 10000 476 436 
578 10000 10000 10000 723 405 10000 10000 318 
594 10000 10000 10000 10000 10000 387 10000 327 
578 10000 10000 10000 10000 10000 10000 10000 10000 
622 10000 1089 933 10000 10000 405 374 10000 
578 10000 10000 10000 723 10000 10000 347 318 
564 10000 10000 10000 10000 10000 10000 339 10000 
578 1156 10000 10000 10000 405 376 10000 10000 
578 1156 10000 10000 723 405 376 10000 318 
578 1156 10000 10000 10000 405 376 347 10000 
578 10000 10000 867 723 10000 10000 347 318 
578 10000 1012 10000 723 10000 376 10000 318 
578 10000 10000 10000 10000 10000 10000 10000 10000 
578 1156 10000 10000 10000 405 10000 10000 10000 
578 1156 10000 10000 10000 405 376 10000 318 
578 10000 10000 10000 10000 10000 10000 10000 10000 
578 1156 10000 867 723 405 10000 347 318 
578 10000 10000 10000 10000 405 10000 10000 10000 
578 10000 1012 10000 10000 10000 376 347 318 
578 1156 10000 10000 10000 405 376 10000 318 
578 10000 10000 10000 10000 10000 376 10000 318 
578 1156 10000 867 723 405 10000 347 318 
578 10000 10000 10000 10000 405 10000 10000 10000 
578 10000 1012 10000 10000 405 376 10000 10000 
578 10000 10000 10000 10000 10000 376 10000 10000 
578 10000 10000 867 723 10000 10000 347 318 
467 10000 818 10000 10000 10000 304 10000 257 
887 10000 10000 1331 10000 10000 10000 533 10000 
396 10000 10000 10000 10000 278 10000 10000 10000 
1296 2592 10000 10000 1620 908 10000 10000 713 
1100 10000 10000 10000 10000 10000 10000 660 605 
2543 10000 10000 10000 10000 10000 10000 10000 10000 
764 10000 1337 1146 10000 10000 497 459 10000 
357 10000 10000 536 10000 10000 10000 215 197 
701 10000 1227 10000 10000 10000 456 10000 10000 
1164 10000 2037 10000 10000 10000 757 699 641 
286 10000 501 429 10000 10000 186 172 158 
2100 10000 10000 10000 10000 10000 10000 10000 10000 
450 10000 10000 10000 563 10000 10000 270 248 
1300 10000 10000 10000 1625 910 10000 10000 715 
3691 7382 10000 10000 4614 2584 2400 10000 2031 
