83
6
4
10.45
14.71
19.07
25.12
113
1 2
2 3
2 4
2 5
3 6
4 6
4 7
5 8
6 9
6 10
7 11
8 77
8 78
9 12
10 13
10 14
10 25
11 15
12 16
13 17
13 18
13 20
14 19
15 20
15 39
16 77
16 78
17 21
17 22
17 28
18 23
19 24
20 26
21 27
22 27
23 74
24 28
24 29
25 32
26 74
27 69
28 32
29 30
30 31
31 39
32 33
32 34
32 35
32 36
33 37
34 77
34 78
35 77
35 78
36 38
36 39
37 40
38 41
39 42
39 43
39 44
39 75
40 77
40 78
41 45
42 77
42 78
43 77
43 78
44 46
45 47
46 48
47 49
48 50
49 69
50 51
51 52
52 53
53 54
54 55
55 56
56 57
57 58
58 59
59 60
60 61
61 62
62 63
63 64
64 65
65 66
66 67
67 68
68 74
68 75
69 70
69 71
70 72
71 73
72 73
73 74
73 75
74 76
75 76
76 77
76 78
77 79
78 79
79 80
79 81
80 82
81 83
82 83
1673 3346 10000 2510 2092 1172 1088 1004 921 
985 10000 10000 10000 10000 690 10000 10000 10000 
1836 10000 10000 10000 10000 1286 10000 10000 10000 
973 1946 10000 10000 10000 682 633 10000 536 
1700 3400 10000 10000 10000 1190 10000 10000 10000 
2881 10000 10000 10000 3602 2017 10000 10000 1585 
2231 10000 10000 3347 10000 10000 1451 1339 10000 
1040 10000 10000 1560 10000 10000 10000 624 10000 
1793 10000 10000 10000 10000 10000 10000 10000 10000 
1250 10000 10000 1875 1563 10000 10000 750 688 
700 10000 10000 10000 10000 10000 455 420 10000 
464 10000 10000 10000 10000 10000 10000 10000 256 
500 10000 10000 10000 10000 10000 10000 10000 275 
1133 10000 1983 10000 10000 794 737 680 10000 
577 10000 10000 866 10000 10000 10000 347 10000 
483 10000 10000 10000 10000 339 10000 290 10000 
880 10000 10000 10000 10000 10000 10000 10000 484 
667 10000 10000 1001 10000 10000 10000 401 367 
600 10000 10000 10000 10000 420 10000 360 10000 
233 10000 10000 10000 10000 10000 152 140 129 
408 816 10000 10000 510 286 10000 10000 225 
847 10000 10000 10000 10000 10000 10000 509 466 
767 10000 10000 10000 10000 537 499 10000 422 
850 1700 10000 10000 10000 595 10000 10000 10000 
780 10000 10000 10000 10000 10000 507 10000 10000 
912 10000 10000 10000 1140 10000 10000 548 502 
748 10000 10000 10000 935 10000 10000 10000 412 
1863 10000 10000 10000 2329 10000 10000 10000 1025 
714 10000 10000 10000 10000 10000 10000 429 393 
1004 10000 10000 10000 1255 703 653 10000 553 
713 10000 10000 10000 10000 10000 10000 428 10000 
642 1284 10000 10000 10000 450 10000 10000 10000 
629 10000 10000 10000 10000 441 409 378 10000 
1234 10000 10000 1851 10000 10000 10000 741 10000 
1143 2286 10000 10000 1429 801 743 686 629 
1266 10000 10000 10000 10000 10000 823 10000 697 
792 1584 10000 1188 990 555 10000 476 436 
1251 2502 2190 1877 10000 876 814 751 689 
1310 10000 10000 1965 1638 10000 10000 786 721 
663 10000 10000 995 10000 465 10000 398 10000 
494 10000 865 10000 10000 346 322 297 272 
1288 2576 2254 10000 1610 902 838 773 709 
792 10000 10000 10000 10000 10000 515 476 10000 
578 10000 1012 10000 10000 10000 376 10000 318 
594 10000 1040 10000 10000 10000 387 357 10000 
578 10000 10000 10000 10000 10000 10000 10000 318 
622 10000 10000 10000 10000 436 10000 10000 10000 
578 10000 10000 10000 10000 405 10000 10000 10000 
564 10000 987 10000 10000 395 367 10000 311 
578 10000 10000 10000 10000 10000 10000 10000 318 
578 10000 10000 867 10000 10000 10000 347 318 
578 10000 10000 10000 10000 10000 10000 347 318 
578 10000 10000 10000 10000 10000 10000 347 10000 
578 10000 10000 10000 10000 10000 376 10000 10000 
578 10000 1012 10000 10000 10000 376 347 318 
578 10000 10000 10000 10000 10000 10000 347 10000 
578 10000 10000 867 10000 10000 10000 347 10000 
578 1156 10000 10000 10000 405 10000 10000 318 
578 10000 10000 10000 10000 10000 10000 10000 318 
578 10000 10000 10000 10000 405 10000 347 318 
578 10000 10000 867 10000 10000 10000 347 10000 
578 10000 10000 10000 723 405 10000 347 318 
578 10000 10000 10000 10000 10000 10000 10000 10000 
578 10000 1012 867 723 10000 376 347 318 
578 1156 1012 10000 723 405 376 347 318 
578 1156 1012 10000 10000 405 376 347 10000 
578 10000 10000 867 723 405 10000 347 318 
578 10000 1012 10000 10000 10000 376 347 10000 
467 934 10000 10000 10000 327 10000 10000 257 
887 10000 1553 10000 1109 10000 577 533 488 
396 10000 10000 594 495 10000 10000 238 218 
1296 2592 10000 10000 1620 908 10000 778 713 
1100 10000 10000 1650 10000 770 10000 660 10000 
2543 10000 10000 3815 3179 1781 10000 1526 1399 
764 1528 10000 1146 10000 535 10000 459 10000 
357 10000 625 10000 10000 10000 233 10000 10000 
701 10000 10000 10000 877 10000 10000 421 386 
1164 10000 10000 1746 10000 10000 757 699 10000 
286 10000 10000 10000 10000 10000 10000 10000 10000 
2100 10000 10000 10000 2625 1470 10000 10000 1155 
450 900 10000 10000 10000 315 10000 10000 10000 
1300 2600 10000 10000 10000 910 10000 10000 10000 
3691 10000 10000 10000 10000 10000 10000 10000 10000 
