83
22
4
9.81
15.00
18.17
25.02
113
1 2
2 3
2 4
2 5
3 6
4 6
4 7
5 8
6 9
6 10
7 11
8 77
8 78
9 12
10 13
10 14
10 25
11 15
12 16
13 17
13 18
13 20
14 19
15 20
15 39
16 77
16 78
17 21
17 22
17 28
18 23
19 24
20 26
21 27
22 27
23 74
24 28
24 29
25 32
26 74
27 69
28 32
29 30
30 31
31 39
32 33
32 34
32 35
32 36
33 37
34 77
34 78
35 77
35 78
36 38
36 39
37 40
38 41
39 42
39 43
39 44
39 75
40 77
40 78
41 45
42 77
42 78
43 77
43 78
44 46
45 47
46 48
47 49
48 50
49 69
50 51
51 52
52 53
53 54
54 55
55 56
56 57
57 58
58 59
59 60
60 61
61 62
62 63
63 64
64 65
65 66
66 67
67 68
68 74
68 75
69 70
69 71
70 72
71 73
72 73
73 74
73 75
74 76
75 76
76 77
76 78
77 79
78 79
79 80
79 81
80 82
81 83
82 83
1673 10000 10000 10000 10000 10000 10000 10000 10000 
985 10000 10000 10000 10000 690 10000 591 10000 
1836 10000 3213 10000 10000 10000 1194 10000 10000 
973 10000 1703 1460 10000 682 633 584 10000 
1700 10000 10000 10000 2125 10000 1105 10000 935 
2881 5762 10000 4322 3602 2017 10000 1729 1585 
2231 10000 10000 10000 10000 10000 10000 10000 10000 
1040 10000 10000 1560 10000 10000 676 624 572 
1793 3586 10000 10000 2242 1256 10000 1076 987 
1250 10000 10000 10000 1563 10000 10000 10000 688 
700 10000 10000 10000 10000 10000 10000 10000 385 
464 10000 10000 10000 10000 10000 302 10000 10000 
500 10000 875 10000 10000 10000 325 10000 275 
1133 10000 1983 1700 1417 794 737 680 624 
577 10000 10000 10000 722 404 10000 10000 318 
483 10000 10000 10000 10000 10000 10000 290 266 
880 10000 10000 10000 10000 10000 10000 528 484 
667 1334 1168 1001 834 467 434 401 367 
600 10000 10000 900 10000 10000 10000 360 10000 
233 10000 408 10000 10000 10000 152 10000 129 
408 10000 10000 10000 10000 10000 10000 245 10000 
847 10000 10000 10000 1059 10000 10000 509 466 
767 10000 10000 1151 959 10000 499 461 422 
850 1700 10000 10000 1063 595 10000 10000 468 
780 10000 10000 10000 975 10000 10000 468 429 
912 10000 10000 10000 10000 10000 10000 10000 10000 
748 10000 10000 1122 10000 10000 487 449 10000 
1863 10000 10000 10000 2329 10000 10000 1118 1025 
714 10000 1250 10000 893 500 465 429 393 
1004 10000 1757 1506 10000 10000 653 603 10000 
713 10000 1248 10000 892 500 464 10000 393 
642 10000 10000 10000 803 450 10000 10000 354 
629 10000 10000 10000 787 10000 10000 10000 346 
1234 10000 10000 10000 10000 10000 10000 10000 10000 
1143 10000 10000 1715 10000 10000 10000 686 10000 
1266 10000 2216 10000 10000 10000 823 10000 10000 
792 10000 1386 10000 10000 10000 515 10000 436 
1251 10000 10000 10000 10000 10000 10000 10000 10000 
1310 2620 10000 10000 10000 917 10000 786 10000 
663 10000 10000 995 10000 10000 10000 398 10000 
494 10000 10000 10000 10000 346 10000 297 10000 
1288 10000 10000 10000 10000 10000 10000 10000 10000 
792 10000 10000 10000 10000 10000 515 476 10000 
578 1156 1012 10000 10000 405 376 10000 10000 
594 10000 10000 10000 10000 10000 387 10000 10000 
578 10000 10000 10000 723 405 10000 10000 318 
622 10000 1089 10000 10000 10000 405 10000 10000 
578 10000 10000 10000 10000 10000 10000 10000 10000 
564 1128 987 10000 10000 395 367 10000 311 
578 10000 10000 10000 10000 10000 10000 347 318 
578 10000 10000 10000 10000 405 10000 347 318 
578 1156 10000 867 723 405 10000 347 318 
578 10000 10000 867 10000 10000 10000 347 318 
578 1156 10000 10000 10000 405 10000 10000 10000 
578 10000 10000 10000 10000 10000 10000 10000 10000 
578 10000 10000 10000 723 405 376 10000 318 
578 10000 10000 10000 10000 10000 376 347 10000 
578 10000 10000 10000 723 10000 10000 10000 318 
578 10000 1012 10000 10000 405 376 10000 10000 
578 10000 10000 10000 10000 10000 10000 10000 10000 
578 10000 1012 867 723 10000 376 347 318 
578 10000 1012 10000 10000 405 376 347 10000 
578 10000 10000 10000 723 10000 10000 10000 318 
578 10000 10000 10000 723 10000 10000 347 318 
578 1156 10000 867 10000 405 10000 347 10000 
578 10000 1012 10000 10000 10000 376 10000 10000 
578 10000 10000 10000 10000 10000 10000 347 10000 
578 10000 1012 867 723 405 376 347 318 
467 10000 10000 10000 10000 10000 304 10000 257 
887 10000 10000 10000 10000 10000 10000 533 10000 
396 792 10000 10000 10000 278 10000 238 218 
1296 10000 10000 10000 1620 10000 843 10000 713 
1100 10000 10000 1650 10000 10000 10000 660 605 
2543 10000 10000 10000 10000 1781 10000 10000 10000 
764 10000 10000 1146 10000 10000 497 459 10000 
357 10000 10000 10000 10000 250 10000 10000 197 
701 1402 1227 10000 10000 491 456 421 386 
1164 10000 10000 10000 10000 10000 10000 10000 641 
286 572 10000 10000 10000 201 186 10000 10000 
2100 10000 3675 10000 10000 10000 1365 10000 10000 
450 10000 788 675 563 10000 293 270 248 
1300 10000 10000 10000 1625 10000 10000 10000 715 
3691 10000 10000 5537 10000 2584 10000 2215 2031 
