83
3
4
9.28
15.07
19.33
19.21
113
1 2
2 3
2 4
2 5
3 6
4 6
4 7
5 8
6 9
6 10
7 11
8 77
8 78
9 12
10 13
10 14
10 25
11 15
12 16
13 17
13 18
13 20
14 19
15 20
15 39
16 77
16 78
17 21
17 22
17 28
18 23
19 24
20 26
21 27
22 27
23 74
24 28
24 29
25 32
26 74
27 69
28 32
29 30
30 31
31 39
32 33
32 34
32 35
32 36
33 37
34 77
34 78
35 77
35 78
36 38
36 39
37 40
38 41
39 42
39 43
39 44
39 75
40 77
40 78
41 45
42 77
42 78
43 77
43 78
44 46
45 47
46 48
47 49
48 50
49 69
50 51
51 52
52 53
53 54
54 55
55 56
56 57
57 58
58 59
59 60
60 61
61 62
62 63
63 64
64 65
65 66
66 67
67 68
68 74
68 75
69 70
69 71
70 72
71 73
72 73
73 74
73 75
74 76
75 76
76 77
76 78
77 79
78 79
79 80
79 81
80 82
81 83
82 83
1673 10000 10000 2510 10000 1172 10000 1004 10000 
985 1970 10000 10000 1232 690 641 10000 542 
1836 10000 10000 2754 10000 10000 10000 1102 10000 
973 10000 1703 1460 10000 10000 633 584 10000 
1700 10000 10000 10000 10000 10000 1105 10000 10000 
2881 10000 10000 4322 10000 10000 10000 1729 10000 
2231 10000 3905 10000 2789 10000 1451 10000 1228 
1040 10000 10000 10000 10000 10000 10000 10000 572 
1793 10000 10000 10000 2242 10000 10000 1076 987 
1250 2500 10000 1875 10000 875 10000 750 10000 
700 10000 10000 10000 10000 10000 10000 420 385 
464 10000 10000 10000 10000 325 302 10000 10000 
500 10000 10000 750 10000 10000 325 300 275 
1133 10000 10000 10000 10000 10000 10000 10000 10000 
577 10000 10000 10000 722 404 10000 10000 318 
483 10000 846 10000 10000 10000 314 10000 10000 
880 10000 10000 10000 1100 10000 10000 528 484 
667 10000 10000 10000 10000 10000 434 10000 10000 
600 10000 10000 10000 10000 420 10000 10000 10000 
233 10000 10000 10000 10000 10000 10000 10000 129 
408 10000 10000 10000 10000 10000 10000 245 10000 
847 10000 10000 10000 10000 593 10000 10000 10000 
767 10000 10000 1151 10000 10000 499 461 10000 
850 10000 10000 10000 10000 10000 10000 510 468 
780 1560 10000 10000 10000 546 10000 10000 429 
912 10000 10000 1368 10000 10000 10000 548 10000 
748 10000 1309 1122 10000 10000 487 449 10000 
1863 10000 10000 10000 10000 1305 10000 10000 1025 
714 10000 10000 10000 893 10000 10000 10000 393 
1004 10000 1757 1506 10000 10000 653 603 10000 
713 10000 10000 10000 10000 500 10000 428 393 
642 1284 10000 10000 10000 450 10000 386 354 
629 1258 10000 10000 10000 441 409 378 10000 
1234 10000 10000 10000 10000 864 10000 10000 679 
1143 10000 10000 10000 10000 10000 743 686 629 
1266 10000 10000 10000 10000 10000 10000 10000 697 
792 10000 10000 10000 990 10000 515 10000 436 
1251 10000 10000 10000 10000 876 10000 751 10000 
1310 10000 10000 10000 10000 10000 10000 10000 10000 
663 10000 10000 10000 10000 465 431 10000 10000 
494 10000 10000 741 10000 10000 10000 297 272 
1288 10000 2254 1932 1610 10000 838 773 709 
792 10000 10000 1188 10000 555 10000 476 10000 
578 10000 1012 10000 723 10000 376 10000 318 
594 10000 1040 10000 10000 10000 387 357 10000 
578 10000 1012 10000 10000 10000 376 10000 10000 
622 1244 10000 933 10000 436 10000 374 10000 
578 10000 10000 10000 723 10000 376 347 318 
564 10000 10000 10000 10000 10000 367 339 311 
578 10000 1012 10000 10000 10000 376 10000 10000 
578 1156 10000 10000 10000 405 376 10000 318 
578 10000 10000 10000 10000 10000 376 10000 10000 
578 10000 10000 10000 10000 10000 10000 10000 10000 
578 10000 1012 10000 723 405 376 10000 318 
578 10000 10000 10000 10000 405 10000 10000 10000 
578 10000 10000 10000 10000 405 10000 347 10000 
578 10000 10000 867 10000 405 10000 347 318 
578 10000 10000 10000 723 405 10000 347 318 
578 10000 10000 10000 723 10000 10000 10000 318 
578 10000 10000 867 10000 405 376 347 318 
578 10000 1012 10000 10000 10000 376 10000 10000 
578 10000 10000 867 10000 10000 10000 347 10000 
578 10000 10000 10000 10000 10000 10000 347 318 
578 10000 10000 10000 10000 10000 10000 347 318 
578 10000 10000 10000 10000 10000 10000 10000 318 
578 10000 1012 867 10000 10000 376 347 318 
578 10000 1012 10000 10000 10000 376 10000 10000 
578 10000 1012 867 10000 10000 376 347 10000 
467 10000 10000 10000 10000 10000 10000 281 257 
887 10000 10000 10000 10000 10000 10000 533 10000 
396 792 10000 10000 10000 278 10000 10000 218 
1296 10000 10000 10000 10000 908 843 778 10000 
1100 10000 10000 10000 10000 10000 715 10000 605 
2543 10000 10000 3815 3179 10000 10000 1526 1399 
764 10000 10000 10000 10000 535 10000 459 10000 
357 10000 10000 536 10000 10000 233 215 197 
701 10000 10000 10000 10000 10000 10000 10000 10000 
1164 2328 10000 10000 1455 815 10000 10000 641 
286 10000 10000 10000 10000 10000 186 172 10000 
2100 10000 10000 10000 10000 10000 10000 1260 1155 
450 10000 10000 10000 10000 10000 293 10000 10000 
1300 10000 2275 10000 10000 10000 845 10000 715 
3691 10000 6460 10000 4614 10000 2400 2215 2031 
