83
15
4
10.10
13.88
20.24
22.79
113
1 2
2 3
2 4
2 5
3 6
4 6
4 7
5 8
6 9
6 10
7 11
8 77
8 78
9 12
10 13
10 14
10 25
11 15
12 16
13 17
13 18
13 20
14 19
15 20
15 39
16 77
16 78
17 21
17 22
17 28
18 23
19 24
20 26
21 27
22 27
23 74
24 28
24 29
25 32
26 74
27 69
28 32
29 30
30 31
31 39
32 33
32 34
32 35
32 36
33 37
34 77
34 78
35 77
35 78
36 38
36 39
37 40
38 41
39 42
39 43
39 44
39 75
40 77
40 78
41 45
42 77
42 78
43 77
43 78
44 46
45 47
46 48
47 49
48 50
49 69
50 51
51 52
52 53
53 54
54 55
55 56
56 57
57 58
58 59
59 60
60 61
61 62
62 63
63 64
64 65
65 66
66 67
67 68
68 74
68 75
69 70
69 71
70 72
71 73
72 73
73 74
73 75
74 76
75 76
76 77
76 78
77 79
78 79
79 80
79 81
80 82
81 83
82 83
1673 10000 10000 2510 10000 1172 10000 1004 921 
985 10000 10000 10000 1232 10000 10000 591 542 
1836 10000 10000 2754 10000 10000 10000 1102 1010 
973 10000 10000 10000 10000 682 633 10000 10000 
1700 10000 10000 10000 10000 10000 1105 10000 935 
2881 10000 10000 10000 3602 10000 10000 10000 1585 
2231 10000 10000 10000 10000 10000 10000 10000 10000 
1040 2080 1820 1560 10000 728 676 624 10000 
1793 10000 10000 10000 10000 10000 1166 10000 10000 
1250 10000 2188 1875 10000 10000 813 750 10000 
700 10000 10000 1050 10000 490 10000 420 10000 
464 10000 10000 10000 10000 10000 302 279 10000 
500 10000 10000 10000 10000 10000 325 10000 10000 
1133 10000 10000 10000 1417 794 10000 10000 624 
577 10000 10000 10000 722 404 10000 347 318 
483 10000 10000 10000 604 10000 10000 10000 266 
880 1760 1540 10000 10000 616 572 10000 10000 
667 10000 10000 10000 10000 10000 10000 401 367 
600 10000 10000 900 10000 10000 10000 360 10000 
233 10000 10000 10000 10000 10000 10000 10000 10000 
408 10000 10000 10000 10000 286 10000 245 10000 
847 10000 10000 1271 10000 593 10000 509 466 
767 1534 10000 10000 10000 537 499 461 10000 
850 1700 1488 1275 10000 595 553 510 468 
780 10000 10000 10000 10000 10000 10000 10000 10000 
912 10000 10000 10000 10000 10000 593 10000 10000 
748 1496 10000 10000 10000 524 10000 449 10000 
1863 3726 10000 2795 10000 1305 10000 1118 10000 
714 1428 10000 10000 893 500 465 10000 393 
1004 10000 10000 10000 10000 703 10000 10000 10000 
713 1426 1248 10000 10000 500 464 10000 10000 
642 10000 10000 10000 10000 10000 418 10000 10000 
629 10000 1101 10000 10000 10000 409 10000 10000 
1234 2468 10000 1851 10000 864 803 741 10000 
1143 10000 10000 1715 10000 10000 10000 686 10000 
1266 10000 10000 1899 10000 10000 10000 760 10000 
792 10000 10000 10000 990 10000 10000 10000 436 
1251 10000 10000 1877 1564 10000 814 751 689 
1310 10000 10000 10000 1638 10000 852 10000 721 
663 10000 10000 10000 829 10000 10000 398 365 
494 10000 10000 741 618 10000 322 297 272 
1288 2576 2254 10000 10000 902 838 10000 709 
792 1584 10000 10000 10000 555 10000 10000 436 
578 10000 10000 867 723 10000 10000 347 318 
594 10000 10000 10000 10000 10000 387 10000 10000 
578 10000 10000 10000 10000 10000 10000 10000 318 
622 10000 10000 933 778 10000 10000 374 343 
578 10000 1012 10000 10000 405 376 347 10000 
564 1128 987 10000 10000 395 367 10000 311 
578 10000 1012 10000 723 405 376 347 318 
578 10000 1012 10000 10000 10000 376 10000 10000 
578 10000 10000 10000 10000 10000 10000 10000 10000 
578 10000 1012 10000 723 10000 376 10000 318 
578 10000 10000 10000 10000 10000 10000 10000 10000 
578 10000 1012 10000 723 10000 376 347 318 
578 10000 10000 10000 10000 10000 376 10000 10000 
578 10000 10000 10000 10000 10000 10000 347 10000 
578 10000 1012 10000 10000 10000 376 10000 10000 
578 10000 10000 10000 723 10000 10000 10000 318 
578 10000 10000 867 723 405 10000 347 318 
578 10000 1012 10000 10000 10000 376 10000 10000 
578 10000 10000 867 10000 10000 10000 347 10000 
578 10000 1012 10000 10000 10000 376 10000 10000 
578 1156 10000 10000 10000 405 10000 347 318 
578 10000 10000 10000 10000 10000 376 10000 10000 
578 10000 10000 10000 10000 10000 376 10000 318 
578 10000 10000 10000 10000 405 10000 10000 10000 
578 10000 10000 10000 10000 10000 376 10000 10000 
467 10000 818 10000 10000 10000 304 10000 257 
887 1774 1553 1331 10000 621 577 533 10000 
396 10000 693 10000 10000 10000 258 10000 10000 
1296 2592 10000 10000 10000 908 843 778 10000 
1100 2200 1925 10000 1375 770 715 10000 605 
2543 10000 10000 3815 10000 10000 1653 1526 1399 
764 10000 1337 10000 10000 10000 497 10000 421 
357 10000 10000 536 447 10000 233 215 197 
701 10000 10000 10000 10000 10000 10000 10000 10000 
1164 10000 10000 10000 10000 10000 10000 699 641 
286 10000 501 429 10000 10000 186 172 158 
2100 10000 10000 10000 10000 10000 10000 10000 10000 
450 10000 10000 10000 10000 10000 10000 270 10000 
1300 10000 10000 10000 1625 10000 845 10000 715 
3691 10000 10000 10000 10000 10000 2400 2215 2031 
