83
7
4
9.23
14.08
16.39
18.87
113
1 2
2 3
2 4
2 5
3 6
4 6
4 7
5 8
6 9
6 10
7 11
8 77
8 78
9 12
10 13
10 14
10 25
11 15
12 16
13 17
13 18
13 20
14 19
15 20
15 39
16 77
16 78
17 21
17 22
17 28
18 23
19 24
20 26
21 27
22 27
23 74
24 28
24 29
25 32
26 74
27 69
28 32
29 30
30 31
31 39
32 33
32 34
32 35
32 36
33 37
34 77
34 78
35 77
35 78
36 38
36 39
37 40
38 41
39 42
39 43
39 44
39 75
40 77
40 78
41 45
42 77
42 78
43 77
43 78
44 46
45 47
46 48
47 49
48 50
49 69
50 51
51 52
52 53
53 54
54 55
55 56
56 57
57 58
58 59
59 60
60 61
61 62
62 63
63 64
64 65
65 66
66 67
67 68
68 74
68 75
69 70
69 71
70 72
71 73
72 73
73 74
73 75
74 76
75 76
76 77
76 78
77 79
78 79
79 80
79 81
80 82
81 83
82 83
1673 10000 10000 10000 2092 1172 10000 1004 921 
985 1970 10000 10000 10000 690 10000 10000 542 
1836 10000 10000 10000 10000 10000 10000 10000 1010 
973 10000 10000 1460 1217 10000 633 584 536 
1700 10000 10000 2550 10000 10000 10000 1020 10000 
2881 10000 10000 10000 3602 10000 1873 10000 1585 
2231 10000 10000 10000 2789 1562 1451 1339 1228 
1040 10000 10000 10000 10000 10000 10000 10000 572 
1793 3586 10000 10000 10000 1256 10000 1076 987 
1250 10000 10000 10000 10000 10000 813 10000 10000 
700 10000 10000 1050 875 10000 455 420 385 
464 10000 10000 10000 580 10000 10000 279 256 
500 10000 10000 750 10000 10000 10000 300 10000 
1133 10000 1983 1700 10000 794 737 680 624 
577 10000 10000 10000 10000 10000 10000 10000 318 
483 10000 10000 10000 10000 10000 10000 10000 266 
880 10000 10000 10000 10000 10000 10000 528 10000 
667 1334 10000 10000 834 467 10000 401 367 
600 10000 10000 10000 10000 10000 390 360 330 
233 10000 10000 10000 292 164 152 10000 129 
408 816 10000 612 10000 286 266 245 225 
847 10000 10000 10000 10000 10000 10000 509 466 
767 10000 10000 1151 959 10000 10000 461 422 
850 1700 10000 1275 1063 595 10000 510 468 
780 10000 10000 10000 10000 10000 507 10000 10000 
912 10000 10000 1368 10000 10000 10000 548 10000 
748 10000 10000 10000 10000 10000 487 10000 412 
1863 10000 10000 10000 10000 1305 10000 1118 1025 
714 10000 10000 1071 10000 500 10000 429 10000 
1004 10000 10000 10000 1255 10000 10000 10000 553 
713 10000 10000 10000 10000 10000 10000 428 10000 
642 10000 10000 10000 10000 10000 10000 386 10000 
629 10000 10000 10000 10000 441 409 10000 10000 
1234 2468 10000 10000 10000 864 10000 10000 679 
1143 10000 10000 10000 1429 10000 743 10000 629 
1266 10000 10000 1899 10000 887 10000 760 697 
792 10000 10000 10000 10000 10000 10000 10000 436 
1251 10000 10000 10000 1564 10000 10000 10000 689 
1310 10000 10000 1965 10000 10000 10000 786 10000 
663 10000 10000 10000 10000 10000 10000 10000 10000 
494 10000 10000 10000 10000 10000 10000 10000 10000 
1288 10000 2254 10000 10000 10000 838 10000 10000 
792 10000 1386 10000 10000 555 515 476 436 
578 10000 10000 10000 723 10000 10000 347 318 
594 1188 1040 10000 10000 416 387 357 10000 
578 10000 10000 867 723 10000 10000 347 318 
622 1244 10000 10000 778 436 405 10000 343 
578 10000 1012 10000 723 10000 376 347 318 
564 10000 10000 10000 10000 10000 10000 339 10000 
578 10000 10000 10000 10000 10000 10000 347 318 
578 10000 10000 10000 10000 10000 10000 10000 318 
578 10000 10000 10000 10000 10000 376 347 10000 
578 10000 10000 867 10000 405 10000 347 10000 
578 10000 10000 10000 10000 10000 376 347 10000 
578 10000 10000 10000 10000 10000 376 347 10000 
578 10000 10000 10000 10000 405 10000 347 10000 
578 10000 10000 867 10000 10000 376 347 10000 
578 10000 10000 867 723 10000 376 347 318 
578 10000 10000 10000 10000 10000 10000 10000 318 
578 10000 10000 10000 10000 10000 376 10000 10000 
578 10000 10000 10000 10000 10000 10000 347 318 
578 1156 1012 10000 10000 405 376 10000 10000 
578 10000 10000 10000 10000 10000 10000 10000 318 
578 10000 10000 10000 723 405 10000 10000 318 
578 10000 10000 867 723 405 10000 347 318 
578 10000 1012 10000 10000 10000 376 347 10000 
578 10000 10000 10000 723 10000 10000 347 318 
578 10000 10000 10000 10000 405 376 10000 10000 
467 10000 10000 701 584 10000 10000 281 257 
887 10000 10000 10000 10000 10000 577 533 10000 
396 10000 10000 10000 495 278 258 10000 218 
1296 10000 2268 10000 1620 908 843 778 713 
1100 10000 10000 1650 1375 770 10000 660 605 
2543 10000 10000 10000 10000 10000 10000 1526 1399 
764 10000 10000 10000 955 10000 10000 10000 421 
357 10000 10000 10000 10000 250 233 10000 197 
701 1402 10000 1052 10000 491 10000 421 386 
1164 10000 10000 10000 10000 10000 10000 10000 641 
286 10000 10000 10000 10000 201 10000 172 158 
2100 10000 10000 3150 10000 10000 10000 1260 10000 
450 10000 10000 10000 10000 10000 10000 10000 248 
1300 10000 10000 10000 10000 10000 845 780 10000 
3691 7382 10000 5537 10000 2584 10000 2215 2031 
