83
13
4
10.24
15.24
20.04
24.76
113
1 2
2 3
2 4
2 5
3 6
4 6
4 7
5 8
6 9
6 10
7 11
8 77
8 78
9 12
10 13
10 14
10 25
11 15
12 16
13 17
13 18
13 20
14 19
15 20
15 39
16 77
16 78
17 21
17 22
17 28
18 23
19 24
20 26
21 27
22 27
23 74
24 28
24 29
25 32
26 74
27 69
28 32
29 30
30 31
31 39
32 33
32 34
32 35
32 36
33 37
34 77
34 78
35 77
35 78
36 38
36 39
37 40
38 41
39 42
39 43
39 44
39 75
40 77
40 78
41 45
42 77
42 78
43 77
43 78
44 46
45 47
46 48
47 49
48 50
49 69
50 51
51 52
52 53
53 54
54 55
55 56
56 57
57 58
58 59
59 60
60 61
61 62
62 63
63 64
64 65
65 66
66 67
67 68
68 74
68 75
69 70
69 71
70 72
71 73
72 73
73 74
73 75
74 76
75 76
76 77
76 78
77 79
78 79
79 80
79 81
80 82
81 83
82 83
1673 3346 2928 10000 10000 1172 1088 10000 921 
985 10000 10000 10000 10000 10000 10000 10000 10000 
1836 10000 10000 10000 2295 10000 10000 10000 1010 
973 10000 1703 1460 10000 682 633 584 10000 
1700 10000 10000 10000 10000 10000 10000 10000 935 
2881 10000 5042 10000 10000 10000 1873 10000 10000 
2231 10000 10000 10000 10000 10000 10000 10000 1228 
1040 2080 10000 10000 10000 728 10000 10000 572 
1793 3586 10000 10000 10000 1256 10000 10000 987 
1250 10000 10000 10000 1563 875 10000 10000 688 
700 1400 10000 10000 10000 490 10000 420 385 
464 10000 10000 10000 10000 10000 10000 279 10000 
500 1000 10000 10000 10000 350 325 300 10000 
1133 2266 10000 10000 10000 794 737 680 624 
577 1154 10000 10000 10000 404 10000 10000 318 
483 10000 10000 10000 10000 10000 10000 10000 10000 
880 10000 10000 1320 10000 10000 10000 528 10000 
667 10000 10000 1001 10000 467 10000 401 10000 
600 10000 1050 10000 750 420 390 10000 330 
233 10000 10000 350 10000 10000 10000 140 10000 
408 816 714 612 510 286 266 245 225 
847 10000 10000 1271 10000 593 10000 509 466 
767 10000 10000 10000 959 537 499 461 422 
850 10000 10000 10000 10000 595 10000 10000 468 
780 10000 10000 10000 10000 10000 507 10000 10000 
912 10000 10000 10000 10000 10000 10000 10000 10000 
748 10000 10000 10000 10000 10000 10000 449 412 
1863 10000 10000 10000 10000 10000 10000 1118 10000 
714 10000 10000 1071 893 10000 465 429 393 
1004 10000 1757 10000 10000 703 653 603 10000 
713 10000 1248 10000 892 10000 464 428 393 
642 10000 10000 10000 803 10000 10000 386 354 
629 1258 1101 10000 787 441 409 10000 346 
1234 10000 2160 10000 10000 10000 803 10000 679 
1143 10000 10000 10000 10000 10000 743 10000 10000 
1266 2532 2216 1899 10000 887 823 760 697 
792 1584 10000 10000 10000 555 10000 476 10000 
1251 10000 10000 10000 10000 10000 10000 10000 689 
1310 10000 10000 10000 1638 10000 852 10000 721 
663 10000 10000 10000 10000 10000 10000 398 10000 
494 10000 865 10000 10000 10000 322 297 10000 
1288 2576 10000 1932 10000 902 10000 773 10000 
792 10000 1386 10000 10000 10000 515 476 10000 
578 10000 10000 10000 10000 405 10000 347 10000 
594 1188 10000 10000 743 416 10000 10000 327 
578 10000 10000 10000 10000 10000 10000 10000 10000 
622 10000 10000 10000 10000 10000 405 374 10000 
578 10000 10000 10000 10000 10000 10000 10000 10000 
564 10000 10000 846 10000 10000 10000 339 10000 
578 1156 10000 10000 10000 405 376 347 318 
578 10000 10000 867 723 10000 10000 347 318 
578 10000 10000 10000 10000 10000 10000 347 318 
578 1156 10000 10000 10000 405 10000 347 10000 
578 10000 10000 10000 10000 10000 10000 347 318 
578 1156 10000 10000 723 405 10000 10000 318 
578 10000 1012 10000 10000 10000 376 347 318 
578 10000 10000 10000 723 405 10000 10000 318 
578 10000 10000 10000 10000 10000 376 347 318 
578 10000 10000 10000 10000 405 10000 10000 318 
578 10000 10000 867 10000 10000 10000 347 318 
578 10000 10000 10000 10000 10000 376 10000 10000 
578 10000 1012 10000 10000 10000 376 347 10000 
578 10000 10000 10000 10000 10000 10000 10000 10000 
578 10000 10000 10000 10000 10000 10000 347 10000 
578 1156 1012 10000 10000 405 376 347 318 
578 10000 10000 10000 10000 405 376 10000 10000 
578 10000 10000 10000 10000 405 10000 10000 318 
578 10000 1012 867 10000 10000 376 347 10000 
467 10000 10000 701 584 10000 10000 281 257 
887 10000 10000 10000 10000 10000 577 533 488 
396 10000 693 10000 10000 10000 258 10000 10000 
1296 10000 10000 1944 10000 10000 10000 778 10000 
1100 10000 10000 10000 1375 10000 10000 10000 605 
2543 10000 10000 10000 10000 10000 10000 1526 10000 
764 10000 10000 10000 10000 10000 10000 10000 10000 
357 10000 10000 10000 447 10000 10000 10000 197 
701 10000 10000 10000 10000 10000 10000 421 10000 
1164 10000 10000 10000 1455 10000 10000 699 641 
286 572 10000 429 10000 201 10000 172 10000 
2100 10000 10000 3150 10000 10000 1365 1260 1155 
450 10000 10000 10000 10000 10000 293 10000 10000 
1300 10000 10000 1950 10000 10000 10000 780 10000 
3691 7382 10000 10000 10000 2584 10000 10000 10000 
