83
12
4
10.17
13.31
17.29
19.70
113
1 2
2 3
2 4
2 5
3 6
4 6
4 7
5 8
6 9
6 10
7 11
8 77
8 78
9 12
10 13
10 14
10 25
11 15
12 16
13 17
13 18
13 20
14 19
15 20
15 39
16 77
16 78
17 21
17 22
17 28
18 23
19 24
20 26
21 27
22 27
23 74
24 28
24 29
25 32
26 74
27 69
28 32
29 30
30 31
31 39
32 33
32 34
32 35
32 36
33 37
34 77
34 78
35 77
35 78
36 38
36 39
37 40
38 41
39 42
39 43
39 44
39 75
40 77
40 78
41 45
42 77
42 78
43 77
43 78
44 46
45 47
46 48
47 49
48 50
49 69
50 51
51 52
52 53
53 54
54 55
55 56
56 57
57 58
58 59
59 60
60 61
61 62
62 63
63 64
64 65
65 66
66 67
67 68
68 74
68 75
69 70
69 71
70 72
71 73
72 73
73 74
73 75
74 76
75 76
76 77
76 78
77 79
78 79
79 80
79 81
80 82
81 83
82 83
1673 3346 10000 2510 10000 1172 10000 1004 921 
985 1970 1724 10000 1232 690 641 10000 542 
1836 10000 10000 2754 10000 1286 10000 1102 10000 
973 10000 10000 10000 10000 10000 10000 10000 10000 
1700 10000 2975 10000 10000 1190 1105 10000 10000 
2881 10000 10000 10000 10000 10000 10000 10000 1585 
2231 10000 10000 10000 2789 1562 10000 10000 1228 
1040 2080 10000 10000 1300 728 10000 10000 572 
1793 10000 10000 2690 10000 10000 1166 1076 10000 
1250 10000 10000 10000 10000 10000 10000 750 688 
700 10000 10000 10000 875 10000 455 10000 385 
464 10000 10000 10000 580 10000 10000 10000 256 
500 1000 10000 10000 10000 350 10000 10000 275 
1133 10000 10000 10000 10000 10000 10000 10000 10000 
577 10000 1010 10000 10000 10000 376 10000 318 
483 966 10000 10000 10000 339 314 10000 266 
880 10000 10000 10000 10000 616 572 528 10000 
667 10000 10000 1001 834 10000 10000 401 367 
600 10000 1050 10000 10000 10000 390 10000 10000 
233 466 408 10000 292 164 152 10000 129 
408 816 714 10000 10000 286 266 10000 225 
847 10000 1483 10000 1059 593 551 10000 466 
767 10000 1343 10000 10000 10000 499 461 10000 
850 10000 10000 1275 1063 595 10000 510 468 
780 10000 10000 1170 10000 546 10000 468 429 
912 10000 1596 10000 10000 10000 593 10000 10000 
748 10000 10000 1122 10000 10000 10000 449 10000 
1863 10000 10000 10000 10000 10000 10000 1118 10000 
714 10000 10000 10000 10000 10000 465 429 393 
1004 10000 10000 10000 10000 10000 10000 10000 553 
713 10000 10000 10000 10000 500 464 428 393 
642 10000 10000 10000 10000 10000 10000 386 10000 
629 10000 10000 10000 10000 10000 10000 378 346 
1234 10000 10000 10000 10000 10000 10000 10000 10000 
1143 10000 10000 10000 1429 801 743 10000 629 
1266 10000 2216 10000 10000 10000 823 10000 10000 
792 10000 10000 10000 10000 10000 10000 476 436 
1251 10000 10000 1877 10000 10000 10000 751 10000 
1310 10000 10000 1965 10000 917 852 786 10000 
663 10000 10000 10000 829 10000 10000 10000 365 
494 10000 10000 10000 618 10000 10000 10000 272 
1288 10000 10000 10000 10000 902 10000 773 10000 
792 10000 1386 10000 10000 10000 515 10000 436 
578 10000 10000 10000 10000 405 10000 10000 10000 
594 1188 10000 10000 10000 416 10000 357 327 
578 10000 10000 10000 10000 10000 10000 10000 318 
622 10000 10000 10000 10000 10000 405 10000 10000 
578 10000 1012 10000 10000 10000 376 10000 10000 
564 10000 10000 846 10000 10000 10000 339 311 
578 1156 1012 10000 10000 405 376 10000 318 
578 10000 10000 10000 10000 10000 376 10000 10000 
578 1156 10000 10000 723 405 376 10000 318 
578 10000 10000 10000 10000 10000 10000 347 318 
578 10000 10000 10000 10000 10000 10000 10000 318 
578 10000 1012 867 723 10000 376 347 318 
578 10000 1012 10000 10000 10000 376 10000 318 
578 1156 1012 10000 10000 405 376 347 318 
578 1156 10000 10000 10000 405 10000 10000 10000 
578 10000 10000 10000 10000 10000 10000 10000 10000 
578 1156 10000 10000 10000 405 376 10000 318 
578 10000 10000 10000 10000 10000 10000 347 10000 
578 10000 10000 10000 10000 10000 376 347 10000 
578 10000 1012 10000 10000 10000 376 347 10000 
578 10000 10000 10000 10000 405 10000 347 10000 
578 10000 1012 10000 10000 405 376 347 318 
578 10000 10000 10000 723 405 10000 10000 318 
578 10000 10000 867 10000 10000 10000 347 10000 
578 10000 1012 10000 10000 10000 376 10000 10000 
467 10000 10000 10000 584 10000 10000 281 257 
887 10000 10000 10000 10000 621 10000 10000 488 
396 10000 10000 594 10000 10000 10000 238 218 
1296 10000 10000 1944 10000 10000 843 778 10000 
1100 10000 10000 10000 10000 770 10000 10000 605 
2543 10000 10000 10000 10000 10000 10000 10000 10000 
764 10000 10000 10000 10000 535 10000 10000 10000 
357 10000 625 10000 447 10000 233 215 197 
701 10000 10000 10000 10000 10000 10000 10000 10000 
1164 2328 2037 10000 10000 815 757 10000 641 
286 10000 10000 10000 10000 10000 10000 172 10000 
2100 10000 10000 10000 10000 1470 10000 1260 1155 
450 10000 788 10000 10000 10000 293 10000 10000 
1300 10000 10000 1950 10000 910 10000 780 715 
3691 10000 10000 10000 10000 10000 10000 2215 10000 
