83
17
4
10.79
15.40
15.82
19.52
113
1 2
2 3
2 4
2 5
3 6
4 6
4 7
5 8
6 9
6 10
7 11
8 77
8 78
9 12
10 13
10 14
10 25
11 15
12 16
13 17
13 18
13 20
14 19
15 20
15 39
16 77
16 78
17 21
17 22
17 28
18 23
19 24
20 26
21 27
22 27
23 74
24 28
24 29
25 32
26 74
27 69
28 32
29 30
30 31
31 39
32 33
32 34
32 35
32 36
33 37
34 77
34 78
35 77
35 78
36 38
36 39
37 40
38 41
39 42
39 43
39 44
39 75
40 77
40 78
41 45
42 77
42 78
43 77
43 78
44 46
45 47
46 48
47 49
48 50
49 69
50 51
51 52
52 53
53 54
54 55
55 56
56 57
57 58
58 59
59 60
60 61
61 62
62 63
63 64
64 65
65 66
66 67
67 68
68 74
68 75
69 70
69 71
70 72
71 73
72 73
73 74
73 75
74 76
75 76
76 77
76 78
77 79
78 79
79 80
79 81
80 82
81 83
82 83
1673 10000 10000 2510 10000 10000 10000 1004 921 
985 10000 10000 10000 10000 10000 10000 591 10000 
1836 10000 3213 10000 10000 10000 1194 1102 1010 
973 10000 10000 10000 10000 10000 633 10000 10000 
1700 3400 2975 10000 10000 1190 1105 1020 10000 
2881 10000 10000 4322 3602 10000 10000 1729 1585 
2231 4462 10000 10000 10000 1562 10000 10000 1228 
1040 10000 10000 10000 10000 10000 10000 10000 10000 
1793 3586 10000 10000 10000 1256 10000 10000 10000 
1250 10000 10000 10000 10000 10000 813 10000 10000 
700 10000 10000 10000 875 10000 10000 420 385 
464 10000 10000 696 10000 10000 10000 279 256 
500 10000 10000 10000 625 10000 325 10000 275 
1133 10000 1983 10000 1417 10000 737 680 624 
577 10000 10000 10000 10000 10000 10000 10000 10000 
483 10000 10000 10000 10000 339 10000 10000 10000 
880 10000 10000 1320 10000 10000 10000 528 10000 
667 10000 10000 10000 834 10000 10000 10000 367 
600 10000 10000 900 10000 10000 10000 360 10000 
233 10000 408 10000 292 164 152 10000 129 
408 10000 714 10000 10000 286 266 10000 225 
847 10000 10000 1271 10000 10000 10000 509 466 
767 10000 10000 10000 10000 537 499 10000 422 
850 10000 10000 10000 1063 10000 10000 10000 468 
780 10000 10000 10000 975 10000 10000 10000 429 
912 10000 1596 10000 10000 639 593 10000 10000 
748 10000 10000 1122 10000 10000 487 449 10000 
1863 10000 10000 2795 10000 10000 10000 1118 1025 
714 10000 10000 10000 10000 10000 10000 429 10000 
1004 10000 10000 10000 10000 10000 653 603 10000 
713 10000 10000 10000 10000 10000 10000 10000 393 
642 10000 10000 10000 803 10000 10000 386 354 
629 10000 10000 10000 10000 10000 409 378 346 
1234 10000 10000 10000 10000 10000 10000 10000 679 
1143 2286 10000 10000 1429 801 10000 10000 629 
1266 2532 2216 10000 1583 887 823 760 697 
792 1584 10000 10000 10000 555 515 10000 436 
1251 10000 10000 1877 10000 10000 10000 751 10000 
1310 10000 2293 10000 10000 10000 852 786 10000 
663 10000 10000 10000 10000 10000 10000 10000 10000 
494 10000 10000 10000 618 10000 322 10000 272 
1288 10000 2254 10000 10000 902 838 773 709 
792 1584 10000 10000 10000 555 10000 476 10000 
578 10000 10000 10000 723 10000 376 347 318 
594 10000 10000 891 743 10000 387 357 327 
578 10000 1012 867 10000 10000 376 347 10000 
622 10000 10000 10000 10000 10000 405 10000 10000 
578 10000 10000 10000 10000 10000 10000 10000 318 
564 10000 10000 846 10000 10000 367 339 311 
578 10000 10000 10000 10000 10000 10000 347 318 
578 10000 1012 867 723 10000 376 347 318 
578 10000 10000 10000 10000 10000 376 10000 10000 
578 10000 10000 10000 723 10000 10000 10000 318 
578 10000 10000 10000 723 405 376 10000 318 
578 10000 10000 10000 10000 10000 10000 10000 10000 
578 10000 10000 10000 10000 405 10000 10000 318 
578 10000 10000 867 723 405 10000 347 318 
578 10000 10000 10000 10000 10000 376 10000 318 
578 1156 10000 10000 10000 405 10000 10000 10000 
578 1156 10000 10000 723 405 10000 10000 318 
578 1156 1012 867 10000 405 376 347 318 
578 10000 10000 10000 10000 10000 376 347 10000 
578 10000 1012 867 723 10000 376 347 318 
578 10000 10000 867 10000 405 376 347 10000 
578 10000 10000 10000 723 405 376 10000 318 
578 10000 10000 10000 10000 405 376 10000 10000 
578 10000 10000 10000 10000 10000 10000 10000 318 
578 10000 10000 10000 10000 405 10000 10000 10000 
467 934 10000 10000 10000 327 10000 281 257 
887 1774 10000 1331 10000 621 577 533 488 
396 10000 693 10000 495 10000 258 10000 218 
1296 10000 10000 10000 1620 908 843 778 713 
1100 10000 10000 10000 10000 10000 715 10000 605 
2543 10000 4451 10000 10000 10000 1653 1526 10000 
764 10000 1337 10000 10000 10000 497 459 421 
357 10000 10000 536 10000 250 233 215 197 
701 10000 1227 10000 10000 491 456 10000 386 
1164 10000 2037 10000 10000 10000 757 10000 10000 
286 10000 501 10000 10000 201 186 10000 10000 
2100 4200 10000 3150 10000 1470 1365 1260 10000 
450 10000 788 10000 10000 315 293 270 248 
1300 10000 10000 10000 10000 910 845 10000 715 
3691 10000 10000 10000 10000 10000 2400 2215 10000 
