83
21
4
9.78
13.52
17.13
21.06
113
1 2
2 3
2 4
2 5
3 6
4 6
4 7
5 8
6 9
6 10
7 11
8 77
8 78
9 12
10 13
10 14
10 25
11 15
12 16
13 17
13 18
13 20
14 19
15 20
15 39
16 77
16 78
17 21
17 22
17 28
18 23
19 24
20 26
21 27
22 27
23 74
24 28
24 29
25 32
26 74
27 69
28 32
29 30
30 31
31 39
32 33
32 34
32 35
32 36
33 37
34 77
34 78
35 77
35 78
36 38
36 39
37 40
38 41
39 42
39 43
39 44
39 75
40 77
40 78
41 45
42 77
42 78
43 77
43 78
44 46
45 47
46 48
47 49
48 50
49 69
50 51
51 52
52 53
53 54
54 55
55 56
56 57
57 58
58 59
59 60
60 61
61 62
62 63
63 64
64 65
65 66
66 67
67 68
68 74
68 75
69 70
69 71
70 72
71 73
72 73
73 74
73 75
74 76
75 76
76 77
76 78
77 79
78 79
79 80
79 81
80 82
81 83
82 83
1673 10000 10000 10000 10000 10000 10000 10000 10000 
985 10000 10000 10000 10000 690 641 10000 10000 
1836 10000 10000 2754 2295 10000 10000 1102 1010 
973 10000 10000 1460 1217 10000 10000 584 536 
1700 10000 10000 10000 2125 1190 10000 1020 935 
2881 10000 10000 10000 3602 10000 10000 10000 1585 
2231 4462 10000 3347 10000 1562 10000 1339 1228 
1040 10000 1820 10000 10000 10000 676 10000 572 
1793 10000 10000 2690 10000 10000 1166 1076 987 
1250 10000 10000 10000 10000 10000 813 10000 688 
700 1400 10000 1050 10000 490 10000 420 10000 
464 10000 10000 10000 10000 10000 10000 10000 10000 
500 10000 10000 10000 10000 350 10000 10000 10000 
1133 10000 10000 10000 10000 794 737 10000 10000 
577 10000 10000 10000 10000 404 10000 10000 10000 
483 966 10000 10000 10000 339 10000 290 10000 
880 10000 10000 10000 10000 616 10000 10000 484 
667 10000 10000 10000 10000 10000 10000 401 10000 
600 10000 10000 10000 10000 10000 10000 360 330 
233 466 10000 10000 10000 164 10000 10000 129 
408 10000 10000 612 10000 10000 10000 245 10000 
847 10000 10000 1271 10000 10000 551 509 466 
767 10000 10000 10000 959 537 10000 10000 422 
850 10000 10000 10000 10000 10000 10000 10000 468 
780 1560 10000 10000 10000 546 507 10000 10000 
912 1824 1596 10000 10000 639 593 10000 502 
748 10000 10000 10000 10000 524 10000 449 10000 
1863 10000 3261 10000 2329 10000 1211 1118 1025 
714 1428 10000 1071 10000 500 10000 429 393 
1004 10000 10000 10000 10000 10000 10000 10000 553 
713 10000 10000 10000 10000 10000 10000 428 10000 
642 1284 10000 10000 10000 450 10000 386 10000 
629 10000 1101 10000 10000 441 409 378 346 
1234 10000 10000 10000 10000 10000 803 10000 10000 
1143 10000 10000 10000 1429 10000 743 10000 629 
1266 10000 2216 1899 10000 10000 823 760 10000 
792 1584 1386 10000 10000 555 515 10000 436 
1251 10000 10000 10000 10000 10000 814 10000 689 
1310 10000 2293 10000 1638 10000 852 786 721 
663 10000 10000 10000 829 465 10000 10000 365 
494 10000 10000 741 10000 346 322 297 10000 
1288 10000 2254 10000 1610 902 838 10000 709 
792 10000 1386 10000 10000 10000 515 476 10000 
578 1156 10000 10000 10000 405 10000 10000 318 
594 10000 1040 10000 10000 10000 387 357 327 
578 10000 1012 867 10000 10000 376 347 318 
622 10000 10000 10000 10000 10000 405 10000 10000 
578 10000 1012 10000 10000 10000 376 10000 10000 
564 10000 10000 10000 10000 10000 10000 10000 311 
578 10000 10000 10000 10000 405 10000 10000 318 
578 10000 1012 10000 723 10000 376 347 318 
578 10000 10000 867 723 10000 10000 347 318 
578 10000 1012 10000 723 10000 376 10000 318 
578 10000 1012 867 10000 10000 376 347 318 
578 10000 1012 10000 10000 10000 376 10000 318 
578 10000 10000 10000 723 10000 10000 10000 318 
578 10000 10000 867 723 10000 10000 347 318 
578 1156 1012 10000 10000 405 376 10000 318 
578 10000 10000 867 10000 10000 376 347 318 
578 10000 10000 10000 10000 405 10000 347 10000 
578 1156 10000 10000 723 405 376 347 318 
578 10000 10000 10000 10000 405 10000 10000 318 
578 10000 10000 10000 10000 405 10000 347 318 
578 1156 10000 10000 723 405 10000 347 318 
578 1156 1012 10000 10000 405 376 347 318 
578 10000 10000 867 723 10000 10000 347 318 
578 10000 1012 10000 10000 10000 376 347 10000 
578 10000 1012 10000 10000 10000 376 347 10000 
467 10000 10000 10000 10000 10000 10000 10000 10000 
887 10000 1553 10000 10000 10000 577 10000 488 
396 10000 10000 594 10000 10000 10000 238 10000 
1296 10000 10000 10000 10000 10000 10000 10000 10000 
1100 10000 10000 1650 1375 10000 10000 660 605 
2543 10000 10000 3815 10000 10000 10000 1526 10000 
764 10000 10000 10000 955 10000 497 10000 421 
357 10000 10000 10000 10000 10000 233 215 10000 
701 10000 10000 1052 10000 10000 10000 421 386 
1164 2328 10000 10000 1455 815 10000 10000 641 
286 10000 501 10000 358 10000 186 10000 158 
2100 10000 3675 10000 2625 10000 1365 1260 1155 
450 900 10000 675 10000 315 293 270 10000 
1300 10000 10000 10000 1625 910 10000 10000 715 
3691 10000 10000 5537 10000 10000 10000 2215 10000 
