83
20
4
9.81
13.34
17.71
19.24
113
1 2
2 3
2 4
2 5
3 6
4 6
4 7
5 8
6 9
6 10
7 11
8 77
8 78
9 12
10 13
10 14
10 25
11 15
12 16
13 17
13 18
13 20
14 19
15 20
15 39
16 77
16 78
17 21
17 22
17 28
18 23
19 24
20 26
21 27
22 27
23 74
24 28
24 29
25 32
26 74
27 69
28 32
29 30
30 31
31 39
32 33
32 34
32 35
32 36
33 37
34 77
34 78
35 77
35 78
36 38
36 39
37 40
38 41
39 42
39 43
39 44
39 75
40 77
40 78
41 45
42 77
42 78
43 77
43 78
44 46
45 47
46 48
47 49
48 50
49 69
50 51
51 52
52 53
53 54
54 55
55 56
56 57
57 58
58 59
59 60
60 61
61 62
62 63
63 64
64 65
65 66
66 67
67 68
68 74
68 75
69 70
69 71
70 72
71 73
72 73
73 74
73 75
74 76
75 76
76 77
76 78
77 79
78 79
79 80
79 81
80 82
81 83
82 83
1673 10000 10000 10000 10000 10000 10000 10000 10000 
985 10000 10000 10000 10000 10000 641 591 10000 
1836 10000 10000 10000 10000 10000 1194 1102 10000 
973 10000 10000 10000 10000 682 633 10000 536 
1700 10000 10000 10000 2125 10000 10000 10000 935 
2881 10000 5042 10000 3602 10000 1873 10000 1585 
2231 10000 10000 10000 10000 1562 10000 10000 10000 
1040 10000 10000 10000 10000 10000 10000 624 10000 
1793 10000 10000 10000 2242 1256 1166 10000 987 
1250 10000 10000 10000 10000 875 10000 10000 10000 
700 1400 10000 10000 875 490 10000 10000 385 
464 928 812 696 10000 325 302 279 256 
500 10000 10000 10000 10000 10000 10000 300 10000 
1133 10000 1983 10000 1417 794 737 10000 624 
577 10000 10000 866 10000 10000 376 347 10000 
483 10000 846 10000 10000 10000 314 290 266 
880 10000 1540 1320 10000 10000 572 528 10000 
667 10000 10000 10000 10000 10000 10000 401 10000 
600 1200 1050 10000 10000 420 390 10000 10000 
233 10000 10000 10000 10000 10000 10000 10000 129 
408 10000 10000 10000 510 286 10000 245 225 
847 1694 1483 10000 10000 593 551 10000 10000 
767 10000 1343 10000 959 10000 499 461 422 
850 10000 10000 1275 10000 10000 10000 510 10000 
780 10000 1365 1170 10000 10000 507 468 429 
912 10000 10000 10000 10000 10000 10000 10000 10000 
748 10000 10000 1122 10000 10000 487 449 412 
1863 10000 10000 10000 10000 10000 1211 10000 10000 
714 10000 10000 1071 10000 500 10000 429 393 
1004 10000 10000 10000 10000 10000 653 10000 553 
713 10000 1248 10000 10000 10000 464 428 10000 
642 1284 10000 963 10000 450 10000 386 354 
629 1258 10000 944 10000 441 10000 378 10000 
1234 2468 10000 10000 10000 864 10000 10000 10000 
1143 10000 10000 10000 1429 801 743 10000 629 
1266 2532 10000 10000 1583 887 10000 10000 697 
792 10000 1386 10000 10000 10000 515 10000 436 
1251 2502 10000 10000 10000 876 814 751 10000 
1310 10000 10000 1965 10000 10000 10000 786 721 
663 1326 10000 10000 829 465 431 398 365 
494 988 10000 741 10000 346 10000 297 272 
1288 10000 10000 1932 10000 10000 10000 773 10000 
792 10000 10000 10000 10000 10000 10000 10000 10000 
578 1156 10000 10000 723 405 10000 10000 318 
594 10000 1040 10000 10000 10000 387 357 10000 
578 10000 10000 867 10000 10000 10000 347 10000 
622 10000 10000 10000 10000 436 10000 374 10000 
578 10000 10000 867 10000 10000 376 347 10000 
564 10000 10000 10000 10000 395 10000 10000 311 
578 10000 10000 10000 10000 10000 376 10000 10000 
578 1156 10000 10000 10000 405 10000 10000 10000 
578 10000 10000 10000 10000 10000 376 347 318 
578 10000 10000 10000 10000 10000 10000 10000 318 
578 10000 1012 10000 10000 10000 376 10000 10000 
578 10000 1012 10000 10000 405 376 10000 318 
578 1156 1012 10000 10000 405 376 10000 10000 
578 1156 1012 867 10000 405 376 347 10000 
578 10000 10000 10000 10000 10000 10000 347 10000 
578 1156 10000 10000 723 405 376 10000 318 
578 1156 10000 10000 10000 405 10000 10000 318 
578 10000 1012 10000 10000 10000 376 10000 10000 
578 1156 10000 10000 10000 405 10000 10000 10000 
578 1156 10000 10000 10000 405 10000 347 10000 
578 10000 10000 10000 723 10000 10000 347 318 
578 10000 1012 10000 10000 10000 376 10000 10000 
578 1156 10000 10000 10000 405 376 10000 10000 
578 10000 10000 10000 10000 10000 376 10000 318 
578 10000 10000 10000 10000 10000 10000 10000 318 
467 10000 10000 10000 10000 10000 304 10000 10000 
887 10000 10000 1331 10000 10000 577 533 10000 
396 10000 693 10000 10000 10000 258 10000 10000 
1296 10000 10000 10000 1620 908 10000 10000 713 
1100 10000 10000 1650 10000 10000 715 660 605 
2543 10000 4451 10000 3179 10000 1653 10000 1399 
764 10000 10000 1146 10000 10000 10000 459 421 
357 10000 10000 10000 10000 10000 10000 10000 197 
701 1402 10000 10000 10000 491 10000 10000 10000 
1164 10000 10000 10000 1455 10000 10000 699 641 
286 10000 10000 10000 10000 201 10000 10000 10000 
2100 10000 10000 10000 10000 10000 10000 10000 10000 
450 10000 788 10000 10000 10000 293 270 10000 
1300 2600 10000 10000 10000 910 10000 10000 10000 
3691 7382 10000 10000 10000 2584 10000 10000 10000 
