89
4
4
9.86
12.91
19.22
21.01
118
1 2
2 3
3 4
4 5
4 6
4 7
4 8
4 9
5 10
6 11
7 12
8 18
9 18
10 14
11 12
12 13
13 14
14 15
14 16
15 17
16 54
17 18
18 19
18 20
19 22
20 21
20 28
21 54
22 23
23 24
24 25
25 26
25 27
25 29
26 37
27 33
28 29
29 31
30 54
31 32
32 33
33 34
34 35
35 36
35 37
36 38
37 38
38 39
39 40
39 41
39 42
39 43
40 44
41 53
42 53
43 45
44 52
45 46
46 47
47 48
47 49
49 50
50 51
51 52
52 53
53 68
53 69
53 70
53 71
54 55
55 56
56 57
57 58
57 59
57 60
57 61
57 62
57 63
57 64
57 65
57 66
58 67
59 67
60 67
61 67
62 67
63 67
64 67
65 67
66 67
67 73
68 72
69 72
70 72
71 73
72 78
72 80
73 74
74 75
74 76
75 77
76 81
77 78
78 79
79 81
80 81
80 87
81 82
81 84
81 85
82 83
83 86
84 86
85 86
86 87
86 89
87 88
87 89
28 10000 10000 10000 10000 20 10000 10000 16 
17 10000 10000 10000 10000 10000 10000 11 10000 
7 10000 10000 11 10000 10000 10000 5 10000 
10 20 10000 10000 10000 7 7 6 10000 
12 10000 10000 10000 10000 9 10000 10000 7 
16 10000 28 10000 10000 10000 11 10 10000 
13 10000 23 20 10000 10000 9 8 8 
8 10000 10000 10000 10000 10000 10000 5 10000 
13 10000 23 10000 10000 10 9 10000 8 
24 10000 10000 10000 10000 10000 10000 15 14 
16 10000 10000 10000 10000 10000 10000 10000 10000 
24 48 42 10000 10000 17 16 10000 10000 
12 10000 10000 10000 10000 10000 8 10000 7 
20 10000 10000 10000 10000 10000 13 10000 11 
22 10000 10000 10000 10000 10000 10000 10000 13 
22 10000 10000 10000 10000 10000 10000 14 10000 
22 10000 10000 10000 10000 10000 10000 14 10000 
47 10000 83 10000 10000 10000 31 29 26 
6 10000 10000 10000 8 10000 10000 10000 4 
12 24 10000 10000 15 9 10000 10000 7 
6 10000 10000 10000 10000 10000 10000 4 10000 
22 10000 10000 10000 10000 16 15 10000 13 
7 14 10000 10000 10000 5 10000 10000 4 
14 28 10000 21 18 10 10000 9 8 
68 136 10000 102 10000 48 45 41 10000 
15 10000 10000 10000 10000 11 10 10000 10000 
8 10000 10000 10000 10000 10000 6 5 5 
74 10000 10000 111 10000 10000 49 45 10000 
32 64 10000 10000 10000 23 10000 10000 18 
11 22 10000 10000 10000 8 10000 7 7 
18 10000 10000 27 10000 10000 12 11 10000 
15 10000 10000 10000 10000 10000 10000 9 10000 
42 10000 10000 63 53 30 10000 26 24 
27 10000 10000 10000 34 10000 18 10000 15 
38 10000 10000 10000 10000 10000 10000 10000 10000 
38 10000 10000 57 10000 10000 10000 23 10000 
26 52 46 10000 10000 19 17 16 15 
35 10000 10000 10000 10000 10000 10000 21 10000 
31 62 10000 10000 10000 22 21 10000 18 
8 10000 10000 10000 10000 10000 10000 10000 10000 
14 10000 10000 10000 10000 10000 10000 10000 10000 
8 10000 10000 10000 10000 10000 10000 5 10000 
8 10000 10000 10000 10000 10000 10000 10000 10000 
8 10000 10000 10000 10000 10000 10000 10000 5 
17 10000 10000 10000 10000 10000 10000 10000 10 
7 10000 10000 10000 10000 10000 10000 5 10000 
19 10000 10000 10000 10000 10000 10000 10000 10000 
12 10000 10000 10000 10000 10000 8 10000 10000 
24 10000 10000 36 10000 10000 16 15 14 
26 10000 46 39 10000 10000 17 16 10000 
22 10000 10000 10000 10000 10000 10000 10000 13 
14 10000 10000 21 10000 10000 10000 9 8 
27 10000 48 10000 10000 10000 18 10000 15 
60 10000 10000 10000 10000 10000 39 10000 10000 
4 10000 10000 10000 10000 3 10000 10000 10000 
2 10000 10000 10000 10000 10000 10000 10000 10000 
1 10000 10000 10000 2 10000 10000 10000 1 
9 10000 16 10000 10000 7 6 6 10000 
5 10000 10000 10000 7 10000 10000 10000 3 
6 10000 10000 10000 8 10000 10000 4 4 
7 10000 10000 11 9 10000 10000 5 4 
12 10000 10000 10000 10000 10000 8 10000 10000 
2 10000 10000 10000 10000 10000 10000 10000 10000 
11 10000 10000 10000 10000 10000 8 10000 10000 
14 10000 25 21 10000 10000 10 9 8 
6 12 10000 10000 10000 5 10000 10000 4 
21 10000 10000 32 27 10000 10000 13 12 
14 10000 10000 10000 10000 10000 10000 10000 10000 
1 10000 10000 10000 10000 10000 10000 10000 1 
6 10000 11 9 10000 10000 4 4 10000 
21 42 10000 10000 10000 15 10000 10000 12 
11 10000 10000 10000 10000 8 10000 10000 10000 
14 28 10000 10000 10000 10 10000 10000 8 
28 10000 49 10000 10000 10000 19 17 16 
12 10000 10000 10000 15 10000 8 10000 7 
11 10000 20 17 10000 10000 8 7 7 
30 10000 10000 10000 38 10000 10000 10000 17 
22 10000 10000 10000 10000 16 15 10000 10000 
14 28 10000 10000 18 10 10 10000 8 
31 62 10000 47 10000 22 21 19 18 
18 10000 10000 10000 10000 10000 10000 10000 10000 
16 10000 10000 24 10000 10000 10000 10 9 
7 14 10000 10000 9 5 5 10000 4 
38 10000 10000 10000 10000 10000 10000 10000 21 
8 16 10000 10000 10000 6 10000 10000 10000 
31 10000 10000 47 39 10000 10000 19 18 
29 10000 51 10000 37 10000 19 18 16 
12 10000 10000 10000 15 10000 10000 10000 7 
18 10000 10000 10000 10000 10000 10000 11 10 
