94
25
4
10.02
12.71
19.66
20.30
181
1 2
1 3
1 4
1 5
1 6
1 7
1 8
1 9
1 10
2 11
2 17
3 12
4 11
4 16
5 11
5 13
5 16
5 18
6 11
6 13
6 15
6 19
7 42
8 29
9 11
10 19
10 37
10 48
10 50
11 14
12 20
12 52
12 61
13 82
14 21
14 22
14 23
14 24
14 25
14 26
14 27
14 28
14 29
14 30
14 31
14 32
15 81
16 75
17 82
18 75
19 75
20 78
21 39
21 40
21 41
21 53
21 60
21 71
22 38
22 49
22 58
22 72
23 34
23 35
24 37
24 44
25 33
25 56
25 57
25 60
25 63
25 65
25 73
26 41
26 43
27 54
27 55
27 56
27 58
27 62
28 33
28 35
28 40
28 43
28 49
28 51
28 52
28 54
29 75
30 36
30 42
30 59
31 74
32 36
32 44
32 45
32 46
32 47
32 48
32 50
32 60
32 69
33 78
34 78
35 78
36 82
37 61
37 62
37 64
37 66
37 67
37 68
37 69
37 70
37 71
37 72
37 73
38 82
39 82
40 78
41 78
42 74
43 78
44 75
45 75
46 75
46 76
47 75
48 75
49 78
50 75
51 78
52 78
53 76
53 77
54 78
55 77
56 77
57 76
57 77
58 77
59 82
60 77
61 77
62 77
63 77
64 74
65 74
66 75
66 76
67 74
68 82
69 75
69 77
70 76
70 77
71 76
72 76
73 77
74 82
75 82
76 82
77 78
78 79
78 80
79 81
80 81
81 82
82 83
83 84
83 85
84 86
85 86
86 87
87 88
88 89
88 90
89 92
90 91
90 93
92 94
158 316 10000 10000 10000 111 103 10000 87 
42 84 74 10000 10000 30 28 10000 10000 
17 10000 10000 10000 22 10000 10000 10000 10 
24 10000 42 10000 30 10000 16 10000 14 
71 10000 10000 10000 10000 10000 10000 10000 40 
66 10000 10000 10000 10000 10000 43 40 10000 
50 10000 10000 10000 10000 10000 33 30 10000 
55 110 10000 10000 10000 39 10000 10000 10000 
30 10000 10000 10000 10000 10000 10000 10000 17 
28 56 10000 42 10000 20 10000 17 10000 
113 10000 10000 10000 10000 10000 10000 10000 10000 
114 10000 10000 10000 10000 10000 75 10000 10000 
57 10000 10000 10000 72 10000 10000 35 32 
65 10000 10000 98 82 46 10000 39 36 
15 30 10000 10000 19 11 10000 9 9 
11 22 10000 10000 14 8 10000 10000 7 
10 10000 10000 10000 10000 10000 7 10000 10000 
19 10000 10000 29 10000 14 10000 12 10000 
8 10000 10000 10000 10 10000 10000 10000 5 
17 10000 10000 10000 10000 10000 12 11 10 
57 10000 10000 10000 10000 10000 10000 10000 10000 
40 10000 10000 10000 10000 28 26 10000 22 
17 34 10000 10000 22 12 10000 10000 10 
11 10000 20 10000 10000 10000 8 10000 7 
17 10000 30 10000 10000 10000 12 10000 10 
27 10000 48 10000 10000 19 18 17 10000 
17 10000 10000 10000 10000 10000 12 10000 10 
18 10000 32 10000 10000 10000 12 11 10000 
16 32 10000 10000 20 12 11 10 9 
18 10000 10000 27 10000 13 10000 11 10000 
50 10000 88 10000 10000 10000 33 10000 10000 
18 10000 10000 10000 10000 10000 10000 10000 10 
13 26 10000 20 17 10 10000 8 8 
21 10000 10000 32 10000 15 14 13 10000 
63 10000 10000 10000 10000 10000 41 38 35 
8 10000 14 10000 10000 10000 6 5 10000 
63 10000 10000 10000 79 10000 10000 10000 35 
9 18 10000 14 10000 7 6 6 10000 
20 10000 10000 30 10000 10000 10000 12 10000 
72 10000 10000 108 10000 10000 47 44 10000 
30 10000 10000 10000 10000 10000 20 10000 10000 
69 138 121 104 87 49 45 42 38 
27 54 10000 10000 34 19 18 10000 15 
9 10000 10000 10000 12 10000 10000 10000 5 
41 82 72 10000 10000 29 27 10000 23 
38 10000 67 10000 48 10000 25 10000 21 
76 10000 10000 114 10000 10000 10000 46 10000 
31 10000 10000 10000 10000 10000 10000 10000 18 
11 10000 10000 10000 14 10000 8 10000 7 
29 10000 10000 10000 10000 10000 19 10000 10000 
48 10000 10000 10000 10000 34 10000 29 27 
8 10000 10000 10000 10000 10000 6 5 10000 
171 10000 300 10000 10000 10000 112 103 10000 
48 96 10000 72 10000 34 10000 29 27 
43 10000 76 10000 10000 10000 28 10000 10000 
18 10000 10000 10000 23 10000 12 11 10 
94 10000 165 10000 10000 66 62 57 10000 
9 10000 10000 10000 10000 10000 6 10000 10000 
19 10000 10000 10000 10000 10000 10000 10000 11 
24 10000 10000 10000 10000 10000 16 10000 14 
8 10000 10000 12 10000 10000 10000 5 10000 
34 68 10000 51 10000 24 10000 21 19 
62 124 10000 10000 10000 44 10000 10000 10000 
12 10000 10000 10000 10000 9 10000 10000 10000 
8 10000 10000 10000 10 6 6 5 5 
47 10000 10000 10000 10000 10000 10000 10000 26 
27 10000 10000 10000 10000 10000 10000 17 15 
18 10000 32 10000 10000 10000 12 11 10 
52 10000 10000 10000 10000 10000 34 10000 29 
65 10000 10000 10000 10000 10000 43 39 10000 
72 10000 126 10000 10000 10000 47 10000 40 
51 10000 10000 10000 10000 10000 10000 31 29 
58 116 102 10000 10000 41 38 10000 10000 
53 10000 10000 10000 10000 10000 10000 10000 10000 
76 10000 133 10000 10000 54 50 10000 42 
93 10000 10000 10000 10000 10000 61 10000 10000 
86 10000 10000 10000 10000 61 10000 10000 10000 
76 10000 10000 10000 10000 10000 10000 10000 10000 
9 10000 10000 10000 10000 10000 10000 10000 10000 
14 10000 10000 10000 18 10 10000 10000 8 
55 110 10000 10000 10000 39 10000 10000 10000 
32 10000 10000 48 10000 10000 10000 20 10000 
22 10000 10000 10000 10000 10000 10000 10000 10000 
35 10000 62 10000 10000 10000 23 10000 10000 
63 126 111 10000 79 45 41 38 35 
59 10000 104 89 10000 10000 39 36 10000 
149 10000 10000 10000 10000 10000 10000 90 82 
40 10000 10000 10000 10000 10000 26 24 10000 
24 10000 10000 10000 10000 10000 10000 10000 14 
123 10000 216 10000 154 10000 80 74 68 
25 50 10000 10000 32 18 17 10000 14 
115 10000 10000 10000 10000 10000 10000 10000 10000 
103 10000 181 10000 129 10000 67 10000 57 
54 10000 95 81 10000 38 36 33 30 
